0 0.2860576923076923 0.30408653846153844 0.01201923076923077 0.018028846153846152
0 0.8990384615384616 0.18870192307692307 0.021634615384615384 0.039663461538461536
0 0.8569711538461539 0.23317307692307693 0.02403846153846154 0.037259615384615384
0 0.9891826923076923 0.18870192307692307 0.013221153846153846 0.042067307692307696
0 0.6021634615384616 0.28365384615384615 0.018028846153846152 0.03125
0 0.5588942307692307 0.28365384615384615 0.007211538461538462 0.016826923076923076
0 0.6526442307692307 0.2764423076923077 0.006009615384615385 0.008413461538461538
0 0.057692307692307696 0.3173076923076923 0.018028846153846152 0.026442307692307692
0 0.007211538461538462 0.31850961538461536 0.014423076923076924 0.030048076923076924
0 0.14783653846153846 0.3004807692307692 0.01201923076923077 0.025240384615384616
0 0.2704326923076923 0.2932692307692308 0.009615384615384616 0.016826923076923076
0 0.7427884615384616 0.20793269230769232 0.052884615384615384 0.0829326923076923
0 0.18028846153846154 0.27163461538461536 0.03365384615384615 0.056490384615384616
0 0.3088942307692308 0.28725961538461536 0.013221153846153846 0.027644230769230768
0 0.4110576923076923 0.28725961538461536 0.016826923076923076 0.026442307692307692
0 0.47716346153846156 0.2860576923076923 0.014423076923076924 0.030048076923076924
0 0.5 0.28365384615384615 0.01201923076923077 0.019230769230769232
0 0.24759615384615385 0.28725961538461536 0.006009615384615385 0.019230769230769232
0 0.359375 0.29086538461538464 0.008413461538461538 0.018028846153846152
0 0.5300480769230769 0.28365384615384615 0.007211538461538462 0.013221153846153846