0 0.5576923076923077 0.2920673076923077 0.06129807692307692 0.11057692307692307
0 0.8016826923076923 0.27524038461538464 0.042067307692307696 0.07451923076923077
0 0.4831730769230769 0.3545673076923077 0.016826923076923076 0.03245192307692308
0 0.24519230769230768 0.36177884615384615 0.02283653846153846 0.046875
0 0.19831730769230768 0.3641826923076923 0.020432692307692308 0.036057692307692304
0 0.1658653846153846 0.375 0.014423076923076924 0.03365384615384615
0 0.14302884615384615 0.37259615384615385 0.013221153846153846 0.02283653846153846
0 0.3245192307692308 0.3641826923076923 0.03365384615384615 0.056490384615384616
0 0.421875 0.3762019230769231 0.020432692307692308 0.03365384615384615
0 0.29447115384615385 0.3641826923076923 0.013221153846153846 0.02283653846153846
0 0.12259615384615384 0.36538461538461536 0.01201923076923077 0.020432692307692308
0 0.10216346153846154 0.375 0.007211538461538462 0.014423076923076924
0 0.21875 0.375 0.009615384615384616 0.020432692307692308
0 0.3545673076923077 0.36177884615384615 0.014423076923076924 0.030048076923076924
0 0.40625 0.36177884615384615 0.013221153846153846 0.02283653846153846
0 0.8485576923076923 0.35697115384615385 0.018028846153846152 0.03485576923076923
0 0.9711538461538461 0.3004807692307692 0.037259615384615384 0.06610576923076923
0 0.7379807692307693 0.36899038461538464 0.02403846153846154 0.04326923076923077
0 0.6959134615384616 0.3713942307692308 0.016826923076923076 0.030048076923076924
0 0.6826923076923077 0.3701923076923077 0.013221153846153846 0.025240384615384616
0 0.65625 0.35697115384615385 0.007211538461538462 0.013221153846153846
0 0.6670673076923077 0.35697115384615385 0.007211538461538462 0.014423076923076924
0 0.6358173076923077 0.3581730769230769 0.007211538461538462 0.014423076923076924
0 0.5829326923076923 0.3701923076923077 0.026442307692307692 0.04326923076923077
0 0.609375 0.37740384615384615 0.010817307692307692 0.018028846153846152
0 0.5048076923076923 0.36778846153846156 0.013221153846153846 0.02283653846153846
0 0.4519230769230769 0.36899038461538464 0.007211538461538462 0.01201923076923077
0 0.46875 0.3701923076923077 0.004807692307692308 0.008413461538461538
0 0.38461538461538464 0.3762019230769231 0.004807692307692308 0.007211538461538462