0 0.2860576923076923 0.29086538461538464 0.04447115384615385 0.09495192307692307
0 0.3473557692307692 0.29927884615384615 0.03365384615384615 0.0625
0 0.43990384615384615 0.3762019230769231 0.03125 0.04567307692307692
0 0.42427884615384615 0.3942307692307692 0.028846153846153848 0.04326923076923077
0 0.515625 0.23677884615384615 0.03365384615384615 0.051682692307692304
0 0.5913461538461539 0.15144230769230768 0.028846153846153848 0.046875
0 0.7103365384615384 0.12620192307692307 0.02403846153846154 0.036057692307692304
0 0.4579326923076923 0.6610576923076923 0.015625 0.030048076923076924
0 0.6310096153846154 0.6045673076923077 0.010817307692307692 0.019230769230769232
0 0.796875 0.5841346153846154 0.013221153846153846 0.020432692307692308
0 0.8088942307692307 0.5769230769230769 0.01201923076923077 0.020432692307692308
0 0.8689903846153846 0.5673076923076923 0.013221153846153846 0.02403846153846154
0 0.8870192307692307 0.5456730769230769 0.007211538461538462 0.013221153846153846
0 0.8942307692307693 0.5444711538461539 0.006009615384615385 0.015625
0 0.7367788461538461 0.5961538461538461 0.013221153846153846 0.026442307692307692
0 0.7247596153846154 0.6033653846153846 0.009615384615384616 0.02403846153846154
0 0.6754807692307693 0.5985576923076923 0.013221153846153846 0.026442307692307692
0 0.6911057692307693 0.5913461538461539 0.009615384615384616 0.016826923076923076
0 0.8100961538461539 0.6213942307692307 0.014423076923076924 0.028846153846153848
0 0.8257211538461539 0.5637019230769231 0.009615384615384616 0.019230769230769232
0 0.3389423076923077 0.6358173076923077 0.015625 0.03245192307692308
0 0.296875 0.6814903846153846 0.014423076923076924 0.020432692307692308
0 0.6466346153846154 0.7932692307692307 0.042067307692307696 0.09254807692307693
0 0.9086538461538461 0.7680288461538461 0.040865384615384616 0.11778846153846154
0 0.9759615384615384 0.7572115384615384 0.046875 0.15504807692307693
0 0.9098557692307693 0.5757211538461539 0.006009615384615385 0.013221153846153846
0 0.9206730769230769 0.5673076923076923 0.004807692307692308 0.010817307692307692
0 0.9206730769230769 0.5408653846153846 0.01201923076923077 0.014423076923076924
0 0.9350961538461539 0.5637019230769231 0.014423076923076924 0.026442307692307692
0 0.9483173076923077 0.5336538461538461 0.010817307692307692 0.016826923076923076
0 0.9675480769230769 0.5384615384615384 0.008413461538461538 0.010817307692307692
0 0.9819711538461539 0.5276442307692307 0.007211538461538462 0.01201923076923077
0 0.9711538461538461 0.5168269230769231 0.006009615384615385 0.007211538461538462
0 0.9951923076923077 0.53125 0.004807692307692308 0.010817307692307692
0 0.9639423076923077 0.6610576923076923 0.03365384615384615 0.09375
0 0.6862980769230769 0.008413461538461538 0.019230769230769232 0.016826923076923076
0 0.8173076923076923 0.5793269230769231 0.010817307692307692 0.020432692307692308