0 0.2848557692307692 0.7728365384615384 0.06971153846153846 0.1346153846153846
0 0.8713942307692307 0.5637019230769231 0.06971153846153846 0.10336538461538461
0 0.9627403846153846 0.4879807692307692 0.020432692307692308 0.03485576923076923
0 0.9302884615384616 0.46153846153846156 0.013221153846153846 0.028846153846153848
0 0.9158653846153846 0.4567307692307692 0.009615384615384616 0.019230769230769232
0 0.8834134615384616 0.4411057692307692 0.014423076923076924 0.019230769230769232
0 0.8305288461538461 0.4423076923076923 0.01201923076923077 0.016826923076923076
0 0.8377403846153846 0.46153846153846156 0.009615384615384616 0.018028846153846152
0 0.8161057692307693 0.4519230769230769 0.009615384615384616 0.018028846153846152
0 0.7860576923076923 0.46274038461538464 0.007211538461538462 0.015625
0 0.796875 0.4423076923076923 0.014423076923076924 0.02403846153846154
0 0.8064903846153846 0.4387019230769231 0.01201923076923077 0.030048076923076924
0 0.7524038461538461 0.4543269230769231 0.01201923076923077 0.025240384615384616
0 0.7235576923076923 0.4483173076923077 0.021634615384615384 0.036057692307692304
0 0.7019230769230769 0.4519230769230769 0.013221153846153846 0.025240384615384616
0 0.5757211538461539 0.4543269230769231 0.03245192307692308 0.04447115384615385
0 0.7463942307692307 0.4014423076923077 0.01201923076923077 0.020432692307692308
0 0.78125 0.43990384615384615 0.009615384615384616 0.02403846153846154
0 0.5180288461538461 0.4230769230769231 0.020432692307692308 0.042067307692307696
0 0.038461538461538464 0.4074519230769231 0.03485576923076923 0.08052884615384616
0 0.0889423076923077 0.5685096153846154 0.04447115384615385 0.07692307692307693
0 0.34375 0.4891826923076923 0.02283653846153846 0.051682692307692304
0 0.15745192307692307 0.3125 0.007211538461538462 0.015625
0 0.4266826923076923 0.4483173076923077 0.018028846153846152 0.036057692307692304
0 0.3233173076923077 0.4795673076923077 0.02403846153846154 0.04567307692307692
0 0.2608173076923077 0.59375 0.036057692307692304 0.042067307692307696
0 0.12259615384615384 0.5552884615384616 0.055288461538461536 0.08533653846153846
0 0.171875 0.4675480769230769 0.03365384615384615 0.04927884615384615