0 0.010817307692307692 0.9278846153846154 0.010817307692307692 0.019230769230769232
0 0.29086538461538464 0.3329326923076923 0.03485576923076923 0.04927884615384615
0 0.296875 0.9615384615384616 0.013221153846153846 0.026442307692307692
0 0.37259615384615385 0.9170673076923077 0.009615384615384616 0.020432692307692308
0 0.39903846153846156 0.9254807692307693 0.009615384615384616 0.018028846153846152
0 0.46153846153846156 0.9170673076923077 0.019230769230769232 0.038461538461538464
0 0.49399038461538464 0.9411057692307693 0.010817307692307692 0.021634615384615384
0 0.5300480769230769 0.9182692307692307 0.020432692307692308 0.038461538461538464
0 0.1875 0.8521634615384616 0.007211538461538462 0.010817307692307692
0 0.5997596153846154 0.9326923076923077 0.010817307692307692 0.019230769230769232
0 0.6322115384615384 0.9423076923076923 0.01201923076923077 0.021634615384615384
0 0.6754807692307693 0.9639423076923077 0.03365384615384615 0.057692307692307696
0 0.7019230769230769 0.921875 0.010817307692307692 0.025240384615384616
0 0.7728365384615384 0.9206730769230769 0.013221153846153846 0.025240384615384616
0 0.8173076923076923 0.9375 0.036057692307692304 0.06971153846153846
0 0.9038461538461539 0.9747596153846154 0.040865384615384616 0.042067307692307696
0 0.9771634615384616 0.9675480769230769 0.038461538461538464 0.0625
0 0.19831730769230768 0.8533653846153846 0.006009615384615385 0.01201923076923077
0 0.17427884615384615 0.8509615384615384 0.007211538461538462 0.014423076923076924
0 0.12980769230769232 0.8004807692307693 0.006009615384615385 0.01201923076923077
0 0.39783653846153844 0.796875 0.007211538461538462 0.01201923076923077
0 0.4423076923076923 0.8209134615384616 0.004807692307692308 0.010817307692307692
0 0.38221153846153844 0.8161057692307693 0.003605769230769231 0.007211538461538462
0 0.38341346153846156 0.8389423076923077 0.002403846153846154 0.007211538461538462
0 0.3641826923076923 0.8401442307692307 0.004807692307692308 0.01201923076923077
0 0.30649038461538464 0.8209134615384616 0.006009615384615385 0.014423076923076924
0 0.5264423076923077 0.8449519230769231 0.003605769230769231 0.010817307692307692
0 0.44591346153846156 0.8473557692307693 0.004807692307692308 0.01201923076923077
0 0.4891826923076923 0.8617788461538461 0.002403846153846154 0.010817307692307692
0 0.453125 0.8641826923076923 0.004807692307692308 0.007211538461538462
0 0.4387019230769231 0.8665865384615384 0.004807692307692308 0.010817307692307692
0 0.5072115384615384 0.8161057692307693 0.004807692307692308 0.010817307692307692
0 0.5733173076923077 0.8521634615384616 0.007211538461538462 0.01201923076923077
0 0.5769230769230769 0.8966346153846154 0.007211538461538462 0.01201923076923077
0 0.6117788461538461 0.8401442307692307 0.006009615384615385 0.01201923076923077
0 0.7235576923076923 0.9879807692307693 0.014423076923076924 0.019230769230769232
0 0.6935096153846154 0.8329326923076923 0.006009615384615385 0.01201923076923077
0 0.6826923076923077 0.7908653846153846 0.007211538461538462 0.015625
0 0.8786057692307693 0.8185096153846154 0.008413461538461538 0.014423076923076924
0 0.859375 0.8233173076923077 0.007211538461538462 0.015625
0 0.8389423076923077 0.8137019230769231 0.007211538461538462 0.013221153846153846
0 0.8269230769230769 0.8317307692307693 0.007211538461538462 0.010817307692307692
0 0.8016826923076923 0.8197115384615384 0.007211538461538462 0.010817307692307692
0 0.7824519230769231 0.8197115384615384 0.004807692307692308 0.010817307692307692
0 0.7740384615384616 0.8257211538461539 0.004807692307692308 0.01201923076923077
0 0.04807692307692308 0.84375 0.007211538461538462 0.018028846153846152
0 0.010817307692307692 0.84375 0.007211538461538462 0.01201923076923077
0 0.10336538461538461 0.9278846153846154 0.007211538461538462 0.014423076923076924
0 0.021634615384615384 0.9242788461538461 0.006009615384615385 0.01201923076923077
0 0.6826923076923077 0.8365384615384616 0.006009615384615385 0.01201923076923077
0 0.6358173076923077 0.8401442307692307 0.007211538461538462 0.010817307692307692
0 0.6550480769230769 0.8413461538461539 0.007211538461538462 0.010817307692307692