0 0.7992788461538461 0.5588942307692307 0.02403846153846154 0.039663461538461536
0 0.9242788461538461 0.5480769230769231 0.020432692307692308 0.03365384615384615
0 0.06490384615384616 0.6754807692307693 0.019230769230769232 0.026442307692307692
0 0.0889423076923077 0.6706730769230769 0.016826923076923076 0.025240384615384616
0 0.18990384615384615 0.6682692307692307 0.021634615384615384 0.028846153846153848
0 0.2692307692307692 0.6610576923076923 0.015625 0.030048076923076924
0 0.33052884615384615 0.6754807692307693 0.014423076923076924 0.026442307692307692
0 0.42427884615384615 0.6706730769230769 0.019230769230769232 0.026442307692307692
0 0.22355769230769232 0.6526442307692307 0.013221153846153846 0.019230769230769232
0 0.2920673076923077 0.6490384615384616 0.010817307692307692 0.015625
0 0.2848557692307692 0.6502403846153846 0.007211538461538462 0.014423076923076924
0 0.3605769230769231 0.6658653846153846 0.010817307692307692 0.015625
0 0.3762019230769231 0.6730769230769231 0.010817307692307692 0.018028846153846152
0 0.37259615384615385 0.6454326923076923 0.009615384615384616 0.013221153846153846
0 0.016826923076923076 0.65625 0.007211538461538462 0.015625
0 0.13581730769230768 0.6502403846153846 0.007211538461538462 0.013221153846153846
0 0.12620192307692307 0.65625 0.006009615384615385 0.008413461538461538
0 0.5216346153846154 0.6754807692307693 0.020432692307692308 0.03125
0 0.49278846153846156 0.6490384615384616 0.016826923076923076 0.027644230769230768
0 0.5456730769230769 0.671875 0.018028846153846152 0.02283653846153846
0 0.5889423076923077 0.6514423076923077 0.016826923076923076 0.02403846153846154
0 0.6057692307692307 0.6550480769230769 0.010817307692307692 0.018028846153846152
0 0.5793269230769231 0.65625 0.009615384615384616 0.016826923076923076
0 0.5096153846153846 0.6502403846153846 0.009615384615384616 0.014423076923076924
0 0.6298076923076923 0.6694711538461539 0.008413461538461538 0.013221153846153846
0 0.65625 0.6610576923076923 0.021634615384615384 0.027644230769230768
0 0.7319711538461539 0.6694711538461539 0.015625 0.021634615384615384
0 0.6875 0.65625 0.008413461538461538 0.013221153846153846
0 0.8533653846153846 0.6754807692307693 0.018028846153846152 0.02403846153846154
0 0.4014423076923077 0.6262019230769231 0.007211538461538462 0.01201923076923077
0 0.051682692307692304 0.65625 0.010817307692307692 0.015625
0 0.3016826923076923 0.6586538461538461 0.010817307692307692 0.01201923076923077
0 0.35697115384615385 0.6009615384615384 0.006009615384615385 0.008413461538461538
0 0.3954326923076923 0.6358173076923077 0.007211538461538462 0.010817307692307692
0 0.013221153846153846 0.6454326923076923 0.01201923076923077 0.013221153846153846
0 0.04326923076923077 0.6442307692307693 0.007211538461538462 0.010817307692307692
0 0.03365384615384615 0.6502403846153846 0.007211538461538462 0.013221153846153846
0 0.38341346153846156 0.6081730769230769 0.006009615384615385 0.008413461538461538
0 0.08052884615384616 0.6418269230769231 0.006009615384615385 0.006009615384615385