0 0.08173076923076923 0.28846153846153844 0.008413461538461538 0.013221153846153846
0 0.09975961538461539 0.32211538461538464 0.007211538461538462 0.016826923076923076
0 0.14543269230769232 0.3449519230769231 0.010817307692307692 0.015625
0 0.1875 0.2860576923076923 0.007211538461538462 0.01201923076923077
0 0.22596153846153846 0.4014423076923077 0.006009615384615385 0.010817307692307692
0 0.2403846153846154 0.34975961538461536 0.007211538461538462 0.014423076923076924
0 0.2247596153846154 0.29086538461538464 0.008413461538461538 0.010817307692307692
0 0.2776442307692308 0.2800480769230769 0.007211538461538462 0.015625
0 0.34134615384615385 0.22956730769230768 0.013221153846153846 0.042067307692307696
0 0.53125 0.3798076923076923 0.007211538461538462 0.013221153846153846
0 0.5600961538461539 0.2776442307692308 0.006009615384615385 0.013221153846153846
0 0.7163461538461539 0.25600961538461536 0.008413461538461538 0.04326923076923077
0 0.9807692307692307 0.3473557692307692 0.007211538461538462 0.013221153846153846
0 0.010817307692307692 0.2920673076923077 0.008413461538461538 0.019230769230769232
0 0.026442307692307692 0.29086538461538464 0.007211538461538462 0.007211538461538462
0 0.055288461538461536 0.3137019230769231 0.009615384615384616 0.018028846153846152
0 0.7836538461538461 0.29086538461538464 0.006009615384615385 0.013221153846153846
0 0.9471153846153846 0.3473557692307692 0.007211538461538462 0.009615384615384616
0 0.19951923076923078 0.3954326923076923 0.007211538461538462 0.013221153846153846
0 0.6346153846153846 0.2283653846153846 0.013221153846153846 0.04567307692307692