0 0.9074519230769231 0.6766826923076923 0.02403846153846154 0.05889423076923077
0 0.9278846153846154 0.5432692307692307 0.01201923076923077 0.018028846153846152
0 0.14302884615384615 0.5697115384615384 0.013221153846153846 0.016826923076923076
0 0.08533653846153846 0.5709134615384616 0.013221153846153846 0.016826923076923076
0 0.13581730769230768 0.609375 0.01201923076923077 0.027644230769230768
0 0.1502403846153846 0.7788461538461539 0.03365384615384615 0.08413461538461539
0 0.24879807692307693 0.6298076923076923 0.01201923076923077 0.036057692307692304
0 0.3125 0.6322115384615384 0.01201923076923077 0.03485576923076923
0 0.41466346153846156 0.6370192307692307 0.008413461538461538 0.03125
0 0.21875 0.5600961538461539 0.007211538461538462 0.01201923076923077
0 0.24278846153846154 0.5661057692307693 0.007211538461538462 0.01201923076923077
0 0.265625 0.5721153846153846 0.007211538461538462 0.01201923076923077
0 0.27403846153846156 0.546875 0.004807692307692308 0.009615384615384616
0 0.17427884615384615 0.5625 0.007211538461538462 0.013221153846153846
0 0.2956730769230769 0.5637019230769231 0.007211538461538462 0.010817307692307692
0 0.3293269230769231 0.5408653846153846 0.007211538461538462 0.014423076923076924
0 0.3713942307692308 0.5444711538461539 0.006009615384615385 0.009615384615384616
0 0.38461538461538464 0.5600961538461539 0.007211538461538462 0.013221153846153846
0 0.3918269230769231 0.5576923076923077 0.006009615384615385 0.01201923076923077
0 0.28725961538461536 0.5625 0.008413461538461538 0.014423076923076924
0 0.014423076923076924 0.5853365384615384 0.007211538461538462 0.016826923076923076
0 0.015625 0.5637019230769231 0.008413461538461538 0.016826923076923076
0 0.051682692307692304 0.5841346153846154 0.007211538461538462 0.018028846153846152
0 0.45072115384615385 0.5492788461538461 0.007211538461538462 0.01201923076923077
0 0.43990384615384615 0.5504807692307693 0.007211538461538462 0.009615384615384616
0 0.4230769230769231 0.7007211538461539 0.013221153846153846 0.037259615384615384
0 0.47475961538461536 0.5588942307692307 0.006009615384615385 0.010817307692307692
0 0.4579326923076923 0.5492788461538461 0.004807692307692308 0.009615384615384616
0 0.5204326923076923 0.5516826923076923 0.004807692307692308 0.008413461538461538
0 0.7980769230769231 0.5456730769230769 0.007211538461538462 0.014423076923076924
0 0.003605769230769231 0.5673076923076923 0.007211538461538462 0.013221153846153846
0 0.009615384615384616 0.6225961538461539 0.010817307692307692 0.028846153846153848
0 0.39783653846153844 0.5576923076923077 0.004807692307692308 0.01201923076923077
0 0.9014423076923077 0.5336538461538461 0.013221153846153846 0.019230769230769232
0 0.09735576923076923 0.5757211538461539 0.010817307692307692 0.015625
0 0.3701923076923077 0.5757211538461539 0.007211538461538462 0.013221153846153846