0 0.019230769230769232 0.23076923076923078 0.03365384615384615 0.06610576923076923
0 0.07692307692307693 0.28365384615384615 0.0829326923076923 0.13581730769230768
0 0.18028846153846154 0.2860576923076923 0.07692307692307693 0.12860576923076922
0 0.24759615384615385 0.27884615384615385 0.06009615384615385 0.11298076923076923
0 0.34615384615384615 0.25961538461538464 0.056490384615384616 0.10336538461538461
0 0.43990384615384615 0.31850961538461536 0.0625 0.11778846153846154
0 0.4795673076923077 0.234375 0.057692307692307696 0.09014423076923077
0 0.5516826923076923 0.296875 0.06490384615384616 0.12139423076923077
0 0.6334134615384616 0.23076923076923078 0.055288461538461536 0.0985576923076923
0 0.6201923076923077 0.38100961538461536 0.07692307692307693 0.12980769230769232
0 0.4951923076923077 0.49278846153846156 0.0733173076923077 0.125
0 0.34615384615384615 0.5480769230769231 0.08173076923076923 0.1466346153846154
0 0.15865384615384615 0.6850961538461539 0.08653846153846154 0.14302884615384615
0 0.31971153846153844 0.36538461538461536 0.06490384615384616 0.10817307692307693
0 0.27403846153846156 0.25961538461538464 0.039663461538461536 0.0673076923076923
0 0.7175480769230769 0.3473557692307692 0.06370192307692307 0.12379807692307693
0 0.7884615384615384 0.34975961538461536 0.0625 0.1141826923076923
0 0.8449519230769231 0.3425480769230769 0.051682692307692304 0.09735576923076923
0 0.8521634615384616 0.27163461538461536 0.05048076923076923 0.09014423076923077
0 0.9074519230769231 0.27163461538461536 0.06009615384615385 0.09375
0 0.9387019230769231 0.3954326923076923 0.06009615384615385 0.09975961538461539
0 0.7524038461538461 0.23798076923076922 0.019230769230769232 0.03365384615384615
0 0.9735576923076923 0.25600961538461536 0.008413461538461538 0.014423076923076924
0 0.9855769230769231 0.2704326923076923 0.002403846153846154 0.007211538461538462
0 0.8004807692307693 0.25 0.010817307692307692 0.040865384615384616