0 0.07211538461538461 0.23076923076923078 0.03365384615384615 0.052884615384615384
0 0.21634615384615385 0.3641826923076923 0.016826923076923076 0.028846153846153848
0 0.23677884615384615 0.421875 0.010817307692307692 0.02403846153846154
0 0.3317307692307692 0.2091346153846154 0.04326923076923077 0.07572115384615384
0 0.24639423076923078 0.26802884615384615 0.010817307692307692 0.021634615384615384
0 0.22716346153846154 0.328125 0.007211538461538462 0.015625
0 0.24879807692307693 0.23918269230769232 0.007211538461538462 0.020432692307692308
0 0.40865384615384615 0.21754807692307693 0.03365384615384615 0.04447115384615385
0 0.515625 0.22115384615384615 0.036057692307692304 0.06009615384615385
0 0.5576923076923077 0.21754807692307693 0.016826923076923076 0.042067307692307696
0 0.5913461538461539 0.3389423076923077 0.013221153846153846 0.038461538461538464
0 0.609375 0.42788461538461536 0.04807692307692308 0.08413461538461539
0 0.6237980769230769 0.25240384615384615 0.018028846153846152 0.026442307692307692
0 0.6490384615384616 0.2644230769230769 0.019230769230769232 0.03365384615384615
0 0.6358173076923077 0.1935096153846154 0.014423076923076924 0.039663461538461536
0 0.6682692307692307 0.20072115384615385 0.015625 0.03365384615384615
0 0.7007211538461539 0.18509615384615385 0.02283653846153846 0.040865384615384616
0 0.7211538461538461 0.18870192307692307 0.019230769230769232 0.038461538461538464
0 0.7367788461538461 0.1935096153846154 0.01201923076923077 0.036057692307692304
0 0.7740384615384616 0.2608173076923077 0.018028846153846152 0.042067307692307696
0 0.8016826923076923 0.19230769230769232 0.019230769230769232 0.042067307692307696
0 0.8209134615384616 0.19230769230769232 0.013221153846153846 0.04447115384615385
0 0.828125 0.27524038461538464 0.016826923076923076 0.040865384615384616
0 0.7896634615384616 0.3449519230769231 0.015625 0.028846153846153848
0 0.8305288461538461 0.3737980769230769 0.009615384615384616 0.03125
0 0.9182692307692307 0.35336538461538464 0.015625 0.036057692307692304
0 0.9326923076923077 0.23798076923076922 0.016826923076923076 0.03245192307692308
0 0.9591346153846154 0.2283653846153846 0.016826923076923076 0.03245192307692308
0 0.9747596153846154 0.21875 0.018028846153846152 0.03365384615384615
0 0.6802884615384616 0.21875 0.009615384615384616 0.03245192307692308
0 0.3629807692307692 0.45072115384615385 0.04927884615384615 0.06850961538461539
0 0.9963942307692307 0.3016826923076923 0.004807692307692308 0.028846153846153848