0 0.007211538461538462 0.40024038461538464 0.01201923076923077 0.030048076923076924
0 0.1045673076923077 0.3545673076923077 0.03245192307692308 0.040865384615384616
0 0.18509615384615385 0.4014423076923077 0.019230769230769232 0.03365384615384615
0 0.15384615384615385 0.40024038461538464 0.01201923076923077 0.021634615384615384
0 0.21394230769230768 0.3870192307692308 0.01201923076923077 0.02283653846153846
0 0.20432692307692307 0.4050480769230769 0.010817307692307692 0.025240384615384616
0 0.28725961538461536 0.3858173076923077 0.013221153846153846 0.03125
0 0.30408653846153844 0.38461538461538464 0.013221153846153846 0.019230769230769232
0 0.359375 0.37740384615384615 0.020432692307692308 0.03125
0 0.38221153846153844 0.3786057692307692 0.014423076923076924 0.02403846153846154
0 0.4375 0.38822115384615385 0.014423076923076924 0.02283653846153846
0 0.5024038461538461 0.390625 0.013221153846153846 0.025240384615384616
0 0.4795673076923077 0.3918269230769231 0.008413461538461538 0.016826923076923076
0 0.5889423076923077 0.3401442307692308 0.02403846153846154 0.05048076923076923
0 0.6598557692307693 0.3557692307692308 0.026442307692307692 0.04567307692307692
0 0.6875 0.33413461538461536 0.020432692307692308 0.040865384615384616
0 0.7451923076923077 0.3894230769230769 0.015625 0.030048076923076924
0 0.765625 0.375 0.013221153846153846 0.016826923076923076
0 0.7788461538461539 0.3798076923076923 0.013221153846153846 0.016826923076923076
0 0.9423076923076923 0.3581730769230769 0.038461538461538464 0.054086538461538464
0 0.41346153846153844 0.38822115384615385 0.006009615384615385 0.009615384615384616
0 0.2283653846153846 0.3245192307692308 0.008413461538461538 0.013221153846153846