0 0.578125 0.4795673076923077 0.007211538461538462 0.013221153846153846
0 0.5048076923076923 0.4795673076923077 0.007211538461538462 0.013221153846153846
0 0.49038461538461536 0.4831730769230769 0.006009615384615385 0.01201923076923077
0 0.8882211538461539 0.7692307692307693 0.019230769230769232 0.03245192307692308
0 0.9651442307692307 0.8521634615384616 0.06850961538461539 0.11778846153846154
0 0.9435096153846154 0.7163461538461539 0.009615384615384616 0.015625
0 0.9266826923076923 0.7295673076923077 0.013221153846153846 0.021634615384615384
0 0.6021634615384616 0.7439903846153846 0.007211538461538462 0.015625
0 0.5745192307692307 0.7644230769230769 0.010817307692307692 0.020432692307692308
0 0.5288461538461539 0.7944711538461539 0.018028846153846152 0.036057692307692304
0 0.5805288461538461 0.8197115384615384 0.021634615384615384 0.038461538461538464
0 0.5 0.6045673076923077 0.009615384615384616 0.015625
0 0.5552884615384616 0.7451923076923077 0.007211538461538462 0.014423076923076924
0 0.5408653846153846 0.7512019230769231 0.007211538461538462 0.014423076923076924
0 0.44471153846153844 0.7692307692307693 0.019230769230769232 0.037259615384615384
0 0.47596153846153844 0.8088942307692307 0.020432692307692308 0.039663461538461536
0 0.5072115384615384 0.7824519230769231 0.016826923076923076 0.03125
0 0.08052884615384616 0.8100961538461539 0.019230769230769232 0.042067307692307696
0 0.09134615384615384 0.7608173076923077 0.013221153846153846 0.021634615384615384
0 0.1141826923076923 0.7620192307692307 0.008413461538461538 0.013221153846153846
0 0.09014423076923077 0.7283653846153846 0.007211538461538462 0.014423076923076924
0 0.23557692307692307 0.8137019230769231 0.020432692307692308 0.04326923076923077
0 0.34975961538461536 0.7391826923076923 0.01201923076923077 0.021634615384615384
0 0.4074519230769231 0.7584134615384616 0.009615384615384616 0.020432692307692308
0 0.65625 0.9350961538461539 0.1045673076923077 0.12740384615384615
0 0.6262019230769231 0.7596153846153846 0.009615384615384616 0.016826923076923076
0 0.5925480769230769 0.7620192307692307 0.008413461538461538 0.014423076923076924