0 0.21875 0.3641826923076923 0.020432692307692308 0.046875
0 0.2848557692307692 0.35697115384615385 0.026442307692307692 0.04807692307692308
0 0.3557692307692308 0.36899038461538464 0.025240384615384616 0.04927884615384615
0 0.40625 0.34615384615384615 0.021634615384615384 0.04807692307692308
0 0.4735576923076923 0.3605769230769231 0.02403846153846154 0.046875
0 0.4639423076923077 0.4675480769230769 0.02403846153846154 0.046875
0 0.3918269230769231 0.4723557692307692 0.02403846153846154 0.052884615384615384
0 0.3137019230769231 0.4807692307692308 0.02403846153846154 0.04927884615384615
0 0.23076923076923078 0.4807692307692308 0.02403846153846154 0.051682692307692304
0 0.44471153846153844 0.5733173076923077 0.027644230769230768 0.0625
0 0.3762019230769231 0.5805288461538461 0.025240384615384616 0.0625
0 0.2860576923076923 0.5889423076923077 0.026442307692307692 0.05889423076923077
0 0.8016826923076923 0.3713942307692308 0.02403846153846154 0.054086538461538464
0 0.7776442307692307 0.48197115384615385 0.025240384615384616 0.04927884615384615
0 0.7091346153846154 0.59375 0.027644230769230768 0.06129807692307692
0 0.7235576923076923 0.36899038461538464 0.02403846153846154 0.04927884615384615
0 0.6682692307692307 0.48677884615384615 0.025240384615384616 0.04927884615384615
0 0.6286057692307693 0.5769230769230769 0.027644230769230768 0.055288461538461536
0 0.5276442307692307 0.5865384615384616 0.025240384615384616 0.055288461538461536
0 0.5985576923076923 0.49158653846153844 0.02283653846153846 0.051682692307692304
0 0.5360576923076923 0.4639423076923077 0.02403846153846154 0.051682692307692304
0 0.6586538461538461 0.36658653846153844 0.025240384615384616 0.052884615384615384
0 0.5961538461538461 0.3713942307692308 0.02403846153846154 0.04927884615384615
0 0.5324519230769231 0.3449519230769231 0.02283653846153846 0.051682692307692304