0 0.7151442307692307 0.5348557692307693 0.004807692307692308 0.018028846153846152
0 0.7536057692307693 0.5480769230769231 0.006009615384615385 0.013221153846153846
0 0.7475961538461539 0.5456730769230769 0.003605769230769231 0.01201923076923077
0 0.7920673076923077 0.5661057692307693 0.004807692307692308 0.01201923076923077
0 0.8918269230769231 0.5673076923076923 0.004807692307692308 0.01201923076923077
0 0.9230769230769231 0.5540865384615384 0.004807692307692308 0.015625
0 0.9543269230769231 0.5757211538461539 0.006009615384615385 0.01201923076923077
0 0.9975961538461539 0.4567307692307692 0.003605769230769231 0.020432692307692308
0 0.6322115384615384 0.5204326923076923 0.007211538461538462 0.020432692307692308
0 0.6033653846153846 0.484375 0.010817307692307692 0.028846153846153848
0 0.6754807692307693 0.49399038461538464 0.008413461538461538 0.02283653846153846
0 0.27163461538461536 0.4987980769230769 0.009615384615384616 0.021634615384615384
0 0.32211538461538464 0.4723557692307692 0.01201923076923077 0.03125
0 0.36778846153846156 0.5120192307692307 0.007211538461538462 0.019230769230769232
0 0.44471153846153844 0.41225961538461536 0.018028846153846152 0.042067307692307696
0 0.49038461538461536 0.5072115384615384 0.007211538461538462 0.019230769230769232
0 0.5072115384615384 0.5252403846153846 0.004807692307692308 0.014423076923076924
0 0.04927884615384615 0.4098557692307692 0.019230769230769232 0.038461538461538464
0 0.09495192307692307 0.5336538461538461 0.004807692307692308 0.010817307692307692
0 0.20072115384615385 0.5564903846153846 0.006009615384615385 0.010817307692307692