0 0.13221153846153846 0.28365384615384615 0.018028846153846152 0.026442307692307692
0 0.15865384615384615 0.2860576923076923 0.018028846153846152 0.030048076923076924
0 0.19110576923076922 0.296875 0.018028846153846152 0.03485576923076923
0 0.25721153846153844 0.24759615384615385 0.021634615384615384 0.038461538461538464
0 0.2824519230769231 0.2776442307692308 0.02403846153846154 0.042067307692307696
0 0.33413461538461536 0.23677884615384615 0.03125 0.055288461538461536
0 0.4014423076923077 0.2620192307692308 0.03245192307692308 0.06009615384615385
0 0.49278846153846156 0.2608173076923077 0.038461538461538464 0.07572115384615384
0 0.3701923076923077 0.2800480769230769 0.013221153846153846 0.018028846153846152
0 0.41947115384615385 0.25841346153846156 0.01201923076923077 0.026442307692307692
0 0.5288461538461539 0.2860576923076923 0.007211538461538462 0.018028846153846152
0 0.5733173076923077 0.26322115384615385 0.025240384615384616 0.03485576923076923
0 0.5901442307692307 0.27283653846153844 0.010817307692307692 0.020432692307692308
0 0.6394230769230769 0.21875 0.028846153846153848 0.037259615384615384
0 0.7331730769230769 0.21995192307692307 0.04807692307692308 0.0889423076923077
0 0.8269230769230769 0.18870192307692307 0.03125 0.057692307692307696
0 0.9026442307692307 0.21995192307692307 0.02403846153846154 0.04326923076923077
0 0.9891826923076923 0.20072115384615385 0.018028846153846152 0.046875
0 0.03485576923076923 0.29927884615384615 0.003605769230769231 0.009615384615384616
0 0.04447115384615385 0.30288461538461536 0.006009615384615385 0.010817307692307692