0 0.014423076923076924 0.1141826923076923 0.013221153846153846 0.02283653846153846
0 0.09495192307692307 0.078125 0.01201923076923077 0.021634615384615384
0 0.140625 0.09495192307692307 0.018028846153846152 0.026442307692307692
0 0.0673076923076923 0.13341346153846154 0.016826923076923076 0.02283653846153846
0 0.1201923076923077 0.17908653846153846 0.018028846153846152 0.026442307692307692
0 0.0889423076923077 0.19831730769230768 0.03365384615384615 0.036057692307692304
0 0.039663461538461536 0.20673076923076922 0.026442307692307692 0.03485576923076923
0 0.016826923076923076 0.16947115384615385 0.02403846153846154 0.03245192307692308
0 0.009615384615384616 0.27163461538461536 0.014423076923076924 0.042067307692307696
0 0.036057692307692304 0.35697115384615385 0.04447115384615385 0.051682692307692304
0 0.026442307692307692 0.45072115384615385 0.037259615384615384 0.054086538461538464
0 0.04447115384615385 0.59375 0.06850961538461539 0.0829326923076923
0 0.15625 0.5384615384615384 0.08533653846153846 0.11057692307692307
0 0.2439903846153846 0.5432692307692307 0.06610576923076923 0.05048076923076923
0 0.39903846153846156 0.4362980769230769 0.04927884615384615 0.08052884615384616
0 0.4855769230769231 0.4050480769230769 0.04927884615384615 0.08173076923076923
0 0.41466346153846156 0.34375 0.04807692307692308 0.05889423076923077
0 0.484375 0.34615384615384615 0.04567307692307692 0.0673076923076923
0 0.25961538461538464 0.3942307692307692 0.04807692307692308 0.07932692307692307
0 0.19831730769230768 0.25961538461538464 0.04807692307692308 0.07572115384615384
0 0.12259615384615384 0.23557692307692307 0.04447115384615385 0.0673076923076923
0 0.18629807692307693 0.1658653846153846 0.026442307692307692 0.038461538461538464
0 0.24759615384615385 0.19591346153846154 0.028846153846153848 0.038461538461538464
0 0.2824519230769231 0.18990384615384615 0.026442307692307692 0.03365384615384615
0 0.28966346153846156 0.22235576923076922 0.03245192307692308 0.051682692307692304
0 0.23677884615384615 0.11538461538461539 0.018028846153846152 0.02283653846153846
0 0.27884615384615385 0.10697115384615384 0.018028846153846152 0.025240384615384616
0 0.24639423076923078 0.07211538461538461 0.013221153846153846 0.009615384615384616
0 0.35697115384615385 0.15865384615384615 0.027644230769230768 0.038461538461538464
0 0.3389423076923077 0.14783653846153846 0.020432692307692308 0.026442307692307692
0 0.3942307692307692 0.22716346153846154 0.04807692307692308 0.052884615384615384
0 0.3858173076923077 0.3004807692307692 0.03365384615384615 0.051682692307692304
0 0.4495192307692308 0.2608173076923077 0.040865384615384616 0.04447115384615385
0 0.5324519230769231 0.27283653846153844 0.042067307692307696 0.05048076923076923
0 0.6069711538461539 0.3485576923076923 0.05048076923076923 0.0733173076923077
0 0.5985576923076923 0.21514423076923078 0.039663461538461536 0.054086538461538464
0 0.5084134615384616 0.18990384615384615 0.037259615384615384 0.04807692307692308
0 0.5492788461538461 0.14783653846153846 0.028846153846153848 0.039663461538461536
0 0.5985576923076923 0.14423076923076922 0.03365384615384615 0.04326923076923077
0 0.6730769230769231 0.18028846153846154 0.039663461538461536 0.0673076923076923
0 0.6682692307692307 0.10576923076923077 0.02283653846153846 0.038461538461538464
0 0.6322115384615384 0.1045673076923077 0.03125 0.037259615384615384
0 0.5709134615384616 0.08533653846153846 0.027644230769230768 0.03365384615384615
0 0.5360576923076923 0.09975961538461539 0.026442307692307692 0.038461538461538464
0 0.49759615384615385 0.11538461538461539 0.021634615384615384 0.030048076923076924
0 0.4735576923076923 0.0889423076923077 0.020432692307692308 0.030048076923076924
0 0.44711538461538464 0.09014423076923077 0.028846153846153848 0.036057692307692304
0 0.43509615384615385 0.14182692307692307 0.02403846153846154 0.03485576923076923
0 0.3870192307692308 0.125 0.021634615384615384 0.03245192307692308
0 0.4014423076923077 0.0889423076923077 0.015625 0.028846153846153848
0 0.3581730769230769 0.08052884615384616 0.02403846153846154 0.02283653846153846
0 0.43990384615384615 0.054086538461538464 0.021634615384615384 0.018028846153846152
0 0.5120192307692307 0.036057692307692304 0.013221153846153846 0.019230769230769232
0 0.6346153846153846 0.039663461538461536 0.01201923076923077 0.01201923076923077
0 0.6586538461538461 0.06850961538461539 0.02403846153846154 0.019230769230769232
0 0.7151442307692307 0.06370192307692307 0.018028846153846152 0.03125
0 0.6935096153846154 0.04447115384615385 0.018028846153846152 0.015625
0 0.8125 0.04807692307692308 0.014423076923076924 0.021634615384615384
0 0.8401442307692307 0.04927884615384615 0.019230769230769232 0.027644230769230768
0 0.8677884615384616 0.0733173076923077 0.021634615384615384 0.039663461538461536
0 0.9026442307692307 0.1141826923076923 0.03245192307692308 0.04447115384615385
0 0.8293269230769231 0.19471153846153846 0.04927884615384615 0.052884615384615384
0 0.7487980769230769 0.19591346153846154 0.04326923076923077 0.055288461538461536
0 0.7596153846153846 0.11538461538461539 0.038461538461538464 0.052884615384615384
0 0.7163461538461539 0.12139423076923077 0.03125 0.042067307692307696
0 0.6009615384615384 0.04447115384615385 0.009615384615384616 0.014423076923076924
0 0.7331730769230769 0.2932692307692308 0.040865384615384616 0.056490384615384616
0 0.7692307692307693 0.31009615384615385 0.03365384615384615 0.0733173076923077
0 0.7800480769230769 0.40024038461538464 0.06490384615384616 0.09495192307692307
0 0.9146634615384616 0.46153846153846156 0.06971153846153846 0.12139423076923077
0 0.9435096153846154 0.23677884615384615 0.051682692307692304 0.04567307692307692
0 0.9639423076923077 0.07692307692307693 0.030048076923076924 0.040865384615384616
0 0.9495192307692307 0.04326923076923077 0.028846153846153848 0.042067307692307696
0 0.984375 0.04807692307692308 0.020432692307692308 0.03125
0 0.9362980769230769 0.06009615384615385 0.025240384615384616 0.03125
0 0.8954326923076923 0.03365384615384615 0.020432692307692308 0.028846153846153848
0 0.921875 0.028846153846153848 0.025240384615384616 0.020432692307692308
0 0.7752403846153846 0.03125 0.020432692307692308 0.02403846153846154
0 0.5372596153846154 0.03365384615384615 0.019230769230769232 0.02283653846153846
0 0.1875 0.055288461538461536 0.007211538461538462 0.014423076923076924
0 0.20552884615384615 0.026442307692307692 0.007211538461538462 0.016826923076923076
0 0.2848557692307692 0.02403846153846154 0.015625 0.014423076923076924
0 0.9278846153846154 0.3701923076923077 0.0673076923076923 0.07572115384615384
0 0.8100961538461539 0.7007211538461539 0.11538461538461539 0.15504807692307693
0 0.6694711538461539 0.7451923076923077 0.03125 0.06490384615384616
0 0.5024038461538461 0.7836538461538461 0.038461538461538464 0.0889423076923077
0 0.5024038461538461 0.7223557692307693 0.036057692307692304 0.07211538461538461
0 0.8040865384615384 0.016826923076923076 0.018028846153846152 0.019230769230769232
0 0.6682692307692307 0.021634615384615384 0.020432692307692308 0.026442307692307692
0 0.6105769230769231 0.019230769230769232 0.019230769230769232 0.02283653846153846
0 0.59375 0.014423076923076924 0.01201923076923077 0.019230769230769232
0 0.39663461538461536 0.007211538461538462 0.01201923076923077 0.010817307692307692
0 0.8725961538461539 0.009615384615384616 0.015625 0.019230769230769232
0 0.8329326923076923 0.013221153846153846 0.016826923076923076 0.021634615384615384
0 0.7788461538461539 0.06850961538461539 0.018028846153846152 0.03245192307692308