0 0 0 0 0
0 0.03955078125 0.6365853658536585 0.0185546875 0.03048780487804878
0 0.1591796875 0.6329268292682927 0.01953125 0.03048780487804878
0 0.26904296875 0.6402439024390244 0.0185546875 0.026829268292682926
0 0.08447265625 0.5670731707317073 0.0185546875 0.02804878048780488
0 0.14111328125 0.5329268292682927 0.0185546875 0.02804878048780488
0 0.20556640625 0.5646341463414634 0.0185546875 0.02804878048780488
0 0.02392578125 0.6012195121951219 0.0126953125 0.026829268292682926
0 0.1923828125 0.4841463414634146 0.017578125 0.032926829268292684
0 0.25830078125 0.47560975609756095 0.0185546875 0.03170731707317073
0 0.31201171875 0.5670731707317073 0.0205078125 0.03536585365853658
0 0.30859375 0.4475609756097561 0.01953125 0.03048780487804878
0 0.38623046875 0.4317073170731707 0.0185546875 0.02804878048780488
0 0.39892578125 0.6414634146341464 0.0205078125 0.03048780487804878
0 0.4970703125 0.6414634146341464 0.01953125 0.02926829268292683
0 0.59912109375 0.6402439024390244 0.0185546875 0.02804878048780488
0 0.5439453125 0.5609756097560976 0.021484375 0.03170731707317073
0 0.443359375 0.5609756097560976 0.01953125 0.03048780487804878
0 0.498046875 0.49390243902439024 0.017578125 0.026829268292682926
0 0.669921875 0.5634146341463414 0.017578125 0.02926829268292683
0 0.8134765625 0.6439024390243903 0.017578125 0.02804878048780488
0 0.70703125 0.6451219512195122 0.017578125 0.02926829268292683
0 0.93115234375 0.651219512195122 0.0205078125 0.03170731707317073
0 0.873046875 0.5804878048780487 0.01953125 0.03048780487804878
0 0.90673828125 0.624390243902439 0.0166015625 0.02804878048780488
0 0.80029296875 0.5451219512195122 0.0185546875 0.02804878048780488
0 0.76123046875 0.5756097560975609 0.0166015625 0.02804878048780488
0 0.74609375 0.5048780487804878 0.017578125 0.025609756097560974
0 0.6953125 0.47560975609756095 0.017578125 0.02804878048780488
0 0.6484375 0.4402439024390244 0.017578125 0.03048780487804878
0 0.59326171875 0.4329268292682927 0.0205078125 0.02926829268292683
0 0.5400390625 0.3695121951219512 0.017578125 0.02804878048780488
0 0.48779296875 0.28536585365853656 0.0166015625 0.02804878048780488
0 0.4384765625 0.36585365853658536 0.017578125 0.026829268292682926
0 0.96044921875 0.4024390243902439 0.0107421875 0.018292682926829267
0 0.99462890625 0.39878048780487807 0.0068359375 0.01097560975609756
0 0.9794921875 0.3829268292682927 0.009765625 0.01097560975609756
0 0.92138671875 0.4121951219512195 0.0107421875 0.013414634146341463
0 0.96337890625 0.36585365853658536 0.0068359375 0.012195121951219513
0 0.89013671875 0.40853658536585363 0.0087890625 0.013414634146341463
0 0.88623046875 0.45975609756097563 0.0087890625 0.013414634146341463
0 0.87158203125 0.46463414634146344 0.0087890625 0.01707317073170732
0 0.84814453125 0.4609756097560976 0.0107421875 0.014634146341463415
0 0.8564453125 0.4573170731707317 0.0078125 0.014634146341463415
0 0.82470703125 0.46463414634146344 0.0107421875 0.014634146341463415
0 0.99560546875 0.3304878048780488 0.0068359375 0.01097560975609756
0 0.9814453125 0.3280487804878049 0.0078125 0.01097560975609756
0 0.96923828125 0.33902439024390246 0.0107421875 0.012195121951219513
0 0.97705078125 0.3207317073170732 0.0107421875 0.012195121951219513
0 0.98291015625 0.2951219512195122 0.0068359375 0.01097560975609756
0 0.98974609375 0.2890243902439024 0.0048828125 0.00975609756097561
0 0.9482421875 0.3182926829268293 0.005859375 0.01097560975609756
0 0.9375 0.32439024390243903 0.0078125 0.00853658536585366
0 0.91162109375 0.3402439024390244 0.0087890625 0.01097560975609756
0 0.98583984375 0.42317073170731706 0.0068359375 0.00853658536585366
0 0.908203125 0.3926829268292683 0.005859375 0.01097560975609756
0 0.87890625 0.37073170731707317 0.009765625 0.013414634146341463
0 0.89111328125 0.3426829268292683 0.0087890625 0.01097560975609756
0 0.90185546875 0.3439024390243902 0.0068359375 0.01097560975609756
0 0.833984375 0.4060975609756098 0.0078125 0.014634146341463415
0 0.83740234375 0.3804878048780488 0.0068359375 0.00975609756097561
0 0.87646484375 0.401219512195122 0.0087890625 0.013414634146341463
0 0.8330078125 0.3670731707317073 0.0078125 0.00975609756097561
0 0.8701171875 0.33902439024390246 0.0078125 0.013414634146341463
0 0.919921875 0.3097560975609756 0.009765625 0.012195121951219513
0 0.93701171875 0.29024390243902437 0.0068359375 0.012195121951219513
0 0.92626953125 0.28292682926829266 0.0068359375 0.01097560975609756
0 0.91796875 0.2682926829268293 0.0078125 0.012195121951219513
0 0.90966796875 0.27926829268292686 0.0068359375 0.00853658536585366
0 0.96630859375 0.2646341463414634 0.0087890625 0.012195121951219513
0 0.95166015625 0.2658536585365854 0.0048828125 0.00853658536585366
0 0.89111328125 0.3207317073170732 0.0087890625 0.014634146341463415
0 0.9052734375 0.325609756097561 0.0078125 0.01097560975609756
0 0.87158203125 0.3146341463414634 0.0068359375 0.00853658536585366
0 0.845703125 0.4378048780487805 0.005859375 0.012195121951219513
0 0.947265625 0.25121951219512195 0.0078125 0.01097560975609756
0 0.78076171875 0.48292682926829267 0.0146484375 0.01707317073170732
0 0.75927734375 0.47560975609756095 0.0107421875 0.018292682926829267
0 0.80908203125 0.4548780487804878 0.0107421875 0.01707317073170732
0 0.8046875 0.4121951219512195 0.009765625 0.015853658536585366
0 0.80712890625 0.38902439024390245 0.0107421875 0.013414634146341463
0 0.775390625 0.4060975609756098 0.009765625 0.014634146341463415
0 0.76318359375 0.3951219512195122 0.0087890625 0.014634146341463415
0 0.73828125 0.4024390243902439 0.01171875 0.01707317073170732
0 0.712890625 0.38658536585365855 0.0078125 0.01097560975609756
0 0.69677734375 0.3926829268292683 0.0087890625 0.013414634146341463
0 0.68896484375 0.39146341463414636 0.0087890625 0.01097560975609756
0 0.67333984375 0.39878048780487807 0.0068359375 0.01097560975609756
0 0.6923828125 0.4195121951219512 0.009765625 0.01707317073170732
0 0.6630859375 0.38902439024390245 0.009765625 0.015853658536585366
0 0.65380859375 0.4 0.0087890625 0.013414634146341463
0 0.6435546875 0.39390243902439026 0.0078125 0.014634146341463415
0 0.751953125 0.3719512195121951 0.0078125 0.01097560975609756
0 0.7412109375 0.36341463414634145 0.009765625 0.013414634146341463
0 0.74609375 0.3402439024390244 0.0078125 0.013414634146341463
0 0.79443359375 0.32682926829268294 0.0087890625 0.014634146341463415
0 0.77880859375 0.3426829268292683 0.0068359375 0.00853658536585366
0 0.763671875 0.34146341463414637 0.0078125 0.00975609756097561
0 0.75830078125 0.32926829268292684 0.0068359375 0.00975609756097561
0 0.77734375 0.32926829268292684 0.0078125 0.01097560975609756
0 0.81298828125 0.3378048780487805 0.0068359375 0.00975609756097561
0 0.82421875 0.32195121951219513 0.0078125 0.014634146341463415
0 0.83251953125 0.32682926829268294 0.0068359375 0.012195121951219513
0 0.85546875 0.3280487804878049 0.0078125 0.012195121951219513
0 0.85595703125 0.3146341463414634 0.0068359375 0.00975609756097561
0 0.72021484375 0.348780487804878 0.0087890625 0.01097560975609756
0 0.74462890625 0.325609756097561 0.0068359375 0.00975609756097561
0 0.77197265625 0.3073170731707317 0.0068359375 0.013414634146341463
0 0.62939453125 0.3829268292682927 0.0107421875 0.012195121951219513
0 0.61474609375 0.375609756097561 0.0087890625 0.01097560975609756
0 0.60498046875 0.375609756097561 0.0087890625 0.00975609756097561
0 0.57861328125 0.36097560975609755 0.0087890625 0.012195121951219513
0 0.55517578125 0.37073170731707317 0.0087890625 0.01097560975609756
0 0.63232421875 0.35853658536585364 0.0087890625 0.01097560975609756
0 0.65869140625 0.37073170731707317 0.0087890625 0.01097560975609756
0 0.646484375 0.37317073170731707 0.0078125 0.012195121951219513
0 0.6728515625 0.34146341463414637 0.0078125 0.00975609756097561
0 0.69091796875 0.32439024390243903 0.0087890625 0.013414634146341463
0 0.6689453125 0.3231707317073171 0.005859375 0.00975609756097561
0 0.6630859375 0.31585365853658537 0.0078125 0.01097560975609756
0 0.65673828125 0.30365853658536585 0.0068359375 0.00853658536585366
0 0.66796875 0.29634146341463413 0.0078125 0.00975609756097561
0 0.7041015625 0.3146341463414634 0.009765625 0.00975609756097561
0 0.734375 0.32926829268292684 0.01171875 0.014634146341463415
0 0.8134765625 0.3621951219512195 0.005859375 0.01097560975609756
0 0.59033203125 0.35121951219512193 0.0087890625 0.01097560975609756
0 0.6142578125 0.33170731707317075 0.005859375 0.00975609756097561
0 0.63037109375 0.3146341463414634 0.0068359375 0.01097560975609756
0 0.64453125 0.3 0.005859375 0.00975609756097561
0 0.65771484375 0.2939024390243902 0.0048828125 0.00975609756097561
0 0.55908203125 0.3280487804878049 0.0068359375 0.00853658536585366
0 0.5693359375 0.32195121951219513 0.0078125 0.00975609756097561
0 0.5986328125 0.32439024390243903 0.0078125 0.00853658536585366
0 0.59228515625 0.3195121951219512 0.0048828125 0.007317073170731708
0 0.59912109375 0.30365853658536585 0.0068359375 0.01097560975609756
0 0.625 0.2865853658536585 0.0078125 0.00975609756097561
0 0.57470703125 0.29878048780487804 0.0068359375 0.01097560975609756
0 0.57470703125 0.28536585365853656 0.0068359375 0.01097560975609756
0 0.56591796875 0.2914634146341463 0.0068359375 0.00975609756097561
0 0.75146484375 0.30121951219512194 0.0068359375 0.012195121951219513
0 0.74658203125 0.28536585365853656 0.0068359375 0.01097560975609756
0 0.7353515625 0.27439024390243905 0.005859375 0.00975609756097561
0 0.716796875 0.28536585365853656 0.005859375 0.00975609756097561
0 0.71533203125 0.3 0.0068359375 0.00975609756097561
0 0.728515625 0.3121951219512195 0.0078125 0.00975609756097561
0 0.84814453125 0.31341463414634146 0.0068359375 0.013414634146341463
0 0.84619140625 0.27195121951219514 0.0087890625 0.01097560975609756
0 0.8701171875 0.2573170731707317 0.005859375 0.01097560975609756
0 0.85693359375 0.24146341463414633 0.0068359375 0.00853658536585366
0 0.84619140625 0.24024390243902438 0.0048828125 0.00853658536585366
0 0.8857421875 0.2329268292682927 0.005859375 0.01097560975609756
0 0.86767578125 0.2146341463414634 0.0048828125 0.01097560975609756
0 0.8310546875 0.1975609756097561 0.005859375 0.007317073170731708
0 0.66015625 0.34146341463414637 0.0078125 0.00975609756097561
0 0.54736328125 0.29634146341463413 0.0068359375 0.00975609756097561
0 0.767578125 0.2646341463414634 0.005859375 0.00853658536585366
0 0.79931640625 0.2951219512195122 0.0068359375 0.00975609756097561
0 0.81591796875 0.29024390243902437 0.0068359375 0.012195121951219513
0 0.79150390625 0.2865853658536585 0.0068359375 0.01097560975609756
0 0.7939453125 0.2658536585365854 0.005859375 0.01097560975609756
0 0.74267578125 0.2280487804878049 0.0068359375 0.00975609756097561
0 0.76220703125 0.22073170731707317 0.0048828125 0.00853658536585366
0 0.7724609375 0.23170731707317074 0.005859375 0.00975609756097561
0 0.62060546875 0.25853658536585367 0.0068359375 0.01097560975609756
0 0.5615234375 0.25609756097560976 0.005859375 0.00975609756097561
0 0.54345703125 0.3170731707317073 0.0068359375 0.012195121951219513
0 0.6025390625 0.35121951219512193 0.005859375 0.012195121951219513
0 0.6103515625 0.3597560975609756 0.005859375 0.00853658536585366
0 0.62353515625 0.3353658536585366 0.0087890625 0.01097560975609756
0 0.68115234375 0.3146341463414634 0.0087890625 0.01097560975609756
0 0.68408203125 0.3804878048780488 0.0068359375 0.012195121951219513
0 0.69140625 0.3695121951219512 0.005859375 0.01097560975609756
0 0.7529296875 0.38658536585365855 0.005859375 0.00975609756097561
0 0.6123046875 0.22195121951219512 0.005859375 0.00853658536585366
0 0.81884765625 0.23414634146341465 0.0068359375 0.00975609756097561
0 0.798828125 0.24634146341463414 0.0078125 0.01097560975609756
0 0.6904296875 0.28780487804878047 0.005859375 0.00853658536585366
0 0.69482421875 0.3024390243902439 0.0048828125 0.00975609756097561
0 0.7021484375 0.29634146341463413 0.005859375 0.00975609756097561
0 0.8662109375 0.32682926829268294 0.0078125 0.00975609756097561
0 0.7841796875 0.37073170731707317 0.0078125 0.00975609756097561
0 0.75537109375 0.401219512195122 0.0087890625 0.012195121951219513
0 0.7119140625 0.35 0.0078125 0.00975609756097561
0 0.720703125 0.32439024390243903 0.0078125 0.01097560975609756
0 0.75830078125 0.2426829268292683 0.0068359375 0.00853658536585366
0 0.72900390625 0.22317073170731708 0.0068359375 0.01097560975609756
0 0.72021484375 0.1975609756097561 0.0048828125 0.00853658536585366
0 0.875 0.2329268292682927 0.005859375 0.00975609756097561
0 0.95263671875 0.47073170731707314 0.0107421875 0.012195121951219513
0 0.962890625 0.4695121951219512 0.009765625 0.01097560975609756
0 0.9111328125 0.2121951219512195 0.005859375 0.00853658536585366
0 0.92333984375 0.21585365853658536 0.0068359375 0.00853658536585366
0 0.97265625 0.21829268292682927 0.005859375 0.007317073170731708
0 0.98486328125 0.22073170731707317 0.0048828125 0.007317073170731708
0 0.95361328125 0.22195121951219512 0.0048828125 0.007317073170731708
0 0.93212890625 0.24390243902439024 0.0048828125 0.00853658536585366
0 0.94140625 0.23536585365853657 0.005859375 0.00975609756097561
0 0.8935546875 0.19634146341463415 0.005859375 0.007317073170731708
0 0.87158203125 0.22073170731707317 0.0048828125 0.00853658536585366
0 0.8642578125 0.23658536585365852 0.005859375 0.00975609756097561
0 0.6904296875 0.25121951219512195 0.005859375 0.007317073170731708
0 0.701171875 0.2475609756097561 0.00390625 0.00853658536585366
0 0.68408203125 0.25121951219512195 0.0048828125 0.00853658536585366
0 0.81494140625 0.2048780487804878 0.0048828125 0.01097560975609756
0 0.1435546875 0.34512195121951217 0.009765625 0.012195121951219513
0 0.19287109375 0.35121951219512193 0.0087890625 0.013414634146341463
0 0.23583984375 0.3426829268292683 0.0087890625 0.01097560975609756
0 0.30810546875 0.3780487804878049 0.0107421875 0.015853658536585366
0 0.3642578125 0.3548780487804878 0.0078125 0.00975609756097561
0 0.32421875 0.3475609756097561 0.0078125 0.01097560975609756
0 0.33837890625 0.33902439024390246 0.0068359375 0.01097560975609756
0 0.34912109375 0.33414634146341465 0.0068359375 0.00853658536585366
0 0.35986328125 0.3426829268292683 0.0068359375 0.012195121951219513
0 0.11572265625 0.33902439024390246 0.0087890625 0.014634146341463415
0 0.154296875 0.3182926829268293 0.0078125 0.013414634146341463
0 0.21923828125 0.3426829268292683 0.0068359375 0.00975609756097561
0 0.294921875 0.3597560975609756 0.0078125 0.012195121951219513
0 0.04296875 0.3195121951219512 0.0078125 0.012195121951219513
0 0.10400390625 0.3402439024390244 0.0068359375 0.00975609756097561
0 0.07177734375 0.3926829268292683 0.0087890625 0.013414634146341463
0 0.18017578125 0.34146341463414637 0.0068359375 0.00975609756097561
0 0.17333984375 0.3719512195121951 0.0087890625 0.012195121951219513
0 0.1708984375 0.35609756097560974 0.0078125 0.00975609756097561
0 0.158203125 0.3378048780487805 0.005859375 0.00975609756097561
0 0.16015625 0.3280487804878049 0.005859375 0.00975609756097561
0 0.23779296875 0.325609756097561 0.0087890625 0.01097560975609756
0 0.25 0.3475609756097561 0.0078125 0.012195121951219513
0 0.25927734375 0.35365853658536583 0.0068359375 0.00853658536585366
0 0.26904296875 0.3475609756097561 0.0087890625 0.013414634146341463
0 0.21484375 0.34146341463414637 0.005859375 0.01097560975609756
0 0.31298828125 0.3378048780487805 0.0068359375 0.013414634146341463
0 0.31982421875 0.3280487804878049 0.0068359375 0.00975609756097561
0 0.3310546875 0.3304878048780488 0.0078125 0.013414634146341463
0 0.318359375 0.3780487804878049 0.005859375 0.00975609756097561
0 0.36279296875 0.30853658536585366 0.0048828125 0.012195121951219513
0 0.32763671875 0.29634146341463413 0.0087890625 0.01097560975609756
0 0.34716796875 0.2975609756097561 0.0048828125 0.00975609756097561
0 0.3095703125 0.2975609756097561 0.005859375 0.00975609756097561
0 0.21533203125 0.31585365853658537 0.0068359375 0.00853658536585366
0 0.13623046875 0.26707317073170733 0.0068359375 0.00975609756097561
0 0.07666015625 0.3182926829268293 0.0068359375 0.01097560975609756
0 0.07958984375 0.3402439024390244 0.0068359375 0.012195121951219513
0 0.18115234375 0.2951219512195122 0.0068359375 0.012195121951219513
0 0.1513671875 0.2926829268292683 0.0078125 0.01097560975609756
0 0.30517578125 0.275609756097561 0.0068359375 0.00975609756097561
0 0.31396484375 0.27682926829268295 0.0068359375 0.00975609756097561
0 0.2744140625 0.2634146341463415 0.005859375 0.007317073170731708
0 0.28125 0.26097560975609757 0.005859375 0.00853658536585366
0 0.20849609375 0.28536585365853656 0.0068359375 0.00975609756097561
0 0.189453125 0.2865853658536585 0.005859375 0.00853658536585366
0 0.068359375 0.28292682926829266 0.005859375 0.00975609756097561
0 0.0751953125 0.2804878048780488 0.005859375 0.00853658536585366
0 0.04052734375 0.29878048780487804 0.0087890625 0.01097560975609756
0 0.0234375 0.2817073170731707 0.0078125 0.012195121951219513
0 0.0419921875 0.26951219512195124 0.0078125 0.00853658536585366
0 0.125 0.2731707317073171 0.005859375 0.00853658536585366
0 0.1884765625 0.3146341463414634 0.005859375 0.01097560975609756
0 0.32666015625 0.37682926829268293 0.0087890625 0.013414634146341463
0 0.28369140625 0.32926829268292684 0.0068359375 0.013414634146341463
0 0.1923828125 0.24024390243902438 0.005859375 0.01097560975609756
0 0.18212890625 0.27195121951219514 0.0068359375 0.00975609756097561
0 0.22509765625 0.28780487804878047 0.0068359375 0.007317073170731708
0 0.13623046875 0.3 0.0068359375 0.01097560975609756
0 0.11572265625 0.3146341463414634 0.0068359375 0.01097560975609756
0 0.36181640625 0.18414634146341463 0.0068359375 0.012195121951219513
0 0.1484375 0.23780487804878048 0.005859375 0.00975609756097561
0 0.63525390625 0.2329268292682927 0.0048828125 0.00853658536585366
0 0.68359375 0.2073170731707317 0.005859375 0.00975609756097561
0 0.671875 0.2426829268292683 0.005859375 0.00853658536585366
0 0.62255859375 0.24146341463414633 0.0068359375 0.00853658536585366
0 0.13134765625 0.3280487804878049 0.0068359375 0.00853658536585366
0 0.1064453125 0.27926829268292686 0.0078125 0.01097560975609756
0 0.25439453125 0.3195121951219512 0.0087890625 0.014634146341463415
0 0.2763671875 0.2939024390243902 0.0078125 0.012195121951219513
0 0.32080078125 0.2780487804878049 0.0068359375 0.012195121951219513
0 0.123046875 0.3121951219512195 0.0078125 0.00975609756097561
0 0.06689453125 0.3195121951219512 0.0068359375 0.012195121951219513
0 0.044921875 0.23780487804878048 0.005859375 0.007317073170731708
0 0.29443359375 0.23658536585365852 0.0068359375 0.01097560975609756
0 0.18701171875 0.24634146341463414 0.0048828125 0.007317073170731708
0 0.2451171875 0.2048780487804878 0.005859375 0.007317073170731708
0 0.34765625 0.21707317073170732 0.005859375 0.01097560975609756
0 0.1865234375 0.2597560975609756 0.005859375 0.012195121951219513
0 0.23486328125 0.26707317073170733 0.0048828125 0.012195121951219513
0 0.248046875 0.2841463414634146 0.005859375 0.01097560975609756
0 0.271484375 0.27439024390243905 0.005859375 0.00975609756097561
0 0.5400390625 0.22317073170731708 0.005859375 0.00853658536585366
0 0.53466796875 0.22439024390243903 0.0048828125 0.007317073170731708
0 0.80224609375 0.20609756097560974 0.0068359375 0.00853658536585366
0 0.70849609375 0.2597560975609756 0.0068359375 0.01097560975609756
0 0.58154296875 0.2646341463414634 0.0068359375 0.00853658536585366
0 0.57763671875 0.25609756097560976 0.0068359375 0.012195121951219513
0 0.59619140625 0.22317073170731708 0.0048828125 0.007317073170731708
0 0.58740234375 0.21951219512195122 0.0048828125 0.007317073170731708
0 0.6435546875 0.22073170731707317 0.005859375 0.00853658536585366
0 0.64599609375 0.2097560975609756 0.0068359375 0.00853658536585366
0 0.69873046875 0.20121951219512196 0.0068359375 0.00975609756097561
0 0.6884765625 0.2048780487804878 0.00390625 0.00853658536585366
0 0.80859375 0.23536585365853657 0.005859375 0.01097560975609756
0 0.796875 0.23170731707317074 0.005859375 0.00853658536585366
0 0.78173828125 0.23414634146341465 0.0048828125 0.00853658536585366
0 0.77587890625 0.2573170731707317 0.0048828125 0.00853658536585366
0 0.01171875 0.3463414634146341 0.0078125 0.01097560975609756
0 0.0263671875 0.3463414634146341 0.0078125 0.00975609756097561
0 0.01171875 0.32682926829268294 0.0078125 0.012195121951219513
0 0.36767578125 0.25853658536585367 0.0068359375 0.01097560975609756
0 0.31005859375 0.21585365853658536 0.0048828125 0.007317073170731708
0 0.298828125 0.18658536585365854 0.005859375 0.01097560975609756
0 0.23779296875 0.29878048780487804 0.0068359375 0.01097560975609756
0 0.5712890625 0.24146341463414633 0.005859375 0.00975609756097561
0 0.544921875 0.25609756097560976 0.005859375 0.00853658536585366
0 0.02783203125 0.25121951219512195 0.0068359375 0.00975609756097561
0 0.04248046875 0.2841463414634146 0.0068359375 0.00853658536585366
0 0.1357421875 0.28780487804878047 0.00390625 0.00853658536585366
0 0.11865234375 0.27926829268292686 0.0048828125 0.00853658536585366
0 0.06591796875 0.3426829268292683 0.0068359375 0.00853658536585366
0 0.173828125 0.2426829268292683 0.00390625 0.00853658536585366
0 0.91162109375 0.36341463414634145 0.0068359375 0.01097560975609756