0 0.030048076923076924 0.4495192307692308 0.009615384615384616 0.02283653846153846
0 0.027644230769230768 0.4891826923076923 0.007211538461538462 0.015625
0 0.08533653846153846 0.5048076923076923 0.006009615384615385 0.01201923076923077
0 0.08052884615384616 0.4855769230769231 0.004807692307692308 0.008413461538461538
0 0.109375 0.4963942307692308 0.003605769230769231 0.013221153846153846
0 0.13701923076923078 0.4987980769230769 0.003605769230769231 0.01201923076923077
0 0.14903846153846154 0.5168269230769231 0.002403846153846154 0.007211538461538462
0 0.15504807692307693 0.5060096153846154 0.003605769230769231 0.01201923076923077
0 0.1622596153846154 0.5108173076923077 0.002403846153846154 0.008413461538461538
0 0.20432692307692307 0.5144230769230769 0.002403846153846154 0.006009615384615385
0 0.09615384615384616 0.4987980769230769 0.003605769230769231 0.010817307692307692
0 0.3125 0.3701923076923077 0.020432692307692308 0.04447115384615385
0 0.4519230769230769 0.31971153846153844 0.02403846153846154 0.06129807692307692
0 0.35697115384615385 0.4375 0.01201923076923077 0.026442307692307692
0 0.5733173076923077 0.3641826923076923 0.018028846153846152 0.04567307692307692
0 0.6189903846153846 0.34375 0.019230769230769232 0.04807692307692308
0 0.6850961538461539 0.40384615384615385 0.016826923076923076 0.038461538461538464
0 0.6959134615384616 0.44350961538461536 0.008413461538461538 0.021634615384615384
0 0.7439903846153846 0.4362980769230769 0.008413461538461538 0.015625
0 0.7728365384615384 0.4338942307692308 0.010817307692307692 0.019230769230769232
0 0.7740384615384616 0.5060096153846154 0.01201923076923077 0.019230769230769232
0 0.8689903846153846 0.4699519230769231 0.008413461538461538 0.019230769230769232
0 0.890625 0.421875 0.014423076923076924 0.028846153846153848
0 0.9230769230769231 0.44350961538461536 0.01201923076923077 0.020432692307692308
0 0.9675480769230769 0.3942307692307692 0.02283653846153846 0.025240384615384616
0 0.9242788461538461 0.3173076923076923 0.004807692307692308 0.010817307692307692
0 0.9591346153846154 0.31009615384615385 0.004807692307692308 0.010817307692307692
0 0.984375 0.30288461538461536 0.004807692307692308 0.010817307692307692
0 0.71875 0.48197115384615385 0.007211538461538462 0.013221153846153846