0 0.75 0.46634615384615385 0.051682692307692304 0.15504807692307693
0 0.6153846153846154 0.5072115384615384 0.038461538461538464 0.125
0 0.42908653846153844 0.6814903846153846 0.040865384615384616 0.11177884615384616
0 0.34375 0.6526442307692307 0.028846153846153848 0.0985576923076923
0 0.2860576923076923 0.6117788461538461 0.02283653846153846 0.08774038461538461
0 0.24639423076923078 0.6165865384615384 0.02403846153846154 0.07211538461538461
0 0.21033653846153846 0.59375 0.021634615384615384 0.07451923076923077
0 0.078125 0.5985576923076923 0.018028846153846152 0.054086538461538464
0 0.06490384615384616 0.5408653846153846 0.013221153846153846 0.042067307692307696
0 0.05889423076923077 0.5540865384615384 0.013221153846153846 0.042067307692307696
0 0.4567307692307692 0.53125 0.028846153846153848 0.078125
0 0.3858173076923077 0.53125 0.020432692307692308 0.06971153846153846
0 0.3545673076923077 0.5336538461538461 0.020432692307692308 0.0625
0 0.3137019230769231 0.5180288461538461 0.016826923076923076 0.05889423076923077
0 0.21995192307692307 0.43990384615384615 0.014423076923076924 0.046875
0 0.6742788461538461 0.40384615384615385 0.03365384615384615 0.08774038461538461
0 0.5889423076923077 0.41466346153846156 0.02403846153846154 0.078125
0 0.5180288461538461 0.42427884615384615 0.02403846153846154 0.06971153846153846
0 0.8004807692307693 0.34975961538461536 0.042067307692307696 0.11658653846153846
0 0.8545673076923077 0.27524038461538464 0.036057692307692304 0.09014423076923077
0 0.5697115384615384 0.390625 0.016826923076923076 0.051682692307692304
0 0.42908653846153844 0.4579326923076923 0.018028846153846152 0.054086538461538464
0 0.39783653846153844 0.47475961538461536 0.015625 0.04927884615384615
0 0.17427884615384615 0.43509615384615385 0.009615384615384616 0.038461538461538464
0 0.20072115384615385 0.41947115384615385 0.014423076923076924 0.042067307692307696
0 0.15625 0.46875 0.008413461538461538 0.03365384615384615
0 0.3245192307692308 0.3425480769230769 0.013221153846153846 0.036057692307692304
0 0.24519230769230768 0.4170673076923077 0.007211538461538462 0.02283653846153846
0 0.2608173076923077 0.4170673076923077 0.008413461538461538 0.028846153846153848
0 0.29927884615384615 0.38822115384615385 0.007211538461538462 0.026442307692307692
0 0.31009615384615385 0.390625 0.01201923076923077 0.03365384615384615
0 0.3485576923076923 0.35697115384615385 0.007211538461538462 0.02283653846153846
0 0.4014423076923077 0.3317307692307692 0.01201923076923077 0.03125
0 0.4699519230769231 0.2824519230769231 0.013221153846153846 0.04447115384615385
0 0.6322115384615384 0.14543269230769232 0.015625 0.042067307692307696
0 0.6983173076923077 0.14302884615384615 0.016826923076923076 0.046875
0 0.7752403846153846 0.10336538461538461 0.018028846153846152 0.04447115384615385
0 0.5757211538461539 0.22596153846153846 0.013221153846153846 0.040865384615384616
0 0.8004807692307693 0.109375 0.015625 0.036057692307692304
0 0.8617788461538461 0.109375 0.021634615384615384 0.04447115384615385
0 0.49399038461538464 0.453125 0.016826923076923076 0.04927884615384615
0 0.19471153846153846 0.45072115384615385 0.01201923076923077 0.036057692307692304
0 0.7295673076923077 0.10576923076923077 0.013221153846153846 0.04447115384615385