0 0.07572115384615384 0.6165865384615384 0.007211538461538462 0.013221153846153846
0 0.055288461538461536 0.5817307692307693 0.003605769230769231 0.008413461538461538
0 0.0985576923076923 0.6262019230769231 0.008413461538461538 0.014423076923076924
0 0.10336538461538461 0.5853365384615384 0.007211538461538462 0.014423076923076924
0 0.11298076923076923 0.6045673076923077 0.007211538461538462 0.015625
0 0.12620192307692307 0.5985576923076923 0.007211538461538462 0.015625
0 0.1346153846153846 0.6165865384615384 0.008413461538461538 0.01201923076923077
0 0.15144230769230768 0.6021634615384616 0.007211538461538462 0.013221153846153846
0 0.16466346153846154 0.6237980769230769 0.007211538461538462 0.015625
0 0.1658653846153846 0.5949519230769231 0.007211538461538462 0.015625
0 0.2548076923076923 0.6021634615384616 0.004807692307692308 0.013221153846153846
0 0.2860576923076923 0.5829326923076923 0.006009615384615385 0.01201923076923077
0 0.2848557692307692 0.6334134615384616 0.007211538461538462 0.013221153846153846
0 0.3173076923076923 0.6033653846153846 0.007211538461538462 0.014423076923076924
0 0.3076923076923077 0.5913461538461539 0.008413461538461538 0.014423076923076924
0 0.3016826923076923 0.6189903846153846 0.006009615384615385 0.01201923076923077
0 0.33413461538461536 0.5973557692307693 0.009615384615384616 0.019230769230769232
0 0.4050480769230769 0.6766826923076923 0.015625 0.020432692307692308
0 0.46634615384615385 0.5564903846153846 0.01201923076923077 0.021634615384615384
0 0.4891826923076923 0.5649038461538461 0.01201923076923077 0.025240384615384616
0 0.2439903846153846 0.5504807692307693 0.010817307692307692 0.026442307692307692
0 0.39903846153846156 0.5793269230769231 0.002403846153846154 0.006009615384615385
0 0.40024038461538464 0.5925480769230769 0.004807692307692308 0.007211538461538462
0 0.5168269230769231 0.6081730769230769 0.006009615384615385 0.013221153846153846
0 0.5985576923076923 0.7980769230769231 0.016826923076923076 0.03365384615384615
0 0.6358173076923077 0.5985576923076923 0.008413461538461538 0.015625
0 0.671875 0.5889423076923077 0.008413461538461538 0.020432692307692308
0 0.6923076923076923 0.6466346153846154 0.007211538461538462 0.015625
0 0.7115384615384616 0.5745192307692307 0.01201923076923077 0.021634615384615384
0 0.7415865384615384 0.5637019230769231 0.013221153846153846 0.021634615384615384
0 0.7632211538461539 0.5757211538461539 0.01201923076923077 0.020432692307692308
0 0.7572115384615384 0.7704326923076923 0.021634615384615384 0.03485576923076923
0 0.8810096153846154 0.8269230769230769 0.018028846153846152 0.026442307692307692
0 0.9110576923076923 0.7860576923076923 0.018028846153846152 0.03125
0 0.9567307692307693 0.6298076923076923 0.008413461538461538 0.015625
0 0.9278846153846154 0.6045673076923077 0.006009615384615385 0.01201923076923077