0 0.0889423076923077 0.3870192307692308 0.018028846153846152 0.03365384615384615
0 0.08173076923076923 0.38100961538461536 0.018028846153846152 0.039663461538461536
0 0.026442307692307692 0.4110576923076923 0.019230769230769232 0.036057692307692304
0 0.015625 0.3918269230769231 0.013221153846153846 0.020432692307692308
0 0.007211538461538462 0.3629807692307692 0.003605769230769231 0.01201923076923077
0 0.04927884615384615 0.3713942307692308 0.003605769230769231 0.009615384615384616
0 0.056490384615384616 0.3858173076923077 0.004807692307692308 0.008413461538461538
0 0.15144230769230768 0.3581730769230769 0.030048076923076924 0.04807692307692308
0 0.11298076923076923 0.3425480769230769 0.006009615384615385 0.010817307692307692
0 0.19471153846153846 0.3173076923076923 0.038461538461538464 0.06009615384615385
0 0.1346153846153846 0.3581730769230769 0.020432692307692308 0.039663461538461536
0 0.2620192307692308 0.2548076923076923 0.016826923076923076 0.03245192307692308
0 0.2800480769230769 0.23798076923076922 0.016826923076923076 0.03365384615384615
0 0.328125 0.26802884615384615 0.04567307692307692 0.07572115384615384
0 0.38221153846153844 0.24278846153846154 0.007211538461538462 0.026442307692307692
0 0.43028846153846156 0.24278846153846154 0.007211538461538462 0.025240384615384616
0 0.4567307692307692 0.2548076923076923 0.007211538461538462 0.018028846153846152
0 0.47475961538461536 0.25240384615384615 0.007211538461538462 0.018028846153846152
0 0.49759615384615385 0.23317307692307693 0.009615384615384616 0.018028846153846152
0 0.4651442307692308 0.24519230769230768 0.006009615384615385 0.01201923076923077
0 0.5096153846153846 0.31009615384615385 0.013221153846153846 0.019230769230769232
0 0.515625 0.34615384615384615 0.02283653846153846 0.03365384615384615
0 0.5456730769230769 0.20432692307692307 0.009615384615384616 0.014423076923076924
0 0.515625 0.24158653846153846 0.007211538461538462 0.010817307692307692
0 0.5600961538461539 0.2091346153846154 0.009615384615384616 0.020432692307692308
0 0.5853365384615384 0.16826923076923078 0.054086538461538464 0.08774038461538461
0 0.6490384615384616 0.20793269230769232 0.007211538461538462 0.009615384615384616
0 0.6310096153846154 0.21394230769230768 0.006009615384615385 0.009615384615384616
0 0.6706730769230769 0.21754807692307693 0.004807692307692308 0.009615384615384616
0 0.6766826923076923 0.21153846153846154 0.004807692307692308 0.01201923076923077
0 0.6838942307692307 0.21033653846153846 0.003605769230769231 0.009615384615384616
0 0.6923076923076923 0.2127403846153846 0.007211538461538462 0.013221153846153846
0 0.7307692307692307 0.2091346153846154 0.008413461538461538 0.01201923076923077
0 0.7379807692307693 0.19591346153846154 0.004807692307692308 0.010817307692307692
0 0.7475961538461539 0.19591346153846154 0.007211538461538462 0.013221153846153846
0 0.7524038461538461 0.1875 0.003605769230769231 0.008413461538461538
0 0.7463942307692307 0.3798076923076923 0.02403846153846154 0.03365384615384615
0 0.7704326923076923 0.1814903846153846 0.004807692307692308 0.008413461538461538
0 0.84375 0.2920673076923077 0.042067307692307696 0.05889423076923077
0 0.7740384615384616 0.18028846153846154 0.003605769230769231 0.009615384615384616
0 0.7836538461538461 0.17908653846153846 0.007211538461538462 0.013221153846153846
0 0.8185096153846154 0.18269230769230768 0.006009615384615385 0.009615384615384616
0 0.8100961538461539 0.203125 0.007211538461538462 0.013221153846153846
0 0.8245192307692307 0.17548076923076922 0.003605769230769231 0.009615384615384616
0 0.8317307692307693 0.17427884615384615 0.004807692307692308 0.010817307692307692
0 0.8605769230769231 0.15745192307692307 0.004807692307692308 0.010817307692307692
0 0.875 0.15144230769230768 0.007211538461538462 0.014423076923076924
0 0.8894230769230769 0.15625 0.007211538461538462 0.019230769230769232
0 0.9086538461538461 0.140625 0.004807692307692308 0.013221153846153846
0 0.921875 0.1346153846153846 0.013221153846153846 0.021634615384615384
0 0.9495192307692307 0.125 0.007211538461538462 0.014423076923076924
0 0.9399038461538461 0.1346153846153846 0.006009615384615385 0.008413461538461538
0 0.9747596153846154 0.1045673076923077 0.009615384615384616 0.020432692307692308
0 0.9951923076923077 0.09735576923076923 0.008413461538461538 0.014423076923076924
0 0.9795673076923077 0.11298076923076923 0.006009615384615385 0.009615384615384616
0 0.9903846153846154 0.18629807692307693 0.007211538461538462 0.013221153846153846
0 0.9819711538461539 0.1935096153846154 0.007211538461538462 0.01201923076923077
0 0.515625 0.25961538461538464 0.007211538461538462 0.01201923076923077
0 0.39663461538461536 0.2644230769230769 0.008413461538461538 0.018028846153846152
0 0.9891826923076923 0.140625 0.007211538461538462 0.018028846153846152
0 0.7548076923076923 0.20432692307692307 0.006009615384615385 0.010817307692307692
0 0.7055288461538461 0.20072115384615385 0.007211538461538462 0.009615384615384616
0 0.8076923076923077 0.17548076923076922 0.007211538461538462 0.01201923076923077
0 0.9627403846153846 0.37740384615384615 0.021634615384615384 0.026442307692307692