0 0.28365384615384615 0.46875 0.019230769230769232 0.052884615384615384
0 0.2620192307692308 0.4879807692307692 0.015625 0.03125
0 0.8822115384615384 0.47115384615384615 0.013221153846153846 0.028846153846153848
0 0.6899038461538461 0.44591346153846156 0.02283653846153846 0.046875
0 0.7980769230769231 0.4855769230769231 0.016826923076923076 0.036057692307692304
0 0.8329326923076923 0.4795673076923077 0.014423076923076924 0.02283653846153846
0 0.9375 0.4735576923076923 0.013221153846153846 0.02283653846153846
0 0.96875 0.4891826923076923 0.013221153846153846 0.019230769230769232
0 0.7704326923076923 0.47836538461538464 0.010817307692307692 0.025240384615384616
0 0.7524038461538461 0.4807692307692308 0.010817307692307692 0.018028846153846152
0 0.6502403846153846 0.4891826923076923 0.015625 0.03365384615384615
0 0.8473557692307693 0.48677884615384615 0.007211538461538462 0.01201923076923077
0 0.859375 0.4855769230769231 0.007211538461538462 0.013221153846153846
0 0.9098557692307693 0.4807692307692308 0.007211538461538462 0.01201923076923077
0 0.9891826923076923 0.47716346153846156 0.007211538461538462 0.01201923076923077
0 0.7307692307692307 0.4483173076923077 0.004807692307692308 0.013221153846153846
0 0.8641826923076923 0.4675480769230769 0.004807692307692308 0.008413461538461538
0 0.5889423076923077 0.48197115384615385 0.010817307692307692 0.021634615384615384
0 0.609375 0.46875 0.004807692307692308 0.015625
0 0.5697115384615384 0.44350961538461536 0.006009615384615385 0.013221153846153846
0 0.49759615384615385 0.4579326923076923 0.007211538461538462 0.021634615384615384
0 0.5336538461538461 0.484375 0.018028846153846152 0.04567307692307692
0 0.4326923076923077 0.46153846153846156 0.028846153846153848 0.06129807692307692
0 0.38100961538461536 0.46875 0.014423076923076924 0.036057692307692304
0 0.09134615384615384 0.4855769230769231 0.015625 0.03485576923076923
0 0.19230769230769232 0.49158653846153844 0.018028846153846152 0.040865384615384616