0 0.036057692307692304 0.24158653846153846 0.026442307692307692 0.056490384615384616
0 0.15384615384615385 0.20192307692307693 0.03125 0.0829326923076923
0 0.17427884615384615 0.16466346153846154 0.028846153846153848 0.08653846153846154
0 0.9483173076923077 0.37740384615384615 0.014423076923076924 0.03125
0 0.9819711538461539 0.27884615384615385 0.01201923076923077 0.030048076923076924
0 0.9867788461538461 0.3317307692307692 0.01201923076923077 0.03125
0 0.9831730769230769 0.36778846153846156 0.01201923076923077 0.03125
0 0.30528846153846156 0.18028846153846154 0.027644230769230768 0.06129807692307692
0 0.37740384615384615 0.2127403846153846 0.030048076923076924 0.0829326923076923
0 0.42788461538461536 0.19591346153846154 0.025240384615384616 0.078125
0 0.4519230769230769 0.22235576923076922 0.021634615384615384 0.06129807692307692
0 0.5492788461538461 0.21394230769230768 0.03125 0.0889423076923077
0 0.5721153846153846 0.23918269230769232 0.018028846153846152 0.052884615384615384
0 0.5949519230769231 0.2127403846153846 0.02403846153846154 0.07211538461538461
0 0.625 0.25 0.025240384615384616 0.07451923076923077
0 0.7596153846153846 0.12740384615384615 0.026442307692307692 0.08052884615384616
0 0.7415865384615384 0.21033653846153846 0.025240384615384616 0.0829326923076923
0 0.8125 0.22596153846153846 0.03245192307692308 0.0889423076923077
0 0.8653846153846154 0.36899038461538464 0.010817307692307692 0.025240384615384616
0 0.9038461538461539 0.34615384615384615 0.010817307692307692 0.025240384615384616
0 0.9110576923076923 0.3786057692307692 0.013221153846153846 0.025240384615384616
0 0.9254807692307693 0.28125 0.01201923076923077 0.02403846153846154
0 0.9411057692307693 0.33052884615384615 0.010817307692307692 0.027644230769230768
0 0.9326923076923077 0.36778846153846156 0.010817307692307692 0.02403846153846154