0 0.04927884615384615 0.13822115384615385 0.01201923076923077 0.03485576923076923
0 0.10336538461538461 0.15745192307692307 0.009615384615384616 0.038461538461538464
0 0.15144230769230768 0.17067307692307693 0.009615384615384616 0.03485576923076923
0 0.18870192307692307 0.13581730769230768 0.01201923076923077 0.038461538461538464
0 0.026442307692307692 0.28125 0.01201923076923077 0.030048076923076924
0 0.07211538461538461 0.28725961538461536 0.01201923076923077 0.040865384615384616
0 0.11538461538461539 0.25721153846153844 0.010817307692307692 0.038461538461538464
0 0.16826923076923078 0.2764423076923077 0.009615384615384616 0.03485576923076923
0 0.03245192307692308 0.41466346153846156 0.013221153846153846 0.04326923076923077
0 0.08173076923076923 0.41466346153846156 0.013221153846153846 0.04567307692307692
0 0.12740384615384615 0.43149038461538464 0.013221153846153846 0.04326923076923077
0 0.17668269230769232 0.4014423076923077 0.01201923076923077 0.04927884615384615
0 0.04927884615384615 0.5576923076923077 0.013221153846153846 0.038461538461538464
0 0.13341346153846154 0.5721153846153846 0.013221153846153846 0.04927884615384615
0 0.23076923076923078 0.14903846153846154 0.01201923076923077 0.040865384615384616
0 0.27283653846153844 0.1622596153846154 0.010817307692307692 0.03245192307692308
0 0.31850961538461536 0.13581730769230768 0.01201923076923077 0.03485576923076923
0 0.3605769230769231 0.14423076923076922 0.01201923076923077 0.038461538461538464
0 0.21033653846153846 0.27884615384615385 0.010817307692307692 0.03485576923076923
0 0.25961538461538464 0.3173076923076923 0.013221153846153846 0.040865384615384616
0 0.3016826923076923 0.28125 0.010817307692307692 0.03485576923076923
0 0.34975961538461536 0.27884615384615385 0.010817307692307692 0.040865384615384616
0 0.22716346153846154 0.40625 0.010817307692307692 0.040865384615384616
0 0.27163461538461536 0.4387019230769231 0.010817307692307692 0.040865384615384616
0 0.3233173076923077 0.39783653846153844 0.01201923076923077 0.051682692307692304
0 0.22115384615384615 0.5805288461538461 0.01201923076923077 0.040865384615384616
0 0.3112980769230769 0.5913461538461539 0.01201923076923077 0.04927884615384615
0 0.40625 0.10817307692307693 0.010817307692307692 0.03485576923076923
0 0.46033653846153844 0.11658653846153846 0.013221153846153846 0.04326923076923077
0 0.5024038461538461 0.10576923076923077 0.01201923076923077 0.040865384615384616
0 0.3942307692307692 0.25721153846153844 0.01201923076923077 0.038461538461538464
0 0.4375 0.2764423076923077 0.010817307692307692 0.040865384615384616
0 0.484375 0.24879807692307693 0.01201923076923077 0.04326923076923077
0 0.5264423076923077 0.28125 0.01201923076923077 0.040865384615384616
0 0.5060096153846154 0.38221153846153844 0.01201923076923077 0.051682692307692304
0 0.45552884615384615 0.4254807692307692 0.01201923076923077 0.04326923076923077
0 0.41586538461538464 0.41225961538461536 0.01201923076923077 0.040865384615384616
0 0.37259615384615385 0.41947115384615385 0.01201923076923077 0.040865384615384616
0 0.39302884615384615 0.5637019230769231 0.010817307692307692 0.04326923076923077
0 0.47475961538461536 0.5829326923076923 0.010817307692307692 0.04927884615384615
0 0.53125 0.5528846153846154 0.010817307692307692 0.04927884615384615
0 0.59375 0.5336538461538461 0.013221153846153846 0.051682692307692304
0 0.6694711538461539 0.5504807692307693 0.01201923076923077 0.04927884615384615
0 0.546875 0.10817307692307693 0.009615384615384616 0.030048076923076924
0 0.5949519230769231 0.125 0.01201923076923077 0.040865384615384616
0 0.6442307692307693 0.08173076923076923 0.013221153846153846 0.04326923076923077
0 0.6899038461538461 0.0889423076923077 0.01201923076923077 0.03485576923076923
0 0.7295673076923077 0.13221153846153846 0.009615384615384616 0.03485576923076923
0 0.5769230769230769 0.2704326923076923 0.01201923076923077 0.04567307692307692
0 0.6201923076923077 0.265625 0.01201923076923077 0.04326923076923077
0 0.6634615384615384 0.26802884615384615 0.010817307692307692 0.040865384615384616
0 0.7055288461538461 0.24639423076923078 0.013221153846153846 0.04326923076923077
0 0.5516826923076923 0.3737980769230769 0.013221153846153846 0.04567307692307692
0 0.5961538461538461 0.4014423076923077 0.01201923076923077 0.04567307692307692
0 0.640625 0.3713942307692308 0.013221153846153846 0.04326923076923077
0 0.6826923076923077 0.3581730769230769 0.013221153846153846 0.03485576923076923
0 0.7271634615384616 0.390625 0.01201923076923077 0.04927884615384615
0 0.7704326923076923 0.10817307692307693 0.013221153846153846 0.03485576923076923
0 0.8125 0.09975961538461539 0.010817307692307692 0.03485576923076923
0 0.8497596153846154 0.12139423076923077 0.01201923076923077 0.03485576923076923
0 0.8978365384615384 0.09735576923076923 0.01201923076923077 0.038461538461538464
0 0.7487980769230769 0.25961538461538464 0.010817307692307692 0.038461538461538464
0 0.7944711538461539 0.2704326923076923 0.010817307692307692 0.038461538461538464
0 0.8365384615384616 0.2704326923076923 0.010817307692307692 0.040865384615384616
0 0.8774038461538461 0.28125 0.01201923076923077 0.040865384615384616
0 0.9170673076923077 0.2764423076923077 0.009615384615384616 0.038461538461538464
0 0.7704326923076923 0.390625 0.013221153846153846 0.03485576923076923
0 0.8125 0.36538461538461536 0.013221153846153846 0.040865384615384616
0 0.8617788461538461 0.3473557692307692 0.013221153846153846 0.054086538461538464
0 0.9134615384615384 0.3389423076923077 0.013221153846153846 0.03485576923076923
0 0.7524038461538461 0.5444711538461539 0.013221153846153846 0.04927884615384615
0 0.8581730769230769 0.5504807692307693 0.013221153846153846 0.04927884615384615
0 0.9423076923076923 0.125 0.013221153846153846 0.03485576923076923
0 0.9627403846153846 0.23317307692307693 0.013221153846153846 0.038461538461538464
0 0.9639423076923077 0.3737980769230769 0.013221153846153846 0.040865384615384616
0 0.9459134615384616 0.5204326923076923 0.013221153846153846 0.04326923076923077