0 0.038461538461538464 0.42427884615384615 0.015625 0.019230769230769232
0 0.052884615384615384 0.4338942307692308 0.010817307692307692 0.015625
0 0.07932692307692307 0.4266826923076923 0.018028846153846152 0.027644230769230768
0 0.12860576923076922 0.42788461538461536 0.013221153846153846 0.020432692307692308
0 0.15865384615384615 0.4230769230769231 0.018028846153846152 0.030048076923076924
0 0.19110576923076922 0.42427884615384615 0.015625 0.021634615384615384
0 0.20552884615384615 0.4326923076923077 0.006009615384615385 0.009615384615384616
0 0.25240384615384615 0.4266826923076923 0.018028846153846152 0.03125
0 0.265625 0.421875 0.010817307692307692 0.016826923076923076
0 0.2704326923076923 0.43149038461538464 0.007211538461538462 0.01201923076923077
0 0.36658653846153844 0.42427884615384615 0.020432692307692308 0.03125
0 0.4014423076923077 0.43149038461538464 0.004807692307692308 0.007211538461538462
0 0.41947115384615385 0.43509615384615385 0.007211538461538462 0.009615384615384616
0 0.484375 0.40625 0.02403846153846154 0.040865384615384616
0 0.5072115384615384 0.4326923076923077 0.004807692307692308 0.007211538461538462
0 0.5360576923076923 0.44471153846153844 0.01201923076923077 0.018028846153846152
0 0.6033653846153846 0.39663461538461536 0.02283653846153846 0.037259615384615384
0 0.6225961538461539 0.40024038461538464 0.028846153846153848 0.04927884615384615
0 0.6670673076923077 0.4423076923076923 0.007211538461538462 0.010817307692307692
0 0.6911057692307693 0.43990384615384615 0.007211538461538462 0.013221153846153846
0 0.7403846153846154 0.41346153846153844 0.02403846153846154 0.03485576923076923
0 0.8245192307692307 0.40625 0.036057692307692304 0.056490384615384616
0 0.8461538461538461 0.4483173076923077 0.013221153846153846 0.021634615384615384
0 0.9326923076923077 0.39302884615384615 0.027644230769230768 0.046875
0 0.9723557692307693 0.43990384615384615 0.014423076923076924 0.02403846153846154