0 0.2512019230769231 0.6634615384615384 0.010817307692307692 0.018028846153846152
0 0.21033653846153846 0.5492788461538461 0.009615384615384616 0.013221153846153846
0 0.052884615384615384 0.5625 0.010817307692307692 0.013221153846153846
0 0.15625 0.4879807692307692 0.010817307692307692 0.014423076923076924
0 0.11899038461538461 0.4411057692307692 0.009615384615384616 0.009615384615384616
0 0.06490384615384616 0.4266826923076923 0.009615384615384616 0.014423076923076924
0 0.13942307692307693 0.27884615384615385 0.006009615384615385 0.01201923076923077
0 0.21514423076923078 0.23317307692307693 0.006009615384615385 0.009615384615384616
0 0.24759615384615385 0.34975961538461536 0.007211538461538462 0.010817307692307692
0 0.2920673076923077 0.3293269230769231 0.007211538461538462 0.01201923076923077
0 0.3293269230769231 0.35697115384615385 0.007211538461538462 0.010817307692307692
0 0.3545673076923077 0.33774038461538464 0.007211538461538462 0.010817307692307692
0 0.33774038461538464 0.4254807692307692 0.008413461538461538 0.01201923076923077
0 0.23918269230769232 0.4338942307692308 0.008413461538461538 0.010817307692307692
0 0.296875 0.49759615384615385 0.010817307692307692 0.01201923076923077
0 0.4831730769230769 0.23557692307692307 0.004807692307692308 0.009615384615384616
0 0.5012019230769231 0.28365384615384615 0.004807692307692308 0.010817307692307692
0 0.4326923076923077 0.3629807692307692 0.007211538461538462 0.010817307692307692
0 0.4951923076923077 0.3737980769230769 0.007211538461538462 0.010817307692307692
0 0.5444711538461539 0.34975961538461536 0.007211538461538462 0.010817307692307692
0 0.44471153846153844 0.4254807692307692 0.009615384615384616 0.013221153846153846
0 0.5997596153846154 0.3713942307692308 0.007211538461538462 0.01201923076923077
0 0.6814903846153846 0.375 0.008413461538461538 0.01201923076923077
0 0.7079326923076923 0.4026442307692308 0.008413461538461538 0.01201923076923077
0 0.6694711538461539 0.40625 0.007211538461538462 0.01201923076923077
0 0.578125 0.43149038461538464 0.009615384615384616 0.014423076923076924
0 0.7512019230769231 0.3016826923076923 0.003605769230769231 0.010817307692307692
0 0.7644230769230769 0.24639423076923078 0.006009615384615385 0.010817307692307692
0 0.9735576923076923 0.3233173076923077 0.004807692307692308 0.010817307692307692
0 0.5120192307692307 0.484375 0.008413461538461538 0.013221153846153846
0 0.4891826923076923 0.5288461538461539 0.008413461538461538 0.01201923076923077
0 0.46033653846153844 0.5697115384615384 0.010817307692307692 0.016826923076923076
0 0.6045673076923077 0.5745192307692307 0.009615384615384616 0.013221153846153846
0 0.5925480769230769 0.5384615384615384 0.010817307692307692 0.014423076923076924
0 0.6045673076923077 0.4891826923076923 0.009615384615384616 0.010817307692307692
0 0.6538461538461539 0.5168269230769231 0.008413461538461538 0.013221153846153846
0 0.6742788461538461 0.4651442307692308 0.009615384615384616 0.013221153846153846
0 0.6983173076923077 0.4879807692307692 0.01201923076923077 0.01201923076923077
0 0.6959134615384616 0.5384615384615384 0.01201923076923077 0.013221153846153846
0 0.7824519230769231 0.4735576923076923 0.009615384615384616 0.01201923076923077
0 0.7692307692307693 0.5096153846153846 0.009615384615384616 0.014423076923076924
0 0.8389423076923077 0.5649038461538461 0.01201923076923077 0.014423076923076924
0 0.7608173076923077 0.5889423076923077 0.009615384615384616 0.014423076923076924
0 0.9038461538461539 0.6418269230769231 0.01201923076923077 0.020432692307692308
0 0.4362980769230769 0.7247596153846154 0.01201923076923077 0.020432692307692308
0 0.5420673076923077 0.6838942307692307 0.01201923076923077 0.016826923076923076
0 0.5673076923076923 0.7512019230769231 0.013221153846153846 0.018028846153846152