0 0.5408653846153846 0.36899038461538464 0.009615384615384616 0.021634615384615384
0 0.5685096153846154 0.38461538461538464 0.016826923076923076 0.039663461538461536
0 0.8209134615384616 0.34615384615384615 0.013221153846153846 0.026442307692307692
0 0.7295673076923077 0.3557692307692308 0.016826923076923076 0.028846153846153848
0 0.8834134615384616 0.35216346153846156 0.008413461538461538 0.019230769230769232
0 0.9483173076923077 0.35096153846153844 0.008413461538461538 0.018028846153846152
0 0.040865384615384616 0.38461538461538464 0.014423076923076924 0.027644230769230768
0 0.1310096153846154 0.3858173076923077 0.018028846153846152 0.03365384615384615
0 0.15384615384615385 0.3701923076923077 0.014423076923076924 0.026442307692307692
0 0.07091346153846154 0.3713942307692308 0.009615384615384616 0.018028846153846152
0 0.10576923076923077 0.3641826923076923 0.01201923076923077 0.021634615384615384
0 0.1778846153846154 0.3641826923076923 0.009615384615384616 0.019230769230769232
0 0.027644230769230768 0.359375 0.013221153846153846 0.021634615384615384
0 0.057692307692307696 0.38822115384615385 0.010817307692307692 0.021634615384615384
0 0.24158653846153846 0.375 0.015625 0.03125
0 0.24879807692307693 0.35336538461538464 0.009615384615384616 0.019230769230769232
0 0.28125 0.3557692307692308 0.013221153846153846 0.02403846153846154
0 0.33774038461538464 0.34375 0.010817307692307692 0.02403846153846154
0 0.35096153846153844 0.3557692307692308 0.013221153846153846 0.027644230769230768
0 0.453125 0.4098557692307692 0.027644230769230768 0.046875
0 0.40625 0.3713942307692308 0.013221153846153846 0.02403846153846154
0 0.3233173076923077 0.3954326923076923 0.03365384615384615 0.06610576923076923
0 0.49399038461538464 0.3389423076923077 0.01201923076923077 0.021634615384615384
0 0.5925480769230769 0.34375 0.010817307692307692 0.018028846153846152
0 0.9855769230769231 0.33653846153846156 0.019230769230769232 0.039663461538461536