0 0.6670673076923077 0.21634615384615385 0.037259615384615384 0.06971153846153846
0 0.8197115384615384 0.21875 0.03365384615384615 0.056490384615384616
0 0.84375 0.2283653846153846 0.019230769230769232 0.040865384615384616
0 0.1658653846153846 0.18629807692307693 0.028846153846153848 0.06610576923076923
0 0.27403846153846156 0.20673076923076922 0.02403846153846154 0.05889423076923077
0 0.34134615384615385 0.17067307692307693 0.028846153846153848 0.05889423076923077
0 0.4879807692307692 0.265625 0.040865384615384616 0.08413461538461539
0 0.41586538461538464 0.20673076923076922 0.02403846153846154 0.051682692307692304
0 0.006009615384615385 0.23076923076923078 0.01201923076923077 0.046875
0 0.9170673076923077 0.18990384615384615 0.007211538461538462 0.013221153846153846
0 0.9699519230769231 0.2548076923076923 0.007211538461538462 0.014423076923076924
0 0.9050480769230769 0.25961538461538464 0.007211538461538462 0.014423076923076924
0 0.8858173076923077 0.18509615384615385 0.007211538461538462 0.010817307692307692
0 0.9507211538461539 0.1935096153846154 0.01201923076923077 0.016826923076923076
0 0.9314903846153846 0.12379807692307693 0.006009615384615385 0.014423076923076924
0 0.9651442307692307 0.13341346153846154 0.007211538461538462 0.014423076923076924
0 0.9555288461538461 0.15144230769230768 0.007211538461538462 0.010817307692307692
0 0.8581730769230769 0.17067307692307693 0.006009615384615385 0.014423076923076924
0 0.859375 0.11899038461538461 0.006009615384615385 0.010817307692307692
0 0.8990384615384616 0.11899038461538461 0.007211538461538462 0.014423076923076924
0 0.9411057692307693 0.22115384615384615 0.006009615384615385 0.010817307692307692
0 0.9711538461538461 0.22115384615384615 0.004807692307692308 0.009615384615384616
0 0.8774038461538461 0.22355769230769232 0.006009615384615385 0.014423076923076924
0 0.7415865384615384 0.21995192307692307 0.004807692307692308 0.013221153846153846
0 0.7079326923076923 0.21394230769230768 0.006009615384615385 0.013221153846153846
0 0.7211538461538461 0.17908653846153846 0.003605769230769231 0.010817307692307692
0 0.7596153846153846 0.1814903846153846 0.007211538461538462 0.014423076923076924
0 0.7307692307692307 0.11538461538461539 0.007211538461538462 0.016826923076923076
0 0.7235576923076923 0.140625 0.007211538461538462 0.014423076923076924
0 0.7644230769230769 0.1466346153846154 0.004807692307692308 0.014423076923076924
0 0.7692307692307693 0.11057692307692307 0.007211538461538462 0.014423076923076924
0 0.6887019230769231 0.1502403846153846 0.007211538461538462 0.014423076923076924
0 0.6971153846153846 0.11658653846153846 0.007211538461538462 0.010817307692307692
0 0.703125 0.02403846153846154 0.007211538461538462 0.010817307692307692
0 0.734375 0.026442307692307692 0.007211538461538462 0.013221153846153846
0 0.7716346153846154 0.026442307692307692 0.007211538461538462 0.013221153846153846
0 0.90625 0.06129807692307692 0.007211538461538462 0.014423076923076924
0 0.9459134615384616 0.06490384615384616 0.004807692307692308 0.010817307692307692
0 0.9146634615384616 0.03485576923076923 0.007211538461538462 0.010817307692307692
0 0.5396634615384616 0.04927884615384615 0.007211538461538462 0.010817307692307692
0 0.5649038461538461 0.09615384615384616 0.007211538461538462 0.016826923076923076
0 0.5721153846153846 0.008413461538461538 0.007211538461538462 0.010817307692307692
0 0.5132211538461539 0.014423076923076924 0.007211538461538462 0.014423076923076924
0 0.5661057692307693 0.051682692307692304 0.006009615384615385 0.010817307692307692
0 0.36177884615384615 0.046875 0.007211538461538462 0.014423076923076924
0 0.49158653846153844 0.026442307692307692 0.007211538461538462 0.013221153846153846
0 0.6081730769230769 0.019230769230769232 0.006009615384615385 0.013221153846153846
0 0.10096153846153846 0.078125 0.006009615384615385 0.009615384615384616
0 0.11298076923076923 0.09495192307692307 0.004807692307692308 0.009615384615384616
0 0.09975961538461539 0.1310096153846154 0.006009615384615385 0.010817307692307692
0 0.1310096153846154 0.125 0.007211538461538462 0.013221153846153846
0 0.13341346153846154 0.078125 0.004807692307692308 0.010817307692307692
0 0.055288461538461536 0.15504807692307693 0.006009615384615385 0.013221153846153846
0 0.06129807692307692 0.11899038461538461 0.006009615384615385 0.013221153846153846
0 0.07451923076923077 0.16105769230769232 0.007211538461538462 0.013221153846153846
0 0.15985576923076922 0.12139423076923077 0.006009615384615385 0.014423076923076924
0 0.1502403846153846 0.09615384615384616 0.007211538461538462 0.013221153846153846
0 0.1658653846153846 0.06129807692307692 0.008413461538461538 0.016826923076923076
0 0.09254807692307693 0.038461538461538464 0.004807692307692308 0.009615384615384616
0 0.1466346153846154 0.03125 0.007211538461538462 0.013221153846153846
0 0.17067307692307693 0.025240384615384616 0.007211538461538462 0.014423076923076924
0 0.24759615384615385 0.03485576923076923 0.006009615384615385 0.013221153846153846
0 0.27163461538461536 0.015625 0.006009615384615385 0.013221153846153846
0 0.028846153846153848 0.036057692307692304 0.007211538461538462 0.014423076923076924
0 0.09735576923076923 0.008413461538461538 0.007211538461538462 0.010817307692307692
0 0.04927884615384615 0.009615384615384616 0.006009615384615385 0.010817307692307692
0 0.8725961538461539 0.06009615384615385 0.007211538461538462 0.014423076923076924
0 0.8028846153846154 0.03365384615384615 0.006009615384615385 0.013221153846153846