0 0.04326923076923077 0.18269230769230768 0.013221153846153846 0.027644230769230768
0 0.18269230769230768 0.21514423076923078 0.02283653846153846 0.05048076923076923
0 0.15625 0.20432692307692307 0.016826923076923076 0.03245192307692308
0 0.2548076923076923 0.18870192307692307 0.014423076923076924 0.03485576923076923
0 0.2932692307692308 0.27283653846153844 0.021634615384615384 0.05048076923076923
0 0.29447115384615385 0.203125 0.018028846153846152 0.042067307692307696
0 0.4170673076923077 0.22596153846153846 0.019230769230769232 0.036057692307692304
0 0.4651442307692308 0.27283653846153844 0.025240384615384616 0.06129807692307692
0 0.48677884615384615 0.19110576923076922 0.01201923076923077 0.03125
0 0.3473557692307692 0.203125 0.013221153846153846 0.03125
0 0.3762019230769231 0.18629807692307693 0.01201923076923077 0.02403846153846154
0 0.5132211538461539 0.21875 0.016826923076923076 0.039663461538461536
0 0.5564903846153846 0.171875 0.014423076923076924 0.036057692307692304
0 0.59375 0.25721153846153844 0.02283653846153846 0.04567307692307692
0 0.9134615384615384 0.2920673076923077 0.03125 0.08653846153846154
0 0.8377403846153846 0.25 0.026442307692307692 0.054086538461538464
0 0.7788461538461539 0.18269230769230768 0.015625 0.038461538461538464
0 0.7175480769230769 0.21394230769230768 0.028846153846153848 0.06610576923076923
0 0.16947115384615385 0.15144230769230768 0.01201923076923077 0.026442307692307692
0 0.07572115384615384 0.18389423076923078 0.014423076923076924 0.03245192307692308
0 0.21394230769230768 0.14543269230769232 0.010817307692307692 0.02403846153846154
0 0.9266826923076923 0.203125 0.03365384615384615 0.0889423076923077
0 0.007211538461538462 0.16706730769230768 0.014423076923076924 0.04567307692307692
0 0.5240384615384616 0.1875 0.008413461538461538 0.03485576923076923
0 0.15384615384615385 0.171875 0.010817307692307692 0.026442307692307692
0 0.10096153846153846 0.18269230769230768 0.016826923076923076 0.03125
0 0.04927884615384615 0.22716346153846154 0.018028846153846152 0.03485576923076923