0 0.6706730769230769 0.47475961538461536 0.021634615384615384 0.03245192307692308
0 0.5348557692307693 0.49038461538461536 0.018028846153846152 0.027644230769230768
0 0.7548076923076923 0.5360576923076923 0.016826923076923076 0.02403846153846154
0 0.8882211538461539 0.5216346153846154 0.019230769230769232 0.025240384615384616
0 0.9651442307692307 0.5649038461538461 0.01201923076923077 0.019230769230769232
0 0.8461538461538461 0.5913461538461539 0.013221153846153846 0.021634615384615384
0 0.8221153846153846 0.5132211538461539 0.013221153846153846 0.019230769230769232
0 0.7836538461538461 0.5300480769230769 0.009615384615384616 0.014423076923076924
0 0.796875 0.5276442307692307 0.008413461538461538 0.013221153846153846
0 0.7680288461538461 0.5228365384615384 0.009615384615384616 0.013221153846153846
0 0.7163461538461539 0.4891826923076923 0.007211538461538462 0.015625
0 0.6129807692307693 0.5060096153846154 0.009615384615384616 0.014423076923076924
0 0.5757211538461539 0.5144230769230769 0.015625 0.02283653846153846
0 0.5024038461538461 0.5072115384615384 0.007211538461538462 0.009615384615384616
0 0.4014423076923077 0.47836538461538464 0.019230769230769232 0.027644230769230768
0 0.2932692307692308 0.4891826923076923 0.020432692307692308 0.028846153846153848
0 0.47596153846153844 0.5865384615384616 0.006009615384615385 0.007211538461538462
0 0.20072115384615385 0.46634615384615385 0.021634615384615384 0.030048076923076924
0 0.13942307692307693 0.5084134615384616 0.021634615384615384 0.027644230769230768
0 0.04447115384615385 0.5204326923076923 0.016826923076923076 0.021634615384615384
0 0.12379807692307693 0.5036057692307693 0.01201923076923077 0.020432692307692308
0 0.2548076923076923 0.48197115384615385 0.004807692307692308 0.009615384615384616
0 0.018028846153846152 0.5180288461538461 0.006009615384615385 0.009615384615384616
0 0.007211538461538462 0.5144230769230769 0.003605769230769231 0.007211538461538462
0 0.06370192307692307 0.5216346153846154 0.004807692307692308 0.008413461538461538
0 0.078125 0.5132211538461539 0.003605769230769231 0.007211538461538462