0 0.014423076923076924 0.3557692307692308 0.028846153846153848 0.07211538461538461
0 0.1778846153846154 0.390625 0.03365384615384615 0.051682692307692304
0 0.31971153846153844 0.34975961538461536 0.02403846153846154 0.051682692307692304
0 0.35697115384615385 0.36899038461538464 0.02403846153846154 0.04927884615384615
0 0.4266826923076923 0.32091346153846156 0.02403846153846154 0.04567307692307692
0 0.4723557692307692 0.3557692307692308 0.030048076923076924 0.055288461538461536
0 0.5120192307692307 0.36658653846153844 0.025240384615384616 0.042067307692307696
0 0.5048076923076923 0.30649038461538464 0.019230769230769232 0.039663461538461536
0 0.546875 0.28125 0.018028846153846152 0.03485576923076923
0 0.5829326923076923 0.3545673076923077 0.02403846153846154 0.04567307692307692
0 0.5793269230769231 0.28125 0.018028846153846152 0.03485576923076923
0 0.6033653846153846 0.33052884615384615 0.021634615384615384 0.042067307692307696
0 0.6466346153846154 0.30408653846153844 0.018028846153846152 0.039663461538461536
0 0.6706730769230769 0.3137019230769231 0.019230769230769232 0.040865384615384616
0 0.6995192307692307 0.2932692307692308 0.015625 0.038461538461538464
0 0.703125 0.25600961538461536 0.018028846153846152 0.03245192307692308
0 0.6382211538461539 0.24278846153846154 0.015625 0.026442307692307692
0 0.6189903846153846 0.27283653846153844 0.018028846153846152 0.03365384615384615
0 0.5576923076923077 0.21514423076923078 0.016826923076923076 0.026442307692307692
0 0.5817307692307693 0.21634615384615385 0.014423076923076924 0.021634615384615384
0 0.6706730769230769 0.22115384615384615 0.013221153846153846 0.020432692307692308
0 0.75 0.23677884615384615 0.01201923076923077 0.020432692307692308
0 0.7932692307692307 0.21875 0.013221153846153846 0.019230769230769232
0 0.7800480769230769 0.20793269230769232 0.007211538461538462 0.01201923076923077
0 0.7704326923076923 0.21033653846153846 0.008413461538461538 0.015625
0 0.8185096153846154 0.22596153846153846 0.01201923076923077 0.020432692307692308
0 0.8798076923076923 0.18629807692307693 0.006009615384615385 0.010817307692307692
0 0.9110576923076923 0.2283653846153846 0.014423076923076924 0.03125
0 0.9170673076923077 0.16105769230769232 0.006009615384615385 0.008413461538461538
0 0.9411057692307693 0.16826923076923078 0.006009615384615385 0.01201923076923077
0 0.40024038461538464 0.17908653846153846 0.007211538461538462 0.015625
0 0.43028846153846156 0.171875 0.006009615384615385 0.01201923076923077
0 0.5024038461538461 0.17427884615384615 0.006009615384615385 0.01201923076923077
0 0.6237980769230769 0.22596153846153846 0.008413461538461538 0.015625
0 0.6923076923076923 0.23076923076923078 0.014423076923076924 0.021634615384615384
0 0.6502403846153846 0.23076923076923078 0.015625 0.02283653846153846