0 0.018028846153846152 0.21394230769230768 0.025240384615384616 0.04807692307692308
0 0.06850961538461539 0.20072115384615385 0.030048076923076924 0.056490384615384616
0 0.11298076923076923 0.22235576923076922 0.02403846153846154 0.05048076923076923
0 0.15504807692307693 0.20793269230769232 0.013221153846153846 0.046875
0 0.15264423076923078 0.24639423076923078 0.013221153846153846 0.03365384615384615
0 0.040865384615384616 0.32572115384615385 0.037259615384615384 0.07091346153846154
0 0.14423076923076922 0.38221153846153844 0.03365384615384615 0.06610576923076923
0 0.24158653846153846 0.24639423076923078 0.021634615384615384 0.04326923076923077
0 0.23076923076923078 0.265625 0.015625 0.03125
0 0.25600961538461536 0.23918269230769232 0.03125 0.05048076923076923
0 0.3485576923076923 0.20192307692307693 0.03125 0.06009615384615385
0 0.19110576923076922 0.453125 0.038461538461538464 0.07211538461538461
0 0.3076923076923077 0.46153846153846156 0.040865384615384616 0.07692307692307693
0 0.4170673076923077 0.15504807692307693 0.03365384615384615 0.0673076923076923
0 0.49399038461538464 0.21033653846153846 0.03365384615384615 0.06610576923076923
0 0.53125 0.21995192307692307 0.028846153846153848 0.056490384615384616
0 0.5600961538461539 0.15504807692307693 0.03365384615384615 0.06971153846153846
0 0.6490384615384616 0.24278846153846154 0.026442307692307692 0.05889423076923077
0 0.6959134615384616 0.2776442307692308 0.02283653846153846 0.04807692307692308
0 0.7560096153846154 0.24639423076923078 0.027644230769230768 0.054086538461538464
0 0.7860576923076923 0.26802884615384615 0.020432692307692308 0.052884615384615384
0 0.8257211538461539 0.2860576923076923 0.02403846153846154 0.05048076923076923
0 0.8545673076923077 0.25240384615384615 0.028846153846153848 0.057692307692307696
0 0.8100961538461539 0.3293269230769231 0.03485576923076923 0.06971153846153846
0 0.796875 0.45552884615384615 0.037259615384615384 0.07932692307692307
0 0.703125 0.46033653846153844 0.037259615384615384 0.07572115384615384
0 0.8966346153846154 0.2860576923076923 0.02403846153846154 0.04326923076923077
0 0.9627403846153846 0.25240384615384615 0.03245192307692308 0.06009615384615385
0 0.9362980769230769 0.3389423076923077 0.040865384615384616 0.06971153846153846
0 0.8930288461538461 0.5084134615384616 0.037259615384615384 0.07692307692307693
0 0.25841346153846156 0.31971153846153844 0.040865384615384616 0.0673076923076923
0 0.6634615384615384 0.35697115384615385 0.03245192307692308 0.05889423076923077