0 0.8701923076923077 0.7223557692307693 0.028846153846153848 0.0733173076923077
0 0.7836538461538461 0.765625 0.015625 0.039663461538461536
0 0.6923076923076923 0.7764423076923077 0.02403846153846154 0.0673076923076923
0 0.9795673076923077 0.6947115384615384 0.008413461538461538 0.02403846153846154
0 0.9603365384615384 0.6826923076923077 0.01201923076923077 0.027644230769230768
0 0.9699519230769231 0.6490384615384616 0.010817307692307692 0.021634615384615384
0 0.7920673076923077 0.6225961538461539 0.008413461538461538 0.020432692307692308
0 0.6598557692307693 0.734375 0.009615384615384616 0.021634615384615384
0 0.6394230769230769 0.6502403846153846 0.01201923076923077 0.02403846153846154
0 0.6430288461538461 0.6225961538461539 0.010817307692307692 0.02283653846153846
0 0.7415865384615384 0.6262019230769231 0.010817307692307692 0.02403846153846154
0 0.7776442307692307 0.5985576923076923 0.009615384615384616 0.018028846153846152
0 0.8533653846153846 0.6995192307692307 0.01201923076923077 0.02283653846153846
0 0.6466346153846154 0.6983173076923077 0.010817307692307692 0.021634615384615384
0 0.9519230769230769 0.5240384615384616 0.010817307692307692 0.020432692307692308
0 0.8858173076923077 0.5276442307692307 0.010817307692307692 0.020432692307692308
0 0.8990384615384616 0.5048076923076923 0.01201923076923077 0.021634615384615384
0 0.9483173076923077 0.4735576923076923 0.009615384615384616 0.018028846153846152
0 0.9483173076923077 0.4495192307692308 0.009615384615384616 0.016826923076923076
0 0.9807692307692307 0.43990384615384615 0.013221153846153846 0.026442307692307692
0 0.8112980769230769 0.5348557692307693 0.010817307692307692 0.02403846153846154
0 0.7644230769230769 0.5240384615384616 0.009615384615384616 0.02283653846153846
0 0.7163461538461539 0.5504807692307693 0.013221153846153846 0.021634615384615384
0 0.7439903846153846 0.6045673076923077 0.009615384615384616 0.018028846153846152
0 0.6550480769230769 0.5216346153846154 0.010817307692307692 0.02283653846153846
0 0.6742788461538461 0.5096153846153846 0.01201923076923077 0.02403846153846154
0 0.7379807692307693 0.4423076923076923 0.01201923076923077 0.021634615384615384
0 0.7788461538461539 0.47115384615384615 0.01201923076923077 0.018028846153846152
0 0.7884615384615384 0.4987980769230769 0.008413461538461538 0.020432692307692308
0 0.8149038461538461 0.4723557692307692 0.009615384615384616 0.02283653846153846
0 0.8329326923076923 0.4423076923076923 0.010817307692307692 0.02283653846153846
0 0.796875 0.4338942307692308 0.010817307692307692 0.02283653846153846
0 0.8473557692307693 0.33533653846153844 0.01201923076923077 0.020432692307692308
0 0.8810096153846154 0.33533653846153844 0.010817307692307692 0.021634615384615384
0 0.9242788461538461 0.34375 0.01201923076923077 0.02283653846153846
0 0.9639423076923077 0.3401442307692308 0.01201923076923077 0.02403846153846154
0 0.9903846153846154 0.2824519230769231 0.010817307692307692 0.018028846153846152
0 0.9651442307692307 0.21875 0.010817307692307692 0.020432692307692308
0 0.8197115384615384 0.2824519230769231 0.01201923076923077 0.021634615384615384
0 0.7704326923076923 0.3557692307692308 0.010817307692307692 0.02283653846153846
0 0.6658653846153846 0.41466346153846156 0.009615384615384616 0.020432692307692308
0 0.6947115384615384 0.30408653846153844 0.01201923076923077 0.02403846153846154
0 0.7307692307692307 0.3112980769230769 0.008413461538461538 0.021634615384615384
0 0.7115384615384616 0.2608173076923077 0.009615384615384616 0.016826923076923076
0 0.6694711538461539 0.24879807692307693 0.01201923076923077 0.02283653846153846
0 0.8617788461538461 0.21875 0.007211538461538462 0.02283653846153846
0 0.9387019230769231 0.2548076923076923 0.008413461538461538 0.016826923076923076
0 0.9122596153846154 0.3894230769230769 0.007211538461538462 0.016826923076923076
0 0.9483173076923077 0.390625 0.008413461538461538 0.020432692307692308
0 0.7319711538461539 0.4182692307692308 0.01201923076923077 0.021634615384615384
0 0.7055288461538461 0.390625 0.010817307692307692 0.02283653846153846
0 0.8762019230769231 0.11658653846153846 0.009615384615384616 0.020432692307692308
0 0.9134615384615384 0.1201923076923077 0.009615384615384616 0.018028846153846152
0 0.9002403846153846 0.0829326923076923 0.010817307692307692 0.020432692307692308
0 0.9206730769230769 0.056490384615384616 0.009615384615384616 0.02403846153846154
0 0.9651442307692307 0.008413461538461538 0.01201923076923077 0.016826923076923076
0 0.8533653846153846 0.056490384615384616 0.008413461538461538 0.020432692307692308
0 0.7572115384615384 0.19831730769230768 0.01201923076923077 0.02283653846153846
0 0.8233173076923077 0.21153846153846154 0.009615384615384616 0.020432692307692308
0 0.7944711538461539 0.2127403846153846 0.009615384615384616 0.018028846153846152
0 0.8076923076923077 0.17427884615384615 0.009615384615384616 0.021634615384615384
0 0.7644230769230769 0.14903846153846154 0.010817307692307692 0.021634615384615384
0 0.9242788461538461 0.21634615384615385 0.009615384615384616 0.02283653846153846
0 0.9158653846153846 0.19591346153846154 0.01201923076923077 0.02403846153846154
0 0.9507211538461539 0.1935096153846154 0.010817307692307692 0.016826923076923076
0 0.7716346153846154 0.2932692307692308 0.010817307692307692 0.02283653846153846
0 0.6490384615384616 0.2776442307692308 0.008413461538461538 0.018028846153846152
0 0.5985576923076923 0.27403846153846156 0.010817307692307692 0.015625
0 0.6490384615384616 0.3485576923076923 0.013221153846153846 0.020432692307692308
0 0.6141826923076923 0.35697115384615385 0.010817307692307692 0.021634615384615384
0 0.6213942307692307 0.4519230769230769 0.008413461538461538 0.016826923076923076
0 0.6358173076923077 0.45552884615384615 0.008413461538461538 0.02403846153846154
0 0.6526442307692307 0.19471153846153846 0.009615384615384616 0.016826923076923076
0 0.6826923076923077 0.19831730769230768 0.009615384615384616 0.021634615384615384
0 0.7235576923076923 0.19951923076923078 0.010817307692307692 0.021634615384615384
0 0.8245192307692307 0.140625 0.007211538461538462 0.018028846153846152
0 0.7944711538461539 0.14302884615384615 0.01201923076923077 0.016826923076923076
0 0.6454326923076923 0.11177884615384616 0.010817307692307692 0.020432692307692308
0 0.6742788461538461 0.11177884615384616 0.009615384615384616 0.02283653846153846
0 0.703125 0.11298076923076923 0.010817307692307692 0.026442307692307692
0 0.6069711538461539 0.19230769230769232 0.007211538461538462 0.018028846153846152
0 0.6274038461538461 0.16466346153846154 0.008413461538461538 0.020432692307692308
0 0.6274038461538461 0.109375 0.009615384615384616 0.020432692307692308
0 0.6370192307692307 0.028846153846153848 0.009615384615384616 0.018028846153846152
0 0.6490384615384616 0.02283653846153846 0.009615384615384616 0.018028846153846152
0 0.8209134615384616 0.008413461538461538 0.01201923076923077 0.016826923076923076
0 0.8569711538461539 0.008413461538461538 0.007211538461538462 0.016826923076923076
0 0.890625 0.008413461538461538 0.01201923076923077 0.016826923076923076
0 0.9050480769230769 0.44350961538461536 0.01201923076923077 0.020432692307692308
0 0.6310096153846154 0.24278846153846154 0.008413461538461538 0.020432692307692308
0 0.6262019230769231 0.21514423076923078 0.010817307692307692 0.020432692307692308
0 0.4483173076923077 0.06850961538461539 0.010817307692307692 0.021634615384615384
0 0.5 0.04807692307692308 0.010817307692307692 0.015625
0 0.46634615384615385 0.04927884615384615 0.010817307692307692 0.020432692307692308
0 0.5324519230769231 0.11298076923076923 0.009615384615384616 0.021634615384615384
0 0.5384615384615384 0.07211538461538461 0.010817307692307692 0.020432692307692308
0 0.5685096153846154 0.05048076923076923 0.009615384615384616 0.021634615384615384
0 0.6045673076923077 0.021634615384615384 0.007211538461538462 0.015625
0 0.4963942307692308 0.018028846153846152 0.009615384615384616 0.018028846153846152
0 0.5348557692307693 0.04807692307692308 0.008413461538461538 0.016826923076923076
0 0.5865384615384616 0.10576923076923077 0.009615384615384616 0.021634615384615384
0 0.5685096153846154 0.18389423076923078 0.010817307692307692 0.018028846153846152
0 0.5661057692307693 0.21153846153846154 0.009615384615384616 0.020432692307692308
0 0.578125 0.25 0.010817307692307692 0.018028846153846152
0 0.5600961538461539 0.2704326923076923 0.010817307692307692 0.016826923076923076
0 0.5480769230769231 0.28125 0.01201923076923077 0.020432692307692308
0 0.5396634615384616 0.2439903846153846 0.009615384615384616 0.018028846153846152
0 0.49399038461538464 0.21875 0.008413461538461538 0.020432692307692308
0 0.48677884615384615 0.18389423076923078 0.009615384615384616 0.021634615384615384
0 0.4639423076923077 0.21033653846153846 0.010817307692307692 0.020432692307692308
0 0.38221153846153844 0.16105769230769232 0.010817307692307692 0.021634615384615384
0 0.3798076923076923 0.12860576923076922 0.008413461538461538 0.020432692307692308
0 0.41466346153846156 0.07692307692307693 0.009615384615384616 0.021634615384615384
0 0.3954326923076923 0.018028846153846152 0.007211538461538462 0.02283653846153846
0 0.5084134615384616 0.27283653846153844 0.01201923076923077 0.021634615384615384
0 0.4266826923076923 0.027644230769230768 0.007211538461538462 0.02283653846153846
0 0.44591346153846156 0.02283653846153846 0.008413461538461538 0.018028846153846152
0 0.35096153846153844 0.04927884615384615 0.009615384615384616 0.021634615384615384
0 0.3233173076923077 0.051682692307692304 0.008413461538461538 0.020432692307692308
0 0.3557692307692308 0.13822115384615385 0.007211538461538462 0.020432692307692308
0 0.28365384615384615 0.18389423076923078 0.009615384615384616 0.020432692307692308
0 0.28365384615384615 0.23918269230769232 0.007211538461538462 0.013221153846153846
0 0.3076923076923077 0.2668269230769231 0.007211538461538462 0.021634615384615384
0 0.375 0.4014423076923077 0.007211538461538462 0.021634615384615384
0 0.4326923076923077 0.4074519230769231 0.007211538461538462 0.02283653846153846
0 0.5985576923076923 0.12860576923076922 0.008413461538461538 0.021634615384615384
0 0.35216346153846156 0.010817307692307692 0.01201923076923077 0.021634615384615384
0 0.5793269230769231 0.003605769230769231 0.007211538461538462 0.007211538461538462
0 0.14182692307692307 0.23798076923076922 0.009615384615384616 0.020432692307692308
0 0.17548076923076922 0.2403846153846154 0.006009615384615385 0.018028846153846152
0 0.1778846153846154 0.24278846153846154 0.009615384615384616 0.021634615384615384
0 0.22716346153846154 0.22596153846153846 0.010817307692307692 0.02403846153846154
0 0.24278846153846154 0.19951923076923078 0.008413461538461538 0.018028846153846152
0 0.2608173076923077 0.23317307692307693 0.008413461538461538 0.020432692307692308
0 0.2620192307692308 0.23317307692307693 0.009615384615384616 0.018028846153846152
0 0.24158653846153846 0.3449519230769231 0.010817307692307692 0.020432692307692308
0 0.24158653846153846 0.3798076923076923 0.01201923076923077 0.021634615384615384
0 0.14302884615384615 0.28365384615384615 0.008413461538461538 0.020432692307692308
0 0.18389423076923078 0.28725961538461536 0.010817307692307692 0.018028846153846152
0 0.051682692307692304 0.21514423076923078 0.01201923076923077 0.020432692307692308
0 0.10096153846153846 0.23317307692307693 0.009615384615384616 0.018028846153846152
0 0.10096153846153846 0.234375 0.009615384615384616 0.02283653846153846
0 0.11899038461538461 0.33774038461538464 0.009615384615384616 0.020432692307692308
0 0.15745192307692307 0.34375 0.01201923076923077 0.020432692307692308
0 0.16947115384615385 0.3629807692307692 0.010817307692307692 0.02283653846153846
0 0.21875 0.4050480769230769 0.013221153846153846 0.018028846153846152
0 0.20072115384615385 0.3449519230769231 0.009615384615384616 0.021634615384615384
0 0.21153846153846154 0.3786057692307692 0.010817307692307692 0.021634615384615384
0 0.2620192307692308 0.39903846153846156 0.009615384615384616 0.02283653846153846
0 0.2608173076923077 0.13221153846153846 0.010817307692307692 0.02283653846153846
0 0.22115384615384615 0.12740384615384615 0.009615384615384616 0.018028846153846152
0 0.18389423076923078 0.12379807692307693 0.009615384615384616 0.016826923076923076
0 0.18629807692307693 0.13701923076923078 0.006009615384615385 0.007211538461538462
0 0.14783653846153846 0.12620192307692307 0.008413461538461538 0.020432692307692308
0 0.12980769230769232 0.0673076923076923 0.009615384615384616 0.021634615384615384
0 0.14302884615384615 0.08533653846153846 0.009615384615384616 0.02283653846153846
0 0.18028846153846154 0.0889423076923077 0.009615384615384616 0.020432692307692308
0 0.2091346153846154 0.0733173076923077 0.010817307692307692 0.021634615384615384
0 0.24879807692307693 0.06610576923076923 0.010817307692307692 0.02283653846153846
0 0.23677884615384615 0.037259615384615384 0.010817307692307692 0.02283653846153846
0 0.19471153846153846 0.03485576923076923 0.009615384615384616 0.02283653846153846
0 0.1875 0.027644230769230768 0.008413461538461538 0.020432692307692308
0 0.16826923076923078 0.057692307692307696 0.010817307692307692 0.020432692307692308
0 0.15865384615384615 0.03125 0.009615384615384616 0.016826923076923076
0 0.13221153846153846 0.026442307692307692 0.010817307692307692 0.016826923076923076
0 0.078125 0.028846153846153848 0.008413461538461538 0.015625
0 0.11298076923076923 0.01201923076923077 0.008413461538461538 0.015625
0 0.09735576923076923 0.09014423076923077 0.01201923076923077 0.018028846153846152
0 0.07692307692307693 0.13822115384615385 0.01201923076923077 0.02283653846153846
0 0.06129807692307692 0.09375 0.009615384615384616 0.016826923076923076
0 0.06971153846153846 0.11177884615384616 0.009615384615384616 0.02283653846153846
0 0.03125 0.12139423076923077 0.009615384615384616 0.021634615384615384
0 0.02403846153846154 0.09495192307692307 0.008413461538461538 0.021634615384615384
0 0.051682692307692304 0.06009615384615385 0.009615384615384616 0.021634615384615384
0 0.046875 0.02403846153846154 0.010817307692307692 0.02283653846153846
0 0.04447115384615385 0.18269230769230768 0.009615384615384616 0.02283653846153846
0 0.004807692307692308 0.17307692307692307 0.008413461538461538 0.021634615384615384
0 0.020432692307692308 0.22596153846153846 0.010817307692307692 0.021634615384615384
0 0.09134615384615384 0.3389423076923077 0.010817307692307692 0.020432692307692308
0 0.09615384615384616 0.2848557692307692 0.009615384615384616 0.02283653846153846
0 0.12740384615384615 0.36658653846153844 0.009615384615384616 0.02283653846153846
0 0.042067307692307696 0.359375 0.010817307692307692 0.018028846153846152
0 0.028846153846153848 0.34615384615384615 0.01201923076923077 0.021634615384615384
0 0.078125 0.37740384615384615 0.007211538461538462 0.015625
0 0.08052884615384616 0.3870192307692308 0.009615384615384616 0.020432692307692308
0 0.003605769230769231 0.040865384615384616 0.007211538461538462 0.016826923076923076
0 0.03485576923076923 0.006009615384615385 0.008413461538461538 0.01201923076923077
0 0.003605769230769231 0.2608173076923077 0.007211538461538462 0.018028846153846152
0 0.5600961538461539 0.7439903846153846 0.02403846153846154 0.051682692307692304
0 0.5997596153846154 0.6177884615384616 0.01201923076923077 0.021634615384615384
0 0.5600961538461539 0.5264423076923077 0.010817307692307692 0.02283653846153846
0 0.6274038461538461 0.5264423076923077 0.009615384615384616 0.020432692307692308
0 0.640625 0.5012019230769231 0.01201923076923077 0.02403846153846154
0 0.5913461538461539 0.5048076923076923 0.007211538461538462 0.018028846153846152
0 0.6081730769230769 0.59375 0.013221153846153846 0.027644230769230768
0 0.5612980769230769 0.5949519230769231 0.013221153846153846 0.02403846153846154
0 0.4651442307692308 0.7704326923076923 0.02403846153846154 0.05048076923076923
0 0.3858173076923077 0.7608173076923077 0.02283653846153846 0.05048076923076923
0 0.3137019230769231 0.7560096153846154 0.020432692307692308 0.04927884615384615
0 0.22355769230769232 0.7572115384615384 0.020432692307692308 0.04807692307692308
0 0.18269230769230768 0.7776442307692307 0.018028846153846152 0.04567307692307692
0 0.3870192307692308 0.6478365384615384 0.01201923076923077 0.021634615384615384
0 0.4098557692307692 0.6766826923076923 0.01201923076923077 0.028846153846153848
0 0.43149038461538464 0.6550480769230769 0.008413461538461538 0.021634615384615384
0 0.4879807692307692 0.4963942307692308 0.009615384615384616 0.021634615384615384
0 0.34615384615384615 0.5504807692307693 0.009615384615384616 0.021634615384615384
0 0.3581730769230769 0.4987980769230769 0.010817307692307692 0.020432692307692308
0 0.4110576923076923 0.5048076923076923 0.008413461538461538 0.018028846153846152
0 0.33052884615384615 0.7043269230769231 0.01201923076923077 0.02283653846153846
0 0.33774038461538464 0.7295673076923077 0.01201923076923077 0.02403846153846154
0 0.2668269230769231 0.7487980769230769 0.01201923076923077 0.026442307692307692
0 0.2764423076923077 0.6814903846153846 0.01201923076923077 0.02403846153846154
0 0.2439903846153846 0.6959134615384616 0.01201923076923077 0.02283653846153846
0 0.171875 0.7235576923076923 0.013221153846153846 0.02403846153846154
0 0.14423076923076922 0.7608173076923077 0.013221153846153846 0.026442307692307692
0 0.16105769230769232 0.59375 0.009615384615384616 0.021634615384615384
0 0.140625 0.6057692307692307 0.009615384615384616 0.02403846153846154
0 0.20432692307692307 0.5901442307692307 0.01201923076923077 0.02283653846153846
0 0.23798076923076922 0.5324519230769231 0.013221153846153846 0.026442307692307692
0 0.265625 0.5204326923076923 0.01201923076923077 0.021634615384615384
0 0.25240384615384615 0.5961538461538461 0.01201923076923077 0.02403846153846154
0 0.27403846153846156 0.6382211538461539 0.013221153846153846 0.02403846153846154
0 0.23076923076923078 0.6622596153846154 0.013221153846153846 0.02403846153846154
0 0.31009615384615385 0.6502403846153846 0.01201923076923077 0.026442307692307692
0 0.34615384615384615 0.6454326923076923 0.01201923076923077 0.021634615384615384
0 0.19471153846153846 0.6514423076923077 0.008413461538461538 0.02403846153846154
0 0.22115384615384615 0.5132211538461539 0.01201923076923077 0.02403846153846154
0 0.21394230769230768 0.4891826923076923 0.010817307692307692 0.02403846153846154
0 0.2536057692307692 0.49399038461538464 0.01201923076923077 0.021634615384615384
0 0.23677884615384615 0.46875 0.010817307692307692 0.02403846153846154
0 0.16826923076923078 0.49038461538461536 0.01201923076923077 0.02403846153846154
0 0.2824519230769231 0.45072115384615385 0.013221153846153846 0.026442307692307692
0 0.27163461538461536 0.42427884615384615 0.01201923076923077 0.02403846153846154
0 0.1778846153846154 0.4110576923076923 0.009615384615384616 0.02403846153846154
0 0.1466346153846154 0.4230769230769231 0.01201923076923077 0.021634615384615384
0 0.15264423076923078 0.4543269230769231 0.01201923076923077 0.02403846153846154
0 0.140625 0.5733173076923077 0.010817307692307692 0.021634615384615384
0 0.5084134615384616 0.5036057692307693 0.009615384615384616 0.02403846153846154
0 0.5913461538461539 0.46153846153846156 0.009615384615384616 0.018028846153846152
0 0.6009615384615384 0.5324519230769231 0.009615384615384616 0.020432692307692308
0 0.3245192307692308 0.5036057692307693 0.009615384615384616 0.020432692307692308
0 0.3088942307692308 0.5276442307692307 0.010817307692307692 0.026442307692307692
0 0.11177884615384616 0.49278846153846156 0.01201923076923077 0.020432692307692308
0 0.07692307692307693 0.49038461538461536 0.010817307692307692 0.02283653846153846
0 0.03365384615384615 0.4879807692307692 0.01201923076923077 0.020432692307692308
0 0.03125 0.5132211538461539 0.013221153846153846 0.03125
0 0.046875 0.5456730769230769 0.01201923076923077 0.027644230769230768
0 0.12259615384615384 0.5264423076923077 0.009615384615384616 0.020432692307692308
0 0.09254807692307693 0.5264423076923077 0.008413461538461538 0.018028846153846152
0 0.06009615384615385 0.6286057692307693 0.013221153846153846 0.02283653846153846
0 0.12740384615384615 0.71875 0.010817307692307692 0.028846153846153848
0 0.1045673076923077 0.6490384615384616 0.010817307692307692 0.020432692307692308
0 0.06490384615384616 0.71875 0.01201923076923077 0.027644230769230768
0 0.054086538461538464 0.7620192307692307 0.01201923076923077 0.021634615384615384
0 0.02403846153846154 0.7872596153846154 0.016826923076923076 0.03485576923076923
0 0.002403846153846154 0.41466346153846156 0.004807692307692308 0.018028846153846152
0 0.9927884615384616 0.5336538461538461 0.01201923076923077 0.02403846153846154
0 0.9963942307692307 0.22716346153846154 0.004807692307692308 0.021634615384615384
0 0.9975961538461539 0.10817307692307693 0.003605769230769231 0.020432692307692308
0 0.41225961538461536 0.15985576923076922 0.009615384615384616 0.020432692307692308
0 0.46634615384615385 0.13221153846153846 0.009615384615384616 0.021634615384615384
0 0.5 0.12860576923076922 0.007211538461538462 0.018028846153846152
0 0.546875 0.10096153846153846 0.007211538461538462 0.015625
0 0.33653846153846156 0.6742788461538461 0.013221153846153846 0.02403846153846154
0 0.8233173076923077 0.5 0.010817307692307692 0.020432692307692308
0 0.8701923076923077 0.49399038461538464 0.008413461538461538 0.016826923076923076
0 0.9158653846153846 0.47716346153846156 0.007211538461538462 0.02283653846153846
0 0.31971153846153844 0.03125 0.008413461538461538 0.018028846153846152
0 0.3870192307692308 0.07211538461538461 0.008413461538461538 0.015625
0 0.6081730769230769 0.11057692307692307 0.008413461538461538 0.013221153846153846
0 0.5865384615384616 0.2776442307692308 0.010817307692307692 0.020432692307692308
0 0.21875 0.7331730769230769 0.010817307692307692 0.02403846153846154
0 0.09735576923076923 0.7908653846153846 0.016826923076923076 0.03485576923076923
0 0.09014423076923077 0.06129807692307692 0.007211538461538462 0.018028846153846152
0 0.025240384615384616 0.140625 0.008413461538461538 0.02283653846153846
0 0.9747596153846154 0.28725961538461536 0.008413461538461538 0.016826923076923076
0 0.9879807692307693 0.24639423076923078 0.008413461538461538 0.021634615384615384
0 0.8798076923076923 0.22115384615384615 0.010817307692307692 0.016826923076923076
0 0.40625 0.5456730769230769 0.010817307692307692 0.021634615384615384
0 0.45072115384615385 0.5048076923076923 0.01201923076923077 0.02403846153846154
0 0.6021634615384616 0.7668269230769231 0.018028846153846152 0.038461538461538464
0 0.8653846153846154 0.43990384615384615 0.01201923076923077 0.026442307692307692
0 0.8653846153846154 0.08413461538461539 0.01201923076923077 0.02403846153846154