0 0.3112980769230769 0.6682692307692307 0.013221153846153846 0.020432692307692308
0 0.4074519230769231 0.6286057692307693 0.013221153846153846 0.018028846153846152
0 0.4951923076923077 0.6274038461538461 0.013221153846153846 0.020432692307692308
0 0.7860576923076923 0.5793269230769231 0.009615384615384616 0.015625
0 0.7019230769230769 0.5757211538461539 0.007211538461538462 0.014423076923076924
0 0.6298076923076923 0.5745192307692307 0.008413461538461538 0.01201923076923077
0 0.5625 0.5745192307692307 0.010817307692307692 0.014423076923076924
0 0.5168269230769231 0.5480769230769231 0.009615384615384616 0.015625
0 0.5 0.5516826923076923 0.009615384615384616 0.013221153846153846
0 0.6430288461538461 0.5600961538461539 0.008413461538461538 0.014423076923076924
0 0.5733173076923077 0.5420673076923077 0.01201923076923077 0.015625
0 0.7175480769230769 0.546875 0.007211538461538462 0.013221153846153846
0 0.34134615384615385 0.546875 0.009615384615384616 0.013221153846153846
0 0.31971153846153844 0.5384615384615384 0.008413461538461538 0.015625
0 0.28966346153846156 0.5432692307692307 0.008413461538461538 0.015625
0 0.2512019230769231 0.5252403846153846 0.008413461538461538 0.013221153846153846
0 0.22716346153846154 0.5336538461538461 0.008413461538461538 0.01201923076923077
0 0.18028846153846154 0.5216346153846154 0.009615384615384616 0.014423076923076924
0 0.15504807692307693 0.53125 0.008413461538461538 0.014423076923076924
0 0.12139423076923077 0.5084134615384616 0.008413461538461538 0.015625
0 0.0889423076923077 0.53125 0.007211538461538462 0.015625
0 0.8557692307692307 0.5829326923076923 0.009615384615384616 0.01201923076923077
0 0.8449519230769231 0.5733173076923077 0.008413461538461538 0.010817307692307692
0 0.31009615384615385 0.6153846153846154 0.009615384615384616 0.015625
0 0.45072115384615385 0.5853365384615384 0.008413461538461538 0.018028846153846152
0 0.39903846153846156 0.5408653846153846 0.009615384615384616 0.014423076923076924
0 0.4423076923076923 0.5348557692307693 0.007211538461538462 0.01201923076923077
0 0.37740384615384615 0.5348557692307693 0.007211538461538462 0.013221153846153846
0 0.828125 0.44711538461538464 0.006009615384615385 0.007211538461538462
0 0.78125 0.44471153846153844 0.004807692307692308 0.008413461538461538
0 0.7391826923076923 0.43149038461538464 0.006009615384615385 0.010817307692307692
0 0.7295673076923077 0.4411057692307692 0.004807692307692308 0.007211538461538462
0 0.6899038461538461 0.43990384615384615 0.007211538461538462 0.010817307692307692
0 0.7019230769230769 0.4266826923076923 0.006009615384615385 0.007211538461538462
0 0.6490384615384616 0.4375 0.004807692307692308 0.008413461538461538
0 0.5661057692307693 0.4411057692307692 0.007211538461538462 0.008413461538461538
0 0.35216346153846156 0.41947115384615385 0.006009615384615385 0.010817307692307692
0 0.4074519230769231 0.4182692307692308 0.004807692307692308 0.007211538461538462
0 0.4543269230769231 0.4182692307692308 0.006009615384615385 0.008413461538461538
0 0.5 0.4230769230769231 0.004807692307692308 0.008413461538461538
0 0.5348557692307693 0.43149038461538464 0.007211538461538462 0.008413461538461538
0 0.4170673076923077 0.41346153846153844 0.004807692307692308 0.008413461538461538
0 0.4651442307692308 0.4074519230769231 0.006009615384615385 0.007211538461538462
0 0.5048076923076923 0.41466346153846156 0.004807692307692308 0.008413461538461538
0 0.6129807692307693 0.4266826923076923 0.007211538461538462 0.01201923076923077