0 0.3137019230769231 0.5252403846153846 0.007211538461538462 0.013221153846153846
0 0.34134615384615385 0.515625 0.008413461538461538 0.013221153846153846
0 0.3076923076923077 0.578125 0.007211538461538462 0.015625
0 0.3473557692307692 0.5853365384615384 0.007211538461538462 0.013221153846153846
0 0.3557692307692308 0.6237980769230769 0.008413461538461538 0.015625
0 0.3870192307692308 0.6105769230769231 0.007211538461538462 0.019230769230769232
0 0.42427884615384615 0.6105769230769231 0.007211538461538462 0.018028846153846152
0 0.3545673076923077 0.5588942307692307 0.007211538461538462 0.010817307692307692
0 0.36778846153846156 0.5276442307692307 0.007211538461538462 0.018028846153846152
0 0.3545673076923077 0.48677884615384615 0.007211538461538462 0.014423076923076924
0 0.3918269230769231 0.47716346153846156 0.008413461538461538 0.014423076923076924
0 0.39783653846153844 0.5240384615384616 0.007211538461538462 0.013221153846153846
0 0.43028846153846156 0.47115384615384615 0.008413461538461538 0.013221153846153846
0 0.4483173076923077 0.4963942307692308 0.006009615384615385 0.013221153846153846
0 0.4639423076923077 0.5108173076923077 0.007211538461538462 0.018028846153846152
0 0.43028846153846156 0.5240384615384616 0.007211538461538462 0.013221153846153846
0 0.43990384615384615 0.5661057692307693 0.007211538461538462 0.015625
0 0.46875 0.5576923076923077 0.007211538461538462 0.013221153846153846
0 0.46153846153846156 0.6189903846153846 0.007211538461538462 0.019230769230769232
0 0.4987980769230769 0.6141826923076923 0.007211538461538462 0.019230769230769232
0 0.5336538461538461 0.609375 0.007211538461538462 0.019230769230769232
0 0.4951923076923077 0.5612980769230769 0.007211538461538462 0.013221153846153846
0 0.4795673076923077 0.5036057692307693 0.007211538461538462 0.014423076923076924
0 0.4951923076923077 0.4723557692307692 0.007211538461538462 0.014423076923076924
0 0.5240384615384616 0.47716346153846156 0.007211538461538462 0.014423076923076924
0 0.5516826923076923 0.47596153846153844 0.007211538461538462 0.014423076923076924
0 0.5120192307692307 0.5012019230769231 0.007211538461538462 0.014423076923076924
0 0.53125 0.5252403846153846 0.007211538461538462 0.014423076923076924
0 0.5228365384615384 0.5576923076923077 0.007211538461538462 0.010817307692307692
0 0.5552884615384616 0.5612980769230769 0.007211538461538462 0.015625
0 0.49278846153846156 0.5204326923076923 0.007211538461538462 0.013221153846153846
0 0.5829326923076923 0.47115384615384615 0.007211538461538462 0.018028846153846152
0 0.5697115384615384 0.5 0.007211538461538462 0.015625
0 0.5600961538461539 0.5288461538461539 0.006009615384615385 0.010817307692307692
0 0.6033653846153846 0.4951923076923077 0.008413461538461538 0.018028846153846152
0 0.6189903846153846 0.5084134615384616 0.007211538461538462 0.015625
0 0.6358173076923077 0.4963942307692308 0.008413461538461538 0.020432692307692308
0 0.6418269230769231 0.5528846153846154 0.007211538461538462 0.015625
0 0.6129807692307693 0.5540865384615384 0.007211538461538462 0.014423076923076924
0 0.5889423076923077 0.5204326923076923 0.008413461538461538 0.014423076923076924
0 0.5889423076923077 0.5637019230769231 0.008413461538461538 0.014423076923076924
0 0.5757211538461539 0.6153846153846154 0.009615384615384616 0.015625
0 0.6129807692307693 0.6141826923076923 0.008413461538461538 0.018028846153846152
0 0.6478365384615384 0.6117788461538461 0.007211538461538462 0.014423076923076924
0 0.7079326923076923 0.47716346153846156 0.006009615384615385 0.014423076923076924
0 0.6670673076923077 0.5180288461538461 0.006009615384615385 0.013221153846153846
0 0.6826923076923077 0.5084134615384616 0.007211538461538462 0.014423076923076924
0 0.6634615384615384 0.5432692307692307 0.007211538461538462 0.020432692307692308
0 0.6875 0.5336538461538461 0.007211538461538462 0.015625
0 0.6971153846153846 0.5276442307692307 0.006009615384615385 0.009615384615384616
0 0.7211538461538461 0.5240384615384616 0.007211538461538462 0.013221153846153846
0 0.7115384615384616 0.5420673076923077 0.007211538461538462 0.018028846153846152
0 0.6850961538461539 0.5661057692307693 0.007211538461538462 0.019230769230769232
0 0.7127403846153846 0.5757211538461539 0.009615384615384616 0.019230769230769232
0 0.7379807692307693 0.5348557692307693 0.007211538461538462 0.020432692307692308
0 0.7475961538461539 0.5132211538461539 0.007211538461538462 0.018028846153846152
0 0.7572115384615384 0.49399038461538464 0.007211538461538462 0.014423076923076924
0 0.7860576923076923 0.49038461538461536 0.007211538461538462 0.015625
0 0.7764423076923077 0.5192307692307693 0.007211538461538462 0.014423076923076924
0 0.7644230769230769 0.5288461538461539 0.007211538461538462 0.018028846153846152
0 0.7860576923076923 0.5324519230769231 0.008413461538461538 0.018028846153846152
0 0.7848557692307693 0.5540865384615384 0.008413461538461538 0.019230769230769232
0 0.7463942307692307 0.5625 0.008413461538461538 0.02283653846153846
0 0.6802884615384616 0.6442307692307693 0.008413461538461538 0.014423076923076924
0 0.8461538461538461 0.546875 0.009615384615384616 0.020432692307692308
0 0.8918269230769231 0.5673076923076923 0.008413461538461538 0.020432692307692308
0 0.13822115384615385 0.5 0.008413461538461538 0.018028846153846152
0 0.11057692307692307 0.5036057692307693 0.009615384615384616 0.015625
0 0.12259615384615384 0.5180288461538461 0.007211538461538462 0.014423076923076924
0 0.10697115384615384 0.5384615384615384 0.009615384615384616 0.018028846153846152
0 0.08052884615384616 0.5612980769230769 0.008413461538461538 0.019230769230769232
0 0.15504807692307693 0.546875 0.008413461538461538 0.018028846153846152
0 0.15625 0.5721153846153846 0.008413461538461538 0.018028846153846152
0 0.18269230769230768 0.5420673076923077 0.008413461538461538 0.019230769230769232
0 0.17548076923076922 0.4951923076923077 0.007211538461538462 0.014423076923076924
0 0.20673076923076922 0.5012019230769231 0.007211538461538462 0.014423076923076924
0 0.2091346153846154 0.5420673076923077 0.007211538461538462 0.018028846153846152
0 0.22235576923076922 0.5252403846153846 0.006009615384615385 0.014423076923076924
0 0.18629807692307693 0.5769230769230769 0.006009615384615385 0.018028846153846152
0 0.23677884615384615 0.5012019230769231 0.010817307692307692 0.014423076923076924
0 0.25240384615384615 0.5252403846153846 0.008413461538461538 0.015625
0 0.22596153846153846 0.5817307692307693 0.009615384615384616 0.018028846153846152
0 0.2692307692307692 0.4963942307692308 0.007211538461538462 0.015625
0 0.2860576923076923 0.5228365384615384 0.007211538461538462 0.013221153846153846
0 0.30288461538461536 0.4963942307692308 0.008413461538461538 0.014423076923076924
0 0.26802884615384615 0.5829326923076923 0.007211538461538462 0.020432692307692308