0 0.0889423076923077 0.4362980769230769 0.020432692307692308 0.026442307692307692
0 0.14302884615384615 0.45913461538461536 0.021634615384615384 0.036057692307692304
0 0.16346153846153846 0.4723557692307692 0.018028846153846152 0.027644230769230768
0 0.1971153846153846 0.45552884615384615 0.018028846153846152 0.025240384615384616
0 0.21634615384615385 0.49399038461538464 0.018028846153846152 0.025240384615384616
0 0.18509615384615385 0.5649038461538461 0.021634615384615384 0.028846153846153848
0 0.25600961538461536 0.5552884615384616 0.018028846153846152 0.026442307692307692
0 0.2932692307692308 0.46033653846153844 0.018028846153846152 0.026442307692307692
0 0.33052884615384615 0.4651442307692308 0.016826923076923076 0.02403846153846154
0 0.33052884615384615 0.5576923076923077 0.018028846153846152 0.02403846153846154
0 0.390625 0.5528846153846154 0.018028846153846152 0.02283653846153846
0 0.3713942307692308 0.47115384615384615 0.014423076923076924 0.025240384615384616
0 0.4110576923076923 0.46033653846153844 0.015625 0.025240384615384616
0 0.47596153846153844 0.45552884615384615 0.018028846153846152 0.027644230769230768
0 0.43990384615384615 0.4651442307692308 0.013221153846153846 0.026442307692307692
0 0.44711538461538464 0.5997596153846154 0.019230769230769232 0.040865384615384616
0 0.5072115384615384 0.6141826923076923 0.018028846153846152 0.03485576923076923
0 0.5685096153846154 0.609375 0.019230769230769232 0.03485576923076923
0 0.5612980769230769 0.4879807692307692 0.016826923076923076 0.027644230769230768
0 0.5192307692307693 0.45913461538461536 0.013221153846153846 0.025240384615384616
0 0.5024038461538461 0.4795673076923077 0.01201923076923077 0.019230769230769232
0 0.5372596153846154 0.4639423076923077 0.015625 0.02283653846153846
0 0.5649038461538461 0.44471153846153844 0.015625 0.025240384615384616
0 0.5841346153846154 0.45552884615384615 0.014423076923076924 0.025240384615384616
0 0.6045673076923077 0.4579326923076923 0.016826923076923076 0.027644230769230768
0 0.6322115384615384 0.4495192307692308 0.014423076923076924 0.025240384615384616
0 0.6274038461538461 0.6153846153846154 0.020432692307692308 0.039663461538461536
0 0.6454326923076923 0.53125 0.010817307692307692 0.015625
0 0.6514423076923077 0.48197115384615385 0.015625 0.02403846153846154
0 0.6754807692307693 0.47716346153846156 0.01201923076923077 0.019230769230769232
0 0.6995192307692307 0.4795673076923077 0.015625 0.020432692307692308
0 0.7079326923076923 0.5408653846153846 0.018028846153846152 0.027644230769230768
0 0.7391826923076923 0.49038461538461536 0.014423076923076924 0.019230769230769232
0 0.7572115384615384 0.4795673076923077 0.013221153846153846 0.018028846153846152
0 0.7752403846153846 0.5048076923076923 0.015625 0.02403846153846154
0 0.7487980769230769 0.5649038461538461 0.016826923076923076 0.025240384615384616
0 0.7872596153846154 0.5757211538461539 0.018028846153846152 0.020432692307692308
0 0.8269230769230769 0.4735576923076923 0.020432692307692308 0.03125
0 0.8858173076923077 0.4879807692307692 0.021634615384615384 0.03365384615384615