0 0.19110576923076922 0.49038461538461536 0.015625 0.021634615384615384
0 0.21875 0.44350961538461536 0.016826923076923076 0.027644230769230768
0 0.24519230769230768 0.5024038461538461 0.014423076923076924 0.02283653846153846
0 0.2860576923076923 0.4483173076923077 0.014423076923076924 0.028846153846153848
0 0.30649038461538464 0.4723557692307692 0.015625 0.027644230769230768
0 0.3425480769230769 0.4230769230769231 0.015625 0.02283653846153846
0 0.25721153846153844 0.3894230769230769 0.015625 0.02283653846153846
0 0.22956730769230768 0.3401442307692308 0.014423076923076924 0.026442307692307692
0 0.2920673076923077 0.35096153846153844 0.013221153846153846 0.02283653846153846
0 0.31850961538461536 0.3942307692307692 0.014423076923076924 0.021634615384615384
0 0.35096153846153844 0.34975961538461536 0.01201923076923077 0.019230769230769232
0 0.37259615384615385 0.40024038461538464 0.015625 0.019230769230769232
0 0.39903846153846156 0.3329326923076923 0.014423076923076924 0.020432692307692308
0 0.40024038461538464 0.4375 0.016826923076923076 0.027644230769230768
0 0.36538461538461536 0.4675480769230769 0.014423076923076924 0.028846153846153848
0 0.43149038461538464 0.4723557692307692 0.015625 0.03125
0 0.4338942307692308 0.3954326923076923 0.013221153846153846 0.021634615384615384
0 0.47716346153846156 0.27283653846153844 0.013221153846153846 0.018028846153846152
0 0.5492788461538461 0.25721153846153844 0.015625 0.02283653846153846
0 0.5240384615384616 0.34134615384615385 0.015625 0.021634615384615384
0 0.4639423076923077 0.3557692307692308 0.013221153846153846 0.021634615384615384
0 0.5949519230769231 0.3161057692307692 0.014423076923076924 0.026442307692307692
0 0.6622596153846154 0.32211538461538464 0.015625 0.02283653846153846
0 0.6358173076923077 0.3798076923076923 0.015625 0.025240384615384616
0 0.5637019230769231 0.4074519230769231 0.014423076923076924 0.025240384615384616
0 0.5036057692307693 0.3894230769230769 0.014423076923076924 0.026442307692307692
0 0.4855769230769231 0.46875 0.013221153846153846 0.027644230769230768
0 0.46634615384615385 0.46875 0.013221153846153846 0.026442307692307692
0 0.5348557692307693 0.44350961538461536 0.015625 0.02283653846153846
0 0.5504807692307693 0.4723557692307692 0.016826923076923076 0.028846153846153848
0 0.6057692307692307 0.4855769230769231 0.013221153846153846 0.03125
0 0.5997596153846154 0.46033653846153844 0.015625 0.026442307692307692
0 0.6682692307692307 0.43028846153846156 0.014423076923076924 0.026442307692307692
0 0.6923076923076923 0.3870192307692308 0.016826923076923076 0.026442307692307692
0 0.71875 0.4807692307692308 0.015625 0.02283653846153846
0 0.6598557692307693 0.4855769230769231 0.014423076923076924 0.03125
0 0.7644230769230769 0.3894230769230769 0.015625 0.02283653846153846
0 0.7367788461538461 0.41466346153846156 0.013221153846153846 0.025240384615384616
0 0.7259615384615384 0.35096153846153844 0.013221153846153846 0.021634615384615384
0 0.8317307692307693 0.38461538461538464 0.018028846153846152 0.03245192307692308
0 0.796875 0.42788461538461536 0.015625 0.02283653846153846
0 0.7740384615384616 0.4831730769230769 0.016826923076923076 0.028846153846153848
0 0.8245192307692307 0.49038461538461536 0.018028846153846152 0.02283653846153846
0 0.8509615384615384 0.45552884615384615 0.013221153846153846 0.026442307692307692
0 0.21033653846153846 0.6310096153846154 0.014423076923076924 0.025240384615384616
0 0.2824519230769231 0.6310096153846154 0.015625 0.03125
0 0.33533653846153844 0.6201923076923077 0.015625 0.028846153846153848
0 0.4026442307692308 0.6177884615384616 0.015625 0.03125
0 0.4675480769230769 0.6081730769230769 0.015625 0.03245192307692308
0 0.5204326923076923 0.625 0.013221153846153846 0.027644230769230768
0 0.5757211538461539 0.6237980769230769 0.014423076923076924 0.028846153846153848
0 0.6382211538461539 0.6177884615384616 0.014423076923076924 0.03125
0 0.6935096153846154 0.6298076923076923 0.014423076923076924 0.026442307692307692
0 0.75 0.6322115384615384 0.014423076923076924 0.028846153846153848