0 0.020432692307692308 0.1466346153846154 0.014423076923076924 0.025240384615384616
0 0.040865384615384616 0.15745192307692307 0.014423076923076924 0.021634615384615384
0 0.055288461538461536 0.15384615384615385 0.013221153846153846 0.02403846153846154
0 0.08052884615384616 0.12740384615384615 0.015625 0.027644230769230768
0 0.10576923076923077 0.11658653846153846 0.014423076923076924 0.025240384615384616
0 0.18028846153846154 0.17067307692307693 0.015625 0.02403846153846154
0 0.16346153846153846 0.14783653846153846 0.013221153846153846 0.02403846153846154
0 0.09975961538461539 0.14543269230769232 0.01201923076923077 0.02403846153846154
0 0.18509615384615385 0.11538461538461539 0.018028846153846152 0.027644230769230768
0 0.2247596153846154 0.16346153846153846 0.013221153846153846 0.025240384615384616
0 0.20552884615384615 0.17427884615384615 0.014423076923076924 0.02403846153846154
0 0.18509615384615385 0.13942307692307693 0.01201923076923077 0.019230769230769232
0 0.20072115384615385 0.13942307692307693 0.01201923076923077 0.019230769230769232
0 0.1310096153846154 0.12740384615384615 0.016826923076923076 0.027644230769230768
0 0.12980769230769232 0.1502403846153846 0.019230769230769232 0.02283653846153846
0 0.24879807692307693 0.14783653846153846 0.010817307692307692 0.02403846153846154
0 0.27403846153846156 0.1658653846153846 0.010817307692307692 0.025240384615384616
0 0.3004807692307692 0.16466346153846154 0.013221153846153846 0.027644230769230768
0 0.31009615384615385 0.13341346153846154 0.013221153846153846 0.03125
0 0.3858173076923077 0.19831730769230768 0.013221153846153846 0.027644230769230768
0 0.40384615384615385 0.14423076923076922 0.01201923076923077 0.016826923076923076
0 0.4266826923076923 0.14423076923076922 0.015625 0.02283653846153846
0 0.009615384615384616 0.15985576923076922 0.014423076923076924 0.021634615384615384
0 0.2608173076923077 0.16466346153846154 0.013221153846153846 0.03125
0 0.3786057692307692 0.13942307692307693 0.013221153846153846 0.03125
0 0.328125 0.125 0.016826923076923076 0.028846153846153848
0 0.34615384615384615 0.13581730769230768 0.013221153846153846 0.018028846153846152
0 0.4266826923076923 0.11538461538461539 0.015625 0.025240384615384616
0 0.390625 0.10576923076923077 0.015625 0.01201923076923077
0 0.48197115384615385 0.109375 0.013221153846153846 0.016826923076923076
0 0.4651442307692308 0.11538461538461539 0.013221153846153846 0.016826923076923076
0 0.4855769230769231 0.15144230769230768 0.016826923076923076 0.02403846153846154
0 0.5048076923076923 0.1466346153846154 0.014423076923076924 0.03365384615384615
0 0.38100961538461536 0.16947115384615385 0.013221153846153846 0.02283653846153846
0 0.35336538461538464 0.19951923076923078 0.014423076923076924 0.02403846153846154
0 0.5168269230769231 0.16466346153846154 0.015625 0.028846153846153848
0 0.5336538461538461 0.15625 0.018028846153846152 0.03485576923076923
0 0.5360576923076923 0.12740384615384615 0.016826923076923076 0.025240384615384616
0 0.5625 0.12860576923076922 0.021634615384615384 0.042067307692307696
0 0.5588942307692307 0.203125 0.014423076923076924 0.03365384615384615
0 0.5985576923076923 0.17548076923076922 0.020432692307692308 0.037259615384615384
0 0.6177884615384616 0.1466346153846154 0.018028846153846152 0.02403846153846154
0 0.6322115384615384 0.12860576923076922 0.015625 0.028846153846153848
0 0.6490384615384616 0.12980769230769232 0.019230769230769232 0.028846153846153848
0 0.6310096153846154 0.17548076923076922 0.015625 0.02283653846153846
0 0.6310096153846154 0.23317307692307693 0.019230769230769232 0.02283653846153846
0 0.6502403846153846 0.25841346153846156 0.015625 0.030048076923076924
0 0.6959134615384616 0.18870192307692307 0.016826923076923076 0.025240384615384616
0 0.6766826923076923 0.12980769230769232 0.013221153846153846 0.03365384615384615
0 0.6899038461538461 0.140625 0.019230769230769232 0.025240384615384616
0 0.6899038461538461 0.14182692307692307 0 0.001201923076923077
0 0.6862980769230769 0.15865384615384615 0.013221153846153846 0.030048076923076924
0 0.7115384615384616 0.12740384615384615 0.013221153846153846 0.03365384615384615
0 0.7319711538461539 0.13221153846153846 0.01201923076923077 0.015625
0 0.7560096153846154 0.15264423076923078 0.013221153846153846 0.030048076923076924
0 0.7307692307692307 0.15745192307692307 0.013221153846153846 0.02283653846153846
0 0.7692307692307693 0.16466346153846154 0.01201923076923077 0.019230769230769232
0 0.7788461538461539 0.11057692307692307 0.014423076923076924 0.02403846153846154
0 0.7776442307692307 0.12740384615384615 0.013221153846153846 0.015625
0 0.8221153846153846 0.11778846153846154 0.016826923076923076 0.02403846153846154
0 0.8389423076923077 0.11778846153846154 0.010817307692307692 0.019230769230769232
0 0.8545673076923077 0.1502403846153846 0.015625 0.027644230769230768
0 0.8076923076923077 0.16346153846153846 0.010817307692307692 0.019230769230769232
0 0.9146634615384616 0.12259615384615384 0.013221153846153846 0.019230769230769232
0 0.9074519230769231 0.16826923076923078 0.016826923076923076 0.03125
0 0.9435096153846154 0.17668269230769232 0.014423076923076924 0.028846153846153848
0 0.9867788461538461 0.16826923076923078 0.013221153846153846 0.025240384615384616
0 0.9867788461538461 0.140625 0.015625 0.03125
0 0.9627403846153846 0.16826923076923078 0.014423076923076924 0.018028846153846152
0 0.984375 0.2091346153846154 0.014423076923076924 0.027644230769230768
0 0.8701923076923077 0.33413461538461536 0.014423076923076924 0.02403846153846154
0 0.8509615384615384 0.328125 0.015625 0.02283653846153846
0 0.8894230769230769 0.15384615384615385 0.014423076923076924 0.027644230769230768
0 0.17908653846153846 0.3293269230769231 0.02403846153846154 0.037259615384615384
0 0.6274038461538461 0.3762019230769231 0.014423076923076924 0.027644230769230768