0 0.042067307692307696 0.5456730769230769 0.028846153846153848 0.046875
0 0.2644230769230769 0.5048076923076923 0.03125 0.05048076923076923
0 0.33653846153846156 0.5036057692307693 0.018028846153846152 0.028846153846153848
0 0.12980769230769232 0.4987980769230769 0.013221153846153846 0.021634615384615384
0 0.09134615384615384 0.5264423076923077 0.020432692307692308 0.03365384615384615
0 0.23798076923076922 0.5024038461538461 0.020432692307692308 0.03245192307692308
0 0.29927884615384615 0.359375 0.009615384615384616 0.013221153846153846
0 0.546875 0.49399038461538464 0.03485576923076923 0.055288461538461536
0 0.4675480769230769 0.4831730769230769 0.026442307692307692 0.04447115384615385
0 0.4483173076923077 0.46875 0.02403846153846154 0.036057692307692304
0 0.38341346153846156 0.49038461538461536 0.015625 0.026442307692307692
0 0.6225961538461539 0.5264423076923077 0.019230769230769232 0.03485576923076923
0 0.5805288461538461 0.49399038461538464 0.015625 0.027644230769230768
0 0.4891826923076923 0.4963942307692308 0.014423076923076924 0.021634615384615384
0 0.6694711538461539 0.47836538461538464 0.01201923076923077 0.019230769230769232
0 0.609375 0.4879807692307692 0.010817307692307692 0.016826923076923076
0 0.7211538461538461 0.46274038461538464 0.018028846153846152 0.027644230769230768
0 0.7908653846153846 0.47475961538461536 0.015625 0.021634615384615384
0 0.7632211538461539 0.47836538461538464 0.01201923076923077 0.018028846153846152
0 0.8533653846153846 0.3870192307692308 0.04326923076923077 0.06850961538461539
0 0.6502403846153846 0.5132211538461539 0.016826923076923076 0.02403846153846154
0 0.9651442307692307 0.4699519230769231 0.04447115384615385 0.057692307692307696