0 0 0 0 0
0 0.02490234375 0.578125 0.0166015625 0.016927083333333332
0 0.08837890625 0.5572916666666666 0.0107421875 0.018229166666666668
0 0.06396484375 0.5651041666666666 0.0107421875 0.018229166666666668
0 0.04931640625 0.51953125 0.0087890625 0.013020833333333334
0 0.14501953125 0.5143229166666666 0.0087890625 0.013020833333333334
0 0.12255859375 0.5416666666666666 0.0087890625 0.014322916666666666
0 0.1357421875 0.4908854166666667 0.01171875 0.014322916666666666
0 0.18115234375 0.4973958333333333 0.0087890625 0.014322916666666666
0 0.1962890625 0.49609375 0.0078125 0.014322916666666666
0 0.21240234375 0.5481770833333334 0.0087890625 0.013020833333333334
0 0.24560546875 0.51171875 0.0068359375 0.013020833333333334
0 0.27490234375 0.52734375 0.0068359375 0.013020833333333334
0 0.29541015625 0.4986979166666667 0.0087890625 0.01171875
0 0.25634765625 0.4947916666666667 0.0087890625 0.014322916666666666
0 0.22216796875 0.47265625 0.0087890625 0.014322916666666666
0 0.22998046875 0.4557291666666667 0.0087890625 0.013020833333333334
0 0.23779296875 0.42578125 0.0087890625 0.01171875
0 0.28125 0.4322916666666667 0.0078125 0.014322916666666666
0 0.29296875 0.4375 0.005859375 0.01171875
0 0.30712890625 0.4388020833333333 0.0068359375 0.010416666666666666
0 0.33154296875 0.421875 0.0068359375 0.01171875
0 0.31103515625 0.4088541666666667 0.0068359375 0.014322916666666666
0 0.2822265625 0.40234375 0.0078125 0.014322916666666666
0 0.24755859375 0.4010416666666667 0.0087890625 0.01171875
0 0.28369140625 0.3411458333333333 0.0068359375 0.010416666666666666
0 0.33642578125 0.3880208333333333 0.0068359375 0.010416666666666666
0 0.34033203125 0.3776041666666667 0.0068359375 0.010416666666666666
0 0.361328125 0.3645833333333333 0.005859375 0.009114583333333334
0 0.40478515625 0.4049479166666667 0.0068359375 0.010416666666666666
0 0.40673828125 0.3763020833333333 0.0068359375 0.014322916666666666
0 0.42041015625 0.3697916666666667 0.0068359375 0.01171875
0 0.4306640625 0.3658854166666667 0.005859375 0.009114583333333334
0 0.39404296875 0.3502604166666667 0.0048828125 0.009114583333333334
0 0.42431640625 0.328125 0.0048828125 0.0078125
0 0.44140625 0.328125 0.005859375 0.0078125
0 0.43310546875 0.3893229166666667 0.0048828125 0.006510416666666667
0 0.443359375 0.375 0.005859375 0.01171875
0 0.45263671875 0.3645833333333333 0.0048828125 0.009114583333333334
0 0.4658203125 0.34375 0.005859375 0.010416666666666666
0 0.48046875 0.33203125 0.005859375 0.0078125
0 0.47216796875 0.3359375 0.0048828125 0.009114583333333334
0 0.513671875 0.3567708333333333 0.005859375 0.0078125
0 0.5009765625 0.3203125 0.005859375 0.009114583333333334
0 0.49267578125 0.3255208333333333 0.0048828125 0.009114583333333334
0 0.5166015625 0.3294270833333333 0.005859375 0.010416666666666666
0 0.5439453125 0.3098958333333333 0.005859375 0.009114583333333334
0 0.57568359375 0.3307291666666667 0.0048828125 0.006510416666666667
0 0.625 0.4908854166666667 0.0078125 0.013020833333333334
0 0.5986328125 0.5247395833333334 0.0078125 0.013020833333333334
0 0.5419921875 0.484375 0.009765625 0.01171875
0 0.5068359375 0.4322916666666667 0.0078125 0.010416666666666666
0 0.4853515625 0.4609375 0.0078125 0.01171875
0 0.60009765625 0.4192708333333333 0.0068359375 0.01171875
0 0.54248046875 0.3932291666666667 0.0048828125 0.009114583333333334
0 0.662109375 0.4583333333333333 0.005859375 0.01171875
0 0.67578125 0.421875 0.005859375 0.009114583333333334
0 0.7021484375 0.3854166666666667 0.005859375 0.009114583333333334
0 0.62744140625 0.390625 0.0068359375 0.009114583333333334
0 0.66796875 0.3489583333333333 0.005859375 0.0078125
0 0.70361328125 0.35546875 0.0048828125 0.0078125
0 0.63232421875 0.33984375 0.0048828125 0.0078125
0 0.6435546875 0.3255208333333333 0.00390625 0.0078125
0 0.64453125 0.36328125 0.00390625 0.0078125
0 0.61328125 0.3463541666666667 0.00390625 0.006510416666666667
0 0.58203125 0.3828125 0.005859375 0.0078125
0 0.91259765625 0.7109375 0.0107421875 0.01953125
0 0.88427734375 0.6627604166666666 0.0166015625 0.01953125
0 0.9873046875 0.7369791666666666 0.009765625 0.01953125
0 0.9814453125 0.78125 0.015625 0.022135416666666668
0 0.9765625 0.8541666666666666 0.01171875 0.020833333333333332
0 0.87939453125 0.7408854166666666 0.0087890625 0.016927083333333332
0 0.84326171875 0.6197916666666666 0.0087890625 0.015625
0 0.78271484375 0.5611979166666666 0.0087890625 0.014322916666666666
0 0.845703125 0.57421875 0.0078125 0.010416666666666666
0 0.876953125 0.5950520833333334 0.009765625 0.014322916666666666
0 0.97900390625 0.5755208333333334 0.0087890625 0.016927083333333332
0 0.97119140625 0.6341145833333334 0.0107421875 0.01953125
0 0.84619140625 0.5247395833333334 0.0068359375 0.014322916666666666
0 0.90234375 0.5377604166666666 0.009765625 0.015625
0 0.9501953125 0.4739583333333333 0.005859375 0.01171875
0 0.88330078125 0.4453125 0.0048828125 0.006510416666666667
0 0.8916015625 0.4309895833333333 0.005859375 0.010416666666666666
0 0.8740234375 0.4244791666666667 0.005859375 0.01171875
0 0.8603515625 0.4361979166666667 0.005859375 0.010416666666666666
0 0.8427734375 0.4140625 0.0078125 0.01171875
0 0.8486328125 0.49609375 0.0078125 0.013020833333333334
0 0.87841796875 0.4908854166666667 0.0068359375 0.01171875
0 0.8916015625 0.4817708333333333 0.0078125 0.013020833333333334
0 0.96337890625 0.44921875 0.0068359375 0.01171875
0 0.94384765625 0.4244791666666667 0.0087890625 0.013020833333333334
0 0.96875 0.4231770833333333 0.0078125 0.010416666666666666
0 0.9287109375 0.3958333333333333 0.005859375 0.009114583333333334
0 0.89697265625 0.40625 0.0068359375 0.01171875
0 0.9130859375 0.3828125 0.0078125 0.01171875
0 0.9228515625 0.3697916666666667 0.005859375 0.006510416666666667
0 0.87744140625 0.3919270833333333 0.0068359375 0.009114583333333334
0 0.845703125 0.3880208333333333 0.005859375 0.010416666666666666
0 0.85009765625 0.375 0.0048828125 0.0078125
0 0.8388671875 0.3658854166666667 0.0078125 0.01171875
0 0.9462890625 0.5052083333333334 0.01171875 0.016927083333333332
0 0.126953125 0.4466145833333333 0.013671875 0.020833333333333332
0 0.57421875 0.4622395833333333 0.0078125 0.013020833333333334
0 0.11474609375 0.52734375 0.0107421875 0.014322916666666666
0 0.091796875 0.5234375 0.009765625 0.014322916666666666
0 0.96533203125 0.6770833333333334 0.0126953125 0.015625
0 0.98046875 0.4791666666666667 0.0078125 0.014322916666666666
0 0.8134765625 0.7708333333333334 0.01171875 0.01171875
0 0.8251953125 0.45703125 0.009765625 0.014322916666666666
0 0.98681640625 0.421875 0.0068359375 0.013020833333333334
0 0.978515625 0.3997395833333333 0.005859375 0.013020833333333334
0 0.96435546875 0.3919270833333333 0.0087890625 0.014322916666666666
0 0.9599609375 0.3463541666666667 0.0078125 0.01171875
0 0.89697265625 0.3802083333333333 0.0087890625 0.014322916666666666
0 0.97021484375 0.5625 0.0068359375 0.014322916666666666
0 0.99072265625 0.4466145833333333 0.0087890625 0.015625
0 0.4111328125 0.3463541666666667 0.0078125 0.014322916666666666
0 0.2451171875 0.47265625 0.009765625 0.015625
0 0.92578125 0.5533854166666666 0.0078125 0.013020833333333334
0 0.908203125 0.6263020833333334 0.009765625 0.020833333333333332