0 0.8257211538461539 0.40384615384615385 0.021634615384615384 0.03365384615384615
0 0.8413461538461539 0.3786057692307692 0.018028846153846152 0.027644230769230768
0 0.8701923076923077 0.3762019230769231 0.016826923076923076 0.02283653846153846
0 0.9182692307692307 0.3737980769230769 0.007211538461538462 0.013221153846153846
0 0.9050480769230769 0.36658653846153844 0.004807692307692308 0.010817307692307692
0 0.9699519230769231 0.38100961538461536 0.002403846153846154 0.007211538461538462
0 0.7956730769230769 0.3870192307692308 0.004807692307692308 0.013221153846153846
0 0.7836538461538461 0.38100961538461536 0.009615384615384616 0.015625
0 0.7079326923076923 0.3798076923076923 0.014423076923076924 0.026442307692307692
0 0.6826923076923077 0.3762019230769231 0.014423076923076924 0.025240384615384616
0 0.6538461538461539 0.3713942307692308 0.009615384615384616 0.018028846153846152
0 0.6634615384615384 0.39903846153846156 0.013221153846153846 0.026442307692307692
0 0.6057692307692307 0.3858173076923077 0.04927884615384615 0.07692307692307693
0 0.49399038461538464 0.3786057692307692 0.025240384615384616 0.046875
0 0.4483173076923077 0.42427884615384615 0.010817307692307692 0.019230769230769232
0 0.43509615384615385 0.4230769230769231 0.006009615384615385 0.015625
0 0.42427884615384615 0.41947115384615385 0.007211538461538462 0.013221153846153846
0 0.38822115384615385 0.4014423076923077 0.019230769230769232 0.036057692307692304
0 0.3737980769230769 0.4338942307692308 0.008413461538461538 0.025240384615384616
0 0.328125 0.4567307692307692 0.027644230769230768 0.052884615384615384
0 0.29927884615384615 0.46033653846153844 0.010817307692307692 0.025240384615384616
0 0.28846153846153844 0.4338942307692308 0.01201923076923077 0.02283653846153846
0 0.037259615384615384 0.5144230769230769 0.016826923076923076 0.03245192307692308
0 0.08413461538461539 0.4675480769230769 0.018028846153846152 0.03365384615384615
0 0.17427884615384615 0.44350961538461536 0.013221153846153846 0.02283653846153846
0 0.1875 0.44350961538461536 0.009615384615384616 0.018028846153846152
0 0.20072115384615385 0.4567307692307692 0.018028846153846152 0.03365384615384615
0 0.15985576923076922 0.5492788461538461 0.008413461538461538 0.018028846153846152
0 0.2548076923076923 0.4338942307692308 0.016826923076923076 0.027644230769230768