0 0.59375 0.41586538461538464 0.018028846153846152 0.03365384615384615
0 0.5108173076923077 0.39302884615384615 0.02403846153846154 0.03245192307692308
0 0.5877403846153846 0.37259615384615385 0.013221153846153846 0.02403846153846154
0 0.6274038461538461 0.3942307692307692 0.018028846153846152 0.028846153846153848
0 0.6634615384615384 0.36658653846153844 0.013221153846153846 0.02403846153846154
0 0.6454326923076923 0.421875 0.02403846153846154 0.036057692307692304
0 0.6947115384615384 0.4230769230769231 0.025240384615384616 0.040865384615384616
0 0.6826923076923077 0.38461538461538464 0.010817307692307692 0.015625
0 0.7079326923076923 0.37740384615384615 0.013221153846153846 0.015625
0 0.7487980769230769 0.43990384615384615 0.026442307692307692 0.039663461538461536
0 0.8016826923076923 0.39302884615384615 0.014423076923076924 0.021634615384615384
0 0.8088942307692307 0.45552884615384615 0.030048076923076924 0.04326923076923077
0 0.8185096153846154 0.3954326923076923 0.013221153846153846 0.021634615384615384
0 0.8401442307692307 0.39302884615384615 0.013221153846153846 0.020432692307692308
0 0.8882211538461539 0.4074519230769231 0.013221153846153846 0.020432692307692308
0 0.9146634615384616 0.39783653846153844 0.015625 0.020432692307692308
0 0.9459134615384616 0.375 0.013221153846153846 0.019230769230769232
0 0.9579326923076923 0.39663461538461536 0.013221153846153846 0.02403846153846154
0 0.9879807692307693 0.3918269230769231 0.014423076923076924 0.02403846153846154
0 0.9435096153846154 0.4699519230769231 0.03245192307692308 0.046875
0 0.546875 0.4026442307692308 0.02283653846153846 0.027644230769230768
0 0.019230769230769232 0.4206730769230769 0.015625 0.019230769230769232
0 0.038461538461538464 0.3870192307692308 0.015625 0.028846153846153848
0 0.06370192307692307 0.32211538461538464 0.014423076923076924 0.020432692307692308
0 0.09615384615384616 0.41466346153846156 0.01201923076923077 0.026442307692307692
0 0.10697115384615384 0.4230769230769231 0.019230769230769232 0.03125
0 0.12379807692307693 0.3954326923076923 0.02403846153846154 0.03365384615384615
0 0.14182692307692307 0.4050480769230769 0.021634615384615384 0.037259615384615384
0 0.025240384615384616 0.5721153846153846 0.010817307692307692 0.013221153846153846
0 0.056490384615384616 0.5444711538461539 0.010817307692307692 0.015625
0 0.0625 0.4987980769230769 0.013221153846153846 0.02403846153846154
0 0.1622596153846154 0.421875 0.021634615384615384 0.037259615384615384
0 0.1971153846153846 0.43028846153846156 0.02403846153846154 0.036057692307692304
0 0.23076923076923078 0.43990384615384615 0.025240384615384616 0.037259615384615384
0 0.2644230769230769 0.44471153846153844 0.026442307692307692 0.037259615384615384
0 0.3125 0.4651442307692308 0.030048076923076924 0.042067307692307696
0 0.30288461538461536 0.38822115384615385 0.019230769230769232 0.03245192307692308
0 0.32572115384615385 0.4026442307692308 0.018028846153846152 0.027644230769230768
0 0.3449519230769231 0.39903846153846156 0.020432692307692308 0.03365384615384615
0 0.38822115384615385 0.4098557692307692 0.02403846153846154 0.03125
0 0.43028846153846156 0.41947115384615385 0.02403846153846154 0.036057692307692304
0 0.25721153846153844 0.3161057692307692 0.010817307692307692 0.015625
0 0.46875 0.4266826923076923 0.02403846153846154 0.039663461538461536
0 0.5036057692307693 0.4423076923076923 0.02403846153846154 0.04447115384615385
0 0.5588942307692307 0.44591346153846156 0.028846153846153848 0.046875