0 0.3557692307692308 0.6538461538461539 0.06610576923076923 0.12620192307692307
0 0.2127403846153846 0.5625 0.054086538461538464 0.10096153846153846
0 0.1201923076923077 0.8076923076923077 0.06009615384615385 0.11177884615384616
0 0.11778846153846154 0.5997596153846154 0.03125 0.055288461538461536
0 0.07572115384615384 0.49278846153846156 0.028846153846153848 0.055288461538461536
0 0.11298076923076923 0.4411057692307692 0.030048076923076924 0.05889423076923077
0 0.056490384615384616 0.44471153846153844 0.02403846153846154 0.040865384615384616
0 0.3581730769230769 0.515625 0.03365384615384615 0.055288461538461536
0 0.3125 0.5024038461538461 0.02283653846153846 0.042067307692307696
0 0.28846153846153844 0.453125 0.02403846153846154 0.04447115384615385
0 0.21514423076923078 0.4639423076923077 0.02403846153846154 0.04567307692307692
0 0.19591346153846154 0.41225961538461536 0.02403846153846154 0.04447115384615385
0 0.25841346153846156 0.41947115384615385 0.020432692307692308 0.04447115384615385
0 0.3161057692307692 0.40865384615384615 0.018028846153846152 0.03365384615384615
0 0.328125 0.4423076923076923 0.018028846153846152 0.03245192307692308
0 0.2403846153846154 0.43990384615384615 0.013221153846153846 0.028846153846153848
0 0.3545673076923077 0.4206730769230769 0.021634615384615384 0.036057692307692304
0 0.3858173076923077 0.48197115384615385 0.02403846153846154 0.04807692307692308
0 0.42427884615384615 0.3713942307692308 0.021634615384615384 0.042067307692307696
0 0.38461538461538464 0.38221153846153844 0.018028846153846152 0.03485576923076923
0 0.3545673076923077 0.3798076923076923 0.010817307692307692 0.019230769230769232
0 0.042067307692307696 0.41225961538461536 0.016826923076923076 0.038461538461538464
0 0.41225961538461536 0.3870192307692308 0.01201923076923077 0.021634615384615384
0 0.4807692307692308 0.3605769230769231 0.013221153846153846 0.021634615384615384
0 0.4579326923076923 0.359375 0.013221153846153846 0.021634615384615384
0 0.5048076923076923 0.3713942307692308 0.018028846153846152 0.02403846153846154
0 0.5228365384615384 0.36177884615384615 0.007211538461538462 0.010817307692307692
0 0.5408653846153846 0.375 0.02403846153846154 0.04927884615384615
0 0.5673076923076923 0.41225961538461536 0.027644230769230768 0.057692307692307696
0 0.49759615384615385 0.4206730769230769 0.027644230769230768 0.06129807692307692
0 0.4795673076923077 0.4110576923076923 0.02283653846153846 0.052884615384615384
0 0.546875 0.4723557692307692 0.030048076923076924 0.042067307692307696
0 0.6069711538461539 0.3641826923076923 0.013221153846153846 0.03125
0 0.625 0.38822115384615385 0.028846153846153848 0.057692307692307696
0 0.6622596153846154 0.41947115384615385 0.03245192307692308 0.06610576923076923
0 0.6923076923076923 0.36538461538461536 0.010817307692307692 0.02403846153846154
0 0.7367788461538461 0.3473557692307692 0.013221153846153846 0.021634615384615384
0 0.7319711538461539 0.38822115384615385 0.018028846153846152 0.038461538461538464
0 0.75 0.4074519230769231 0.02283653846153846 0.051682692307692304
0 0.7295673076923077 0.4735576923076923 0.036057692307692304 0.06850961538461539
0 0.7788461538461539 0.41466346153846156 0.03365384615384615 0.0733173076923077
0 0.8100961538461539 0.38221153846153844 0.02403846153846154 0.04567307692307692
0 0.8004807692307693 0.44471153846153844 0.046875 0.07451923076923077
0 0.6622596153846154 0.8473557692307693 0.07091346153846154 0.14903846153846154
0 0.875 0.8269230769230769 0.0829326923076923 0.19230769230769232
0 0.8461538461538461 0.39783653846153844 0.036057692307692304 0.07932692307692307
0 0.9134615384615384 0.4110576923076923 0.025240384615384616 0.04447115384615385
0 0.9663461538461539 0.359375 0.010817307692307692 0.03245192307692308
0 0.9555288461538461 0.3737980769230769 0.007211538461538462 0.014423076923076924
0 0.9735576923076923 0.359375 0.014423076923076924 0.042067307692307696
0 0.9819711538461539 0.4254807692307692 0.019230769230769232 0.052884615384615384
0 0.7884615384615384 0.5733173076923077 0.06009615384615385 0.12259615384615384
0 0.6742788461538461 0.6490384615384616 0.038461538461538464 0.07451923076923077
0 0.7259615384615384 0.59375 0.037259615384615384 0.07091346153846154
0 0.5661057692307693 0.7800480769230769 0.054086538461538464 0.08052884615384616
0 0.49278846153846156 0.5480769230769231 0.018028846153846152 0.06850961538461539
0 0.42908653846153844 0.5552884615384616 0.028846153846153848 0.04807692307692308
0 0.04927884615384615 0.6490384615384616 0.054086538461538464 0.08533653846153846
0 0.010817307692307692 0.5588942307692307 0.021634615384615384 0.08173076923076923
0 0.16706730769230768 0.4110576923076923 0.016826923076923076 0.03485576923076923