0 0.09615384615384616 0.6442307692307693 0.015625 0.020432692307692308
0 0.20793269230769232 0.2860576923076923 0.007211538461538462 0.01201923076923077
0 0.16706730769230768 0.31971153846153844 0.010817307692307692 0.013221153846153846
0 0.171875 0.3473557692307692 0.007211538461538462 0.014423076923076924
0 0.125 0.3954326923076923 0.010817307692307692 0.019230769230769232
0 0.11899038461538461 0.44591346153846156 0.010817307692307692 0.018028846153846152
0 0.2800480769230769 0.2848557692307692 0.008413461538461538 0.013221153846153846
0 0.32572115384615385 0.296875 0.008413461538461538 0.013221153846153846
0 0.3605769230769231 0.28846153846153844 0.008413461538461538 0.019230769230769232
0 0.39663461538461536 0.2439903846153846 0.009615384615384616 0.014423076923076924
0 0.32572115384615385 0.3485576923076923 0.010817307692307692 0.025240384615384616
0 0.26802884615384615 0.390625 0.013221153846153846 0.027644230769230768
0 0.28125 0.4423076923076923 0.010817307692307692 0.021634615384615384
0 0.31971153846153844 0.3954326923076923 0.01201923076923077 0.021634615384615384
0 0.36177884615384615 0.3954326923076923 0.01201923076923077 0.019230769230769232
0 0.34134615384615385 0.4326923076923077 0.013221153846153846 0.018028846153846152
0 0.4230769230769231 0.2764423076923077 0.009615384615384616 0.014423076923076924
0 0.05889423076923077 0.5084134615384616 0.009615384615384616 0.019230769230769232
0 0.15264423076923078 0.5637019230769231 0.014423076923076924 0.02283653846153846
0 0.18028846153846154 0.5132211538461539 0.01201923076923077 0.019230769230769232
0 0.2091346153846154 0.5673076923076923 0.013221153846153846 0.02403846153846154
0 0.17307692307692307 0.6382211538461539 0.016826923076923076 0.020432692307692308
0 0.2283653846153846 0.6394230769230769 0.014423076923076924 0.019230769230769232
0 0.28365384615384615 0.6526442307692307 0.015625 0.019230769230769232
0 0.2620192307692308 0.5625 0.013221153846153846 0.016826923076923076
0 0.234375 0.5108173076923077 0.013221153846153846 0.018028846153846152
0 0.296875 0.5012019230769231 0.013221153846153846 0.020432692307692308
0 0.3137019230769231 0.5661057692307693 0.014423076923076924 0.021634615384615384
0 0.3449519230769231 0.5036057692307693 0.013221153846153846 0.019230769230769232
0 0.36899038461538464 0.5649038461538461 0.015625 0.020432692307692308
0 0.3942307692307692 0.5120192307692307 0.013221153846153846 0.020432692307692308
0 0.39302884615384615 0.6478365384615384 0.014423076923076924 0.02403846153846154
0 0.4170673076923077 0.5709134615384616 0.014423076923076924 0.021634615384615384
0 0.44711538461538464 0.65625 0.015625 0.021634615384615384
0 0.4699519230769231 0.5661057692307693 0.014423076923076924 0.020432692307692308
0 0.5 0.6442307692307693 0.013221153846153846 0.020432692307692308
0 0.5264423076923077 0.5745192307692307 0.013221153846153846 0.021634615384615384
0 0.5564903846153846 0.640625 0.015625 0.02403846153846154
0 0.5817307692307693 0.5865384615384616 0.013221153846153846 0.02283653846153846
0 0.33774038461538464 0.6574519230769231 0.014423076923076924 0.021634615384615384
0 0.4266826923076923 0.3701923076923077 0.009615384615384616 0.016826923076923076
0 0.40384615384615385 0.4026442307692308 0.009615384615384616 0.014423076923076924
0 0.4110576923076923 0.4423076923076923 0.013221153846153846 0.020432692307692308
0 0.44471153846153844 0.40625 0.01201923076923077 0.020432692307692308
0 0.4651442307692308 0.45913461538461536 0.01201923076923077 0.019230769230769232
0 0.4411057692307692 0.5 0.013221153846153846 0.02283653846153846
0 0.49158653846153844 0.5096153846153846 0.014423076923076924 0.020432692307692308
0 0.5216346153846154 0.4495192307692308 0.010817307692307692 0.018028846153846152
0 0.5492788461538461 0.49038461538461536 0.014423076923076924 0.018028846153846152
0 0.49399038461538464 0.4026442307692308 0.01201923076923077 0.018028846153846152
0 0.5252403846153846 0.3557692307692308 0.009615384615384616 0.014423076923076924
0 0.5516826923076923 0.39663461538461536 0.013221153846153846 0.019230769230769232
0 0.5829326923076923 0.45072115384615385 0.01201923076923077 0.019230769230769232
0 0.43990384615384615 0.24519230769230768 0.009615384615384616 0.013221153846153846
0 0.4795673076923077 0.21995192307692307 0.009615384615384616 0.016826923076923076
0 0.515625 0.24519230769230768 0.010817307692307692 0.018028846153846152
0 0.4639423076923077 0.2704326923076923 0.009615384615384616 0.019230769230769232
0 0.5024038461538461 0.27884615384615385 0.009615384615384616 0.014423076923076924
0 0.5444711538461539 0.28365384615384615 0.009615384615384616 0.018028846153846152
0 0.5588942307692307 0.24519230769230768 0.009615384615384616 0.014423076923076924
0 0.5805288461538461 0.2800480769230769 0.009615384615384616 0.018028846153846152
0 0.6141826923076923 0.2860576923076923 0.009615384615384616 0.018028846153846152
0 0.6189903846153846 0.3629807692307692 0.013221153846153846 0.02283653846153846
0 0.5985576923076923 0.4014423076923077 0.013221153846153846 0.019230769230769232
0 0.6322115384615384 0.4483173076923077 0.013221153846153846 0.020432692307692308
0 0.65625 0.40024038461538464 0.01201923076923077 0.020432692307692308
0 0.6971153846153846 0.4495192307692308 0.013221153846153846 0.02283653846153846
0 0.7007211538461539 0.39302884615384615 0.013221153846153846 0.019230769230769232
0 0.6550480769230769 0.28846153846153844 0.009615384615384616 0.014423076923076924
0 0.6947115384615384 0.30528846153846156 0.007211538461538462 0.013221153846153846
0 0.6057692307692307 0.5108173076923077 0.013221153846153846 0.019230769230769232
0 0.6730769230769231 0.4987980769230769 0.013221153846153846 0.019230769230769232
0 0.6310096153846154 0.5865384615384616 0.014423076923076924 0.020432692307692308
0 0.6129807692307693 0.6454326923076923 0.015625 0.020432692307692308
0 0.6706730769230769 0.6442307692307693 0.014423076923076924 0.027644230769230768
0 0.6802884615384616 0.5733173076923077 0.013221153846153846 0.019230769230769232
0 0.7247596153846154 0.640625 0.015625 0.021634615384615384
0 0.7367788461538461 0.5769230769230769 0.016826923076923076 0.027644230769230768
0 0.7764423076923077 0.6442307692307693 0.016826923076923076 0.021634615384615384
0 0.7896634615384616 0.5625 0.013221153846153846 0.02283653846153846
0 0.7319711538461539 0.49399038461538464 0.01201923076923077 0.014423076923076924
0 0.7920673076923077 0.5012019230769231 0.013221153846153846 0.014423076923076924
0 0.7487980769230769 0.27403846153846156 0.007211538461538462 0.013221153846153846
0 0.7824519230769231 0.3088942307692308 0.008413461538461538 0.013221153846153846
0 0.8305288461538461 0.390625 0.01201923076923077 0.014423076923076924
0 0.84375 0.4387019230769231 0.010817307692307692 0.014423076923076924
0 0.9038461538461539 0.5 0.01201923076923077 0.018028846153846152
0 0.9266826923076923 0.5721153846153846 0.01201923076923077 0.021634615384615384
0 0.8413461538461539 0.5625 0.014423076923076924 0.020432692307692308
0 0.8701923076923077 0.6394230769230769 0.014423076923076924 0.018028846153846152
0 0.8233173076923077 0.6466346153846154 0.016826923076923076 0.020432692307692308
0 0.7788461538461539 0.3473557692307692 0.01201923076923077 0.02283653846153846