0 0.5733173076923077 0.43028846153846156 0.018028846153846152 0.009615384615384616
0 0.46274038461538464 0.4338942307692308 0.027644230769230768 0.014423076923076924
0 0.2860576923076923 0.4338942307692308 0.021634615384615384 0.013221153846153846
0 0.21394230769230768 0.4375 0.02403846153846154 0.013221153846153846
0 0.8389423076923077 0.4326923076923077 0.02283653846153846 0.013221153846153846
0 0.24639423076923078 0.8185096153846154 0.07692307692307693 0.04326923076923077
0 0.390625 0.7872596153846154 0.06971153846153846 0.039663461538461536
0 0.030048076923076924 0.703125 0.052884615384615384 0.028846153846153848
0 0.0985576923076923 0.7055288461538461 0.042067307692307696 0.026442307692307692
0 0.13942307692307693 0.7055288461538461 0.036057692307692304 0.020432692307692308
0 0.19471153846153846 0.7259615384615384 0.04326923076923077 0.020432692307692308
0 0.22956730769230768 0.7247596153846154 0.026442307692307692 0.016826923076923076
0 0.2800480769230769 0.7259615384615384 0.04447115384615385 0.020432692307692308
0 0.35216346153846156 0.7271634615384616 0.03365384615384615 0.015625
0 0.41947115384615385 0.7439903846153846 0.055288461538461536 0.027644230769230768
0 0.49399038461538464 0.7115384615384616 0.028846153846153848 0.014423076923076924
0 0.46875 0.7295673076923077 0.028846153846153848 0.014423076923076924
0 0.45552884615384615 0.7560096153846154 0.03365384615384615 0.015625
0 0.5228365384615384 0.7632211538461539 0.03365384615384615 0.020432692307692308
0 0.5492788461538461 0.7319711538461539 0.03365384615384615 0.015625
0 0.5865384615384616 0.7872596153846154 0.04326923076923077 0.025240384615384616
0 0.6322115384615384 0.828125 0.06971153846153846 0.03485576923076923
0 0.6177884615384616 0.7584134615384616 0.04326923076923077 0.020432692307692308
0 0.5961538461538461 0.7283653846153846 0.03245192307692308 0.019230769230769232
0 0.6322115384615384 0.7235576923076923 0.028846153846153848 0.015625
0 0.6694711538461539 0.7199519230769231 0.028846153846153848 0.014423076923076924
0 0.6658653846153846 0.7439903846153846 0.03365384615384615 0.016826923076923076
0 0.7367788461538461 0.7668269230769231 0.04567307692307692 0.025240384615384616
0 0.7992788461538461 0.7367788461538461 0.040865384615384616 0.02403846153846154
0 0.7620192307692307 0.7211538461538461 0.037259615384615384 0.018028846153846152
0 0.8557692307692307 0.7127403846153846 0.03365384615384615 0.018028846153846152
0 0.8786057692307693 0.6971153846153846 0.036057692307692304 0.019230769230769232
0 0.8569711538461539 0.7355769230769231 0.038461538461538464 0.021634615384615384
0 0.9158653846153846 0.7391826923076923 0.04447115384615385 0.02283653846153846
0 0.9579326923076923 0.7980769230769231 0.057692307692307696 0.03125
0 0.9831730769230769 0.7295673076923077 0.03245192307692308 0.02283653846153846
0 0.9038461538461539 0.4483173076923077 0.037259615384615384 0.018028846153846152
0 0.9831730769230769 0.4519230769230769 0.02403846153846154 0.016826923076923076
0 0.7079326923076923 0.45072115384615385 0.028846153846153848 0.015625
0 0.328125 0.4338942307692308 0.019230769230769232 0.009615384615384616