0 0.06129807692307692 0.06971153846153846 0.009615384615384616 0.015625
0 0.06009615384615385 0.052884615384615384 0.008413461538461538 0.014423076923076924
0 0.0673076923076923 0.10697115384615384 0.01201923076923077 0.025240384615384616
0 0.0985576923076923 0.0733173076923077 0.008413461538461538 0.018028846153846152
0 0.1141826923076923 0.04567307692307692 0.006009615384615385 0.01201923076923077
0 0.10336538461538461 0.15504807692307693 0.02403846153846154 0.038461538461538464
0 0.06490384615384616 0.2283653846153846 0.038461538461538464 0.05889423076923077
0 0.10817307692307693 0.22956730769230768 0.021634615384615384 0.04447115384615385
0 0.14302884615384615 0.13581730769230768 0.021634615384615384 0.040865384615384616
0 0.15504807692307693 0.07572115384615384 0.009615384615384616 0.018028846153846152
0 0.1875 0.0673076923076923 0.009615384615384616 0.014423076923076924
0 0.234375 0.15504807692307693 0.020432692307692308 0.036057692307692304
0 0.25600961538461536 0.13822115384615385 0.018028846153846152 0.020432692307692308
0 0.27283653846153844 0.19951923076923078 0.026442307692307692 0.046875
0 0.32211538461538464 0.23918269230769232 0.028846153846153848 0.046875
0 0.1814903846153846 0.3641826923076923 0.036057692307692304 0.06129807692307692
0 0.22956730769230768 0.3173076923076923 0.026442307692307692 0.055288461538461536
0 0.07451923076923077 0.5564903846153846 0.05048076923076923 0.09134615384615384
0 0.12620192307692307 0.7451923076923077 0.06971153846153846 0.16826923076923078
0 0.40625 0.078125 0.013221153846153846 0.021634615384615384
0 0.38100961538461536 0.14783653846153846 0.018028846153846152 0.027644230769230768
0 0.3605769230769231 0.2127403846153846 0.025240384615384616 0.054086538461538464
0 0.40625 0.25961538461538464 0.027644230769230768 0.046875
0 0.41947115384615385 0.171875 0.021634615384615384 0.040865384615384616
0 0.4723557692307692 0.17668269230769232 0.021634615384615384 0.040865384615384616
0 0.5060096153846154 0.08173076923076923 0.01201923076923077 0.025240384615384616
0 0.5144230769230769 0.07451923076923077 0.013221153846153846 0.025240384615384616
0 0.5120192307692307 0.14543269230769232 0.018028846153846152 0.038461538461538464
0 0.49759615384615385 0.2403846153846154 0.028846153846153848 0.042067307692307696
0 0.5889423076923077 0.21394230769230768 0.018028846153846152 0.06009615384615385
0 0.5576923076923077 0.10697115384615384 0.014423076923076924 0.02283653846153846
0 0.5661057692307693 0.07572115384615384 0.013221153846153846 0.021634615384615384
0 0.6442307692307693 0.09375 0.010817307692307692 0.021634615384615384
0 0.65625 0.07932692307692307 0.007211538461538462 0.015625
0 0.6887019230769231 0.078125 0.013221153846153846 0.021634615384615384
0 0.7043269230769231 0.08774038461538461 0.01201923076923077 0.021634615384615384
0 0.7295673076923077 0.10576923076923077 0.010817307692307692 0.021634615384615384
0 0.7451923076923077 0.0829326923076923 0.01201923076923077 0.027644230769230768
0 0.6538461538461539 0.16346153846153846 0.018028846153846152 0.040865384615384616
0 0.671875 0.15985576923076922 0.019230769230769232 0.038461538461538464
0 0.7019230769230769 0.13822115384615385 0.013221153846153846 0.03245192307692308
0 0.7836538461538461 0.10817307692307693 0.01201923076923077 0.020432692307692308
0 0.796875 0.0889423076923077 0.008413461538461538 0.020432692307692308
0 0.8076923076923077 0.09134615384615384 0.010817307692307692 0.025240384615384616
0 0.8389423076923077 0.0889423076923077 0.010817307692307692 0.026442307692307692
0 0.7572115384615384 0.14302884615384615 0.016826923076923076 0.020432692307692308
0 0.7800480769230769 0.19591346153846154 0.019230769230769232 0.039663461538461536
0 0.7980769230769231 0.18269230769230768 0.025240384615384616 0.04447115384615385
0 0.8064903846153846 0.23677884615384615 0.016826923076923076 0.06129807692307692
0 0.8701923076923077 0.16346153846153846 0.016826923076923076 0.038461538461538464
0 0.8894230769230769 0.18629807692307693 0.018028846153846152 0.03485576923076923
0 0.8677884615384616 0.22355769230769232 0.025240384615384616 0.04807692307692308
0 0.6694711538461539 0.34134615384615385 0.03485576923076923 0.08173076923076923
0 0.5901442307692307 0.4387019230769231 0.037259615384615384 0.0733173076923077
0 0.6875 0.4026442307692308 0.038461538461538464 0.0829326923076923
0 0.7235576923076923 0.4387019230769231 0.054086538461538464 0.09495192307692307
0 0.7668269230769231 0.3269230769230769 0.036057692307692304 0.04807692307692308
0 0.8161057692307693 0.39663461538461536 0.03365384615384615 0.0733173076923077
0 0.8413461538461539 0.4050480769230769 0.04447115384615385 0.11177884615384616
0 0.7079326923076923 0.5697115384615384 0.03245192307692308 0.10336538461538461
0 0.9399038461538461 0.4050480769230769 0.04326923076923077 0.06971153846153846
0 0.9483173076923077 0.47836538461538464 0.04447115384615385 0.109375
0 0.9819711538461539 0.546875 0.03365384615384615 0.0985576923076923
0 0.9122596153846154 0.7235576923076923 0.039663461538461536 0.14543269230769232
0 0.5516826923076923 0.8329326923076923 0.0985576923076923 0.1466346153846154
0 0.1971153846153846 0.13822115384615385 0.015625 0.026442307692307692
0 0.28725961538461536 0.7127403846153846 0.07572115384615384 0.13822115384615385
0 0.020432692307692308 0.013221153846153846 0.007211538461538462 0.018028846153846152
0 0.10096153846153846 0.020432692307692308 0.007211538461538462 0.010817307692307692
0 0.9362980769230769 0.3269230769230769 0.03485576923076923 0.06129807692307692
0 0.9242788461538461 0.25 0.021634615384615384 0.052884615384615384
0 0.5985576923076923 0.35336538461538464 0.028846153846153848 0.07451923076923077