0 0.06971153846153846 0.45913461538461536 0.013221153846153846 0.030048076923076924
0 0.04447115384615385 0.4483173076923077 0.006009615384615385 0.018028846153846152
0 0.24639423076923078 0.4338942307692308 0.01201923076923077 0.030048076923076924
0 0.3245192307692308 0.4206730769230769 0.004807692307692308 0.014423076923076924
0 0.33774038461538464 0.40384615384615385 0.006009615384615385 0.01201923076923077
0 0.390625 0.4098557692307692 0.006009615384615385 0.014423076923076924
0 0.38221153846153844 0.42427884615384615 0.004807692307692308 0.009615384615384616
0 0.7620192307692307 0.5132211538461539 0.02403846153846154 0.07451923076923077
0 0.46634615384615385 0.4338942307692308 0.007211538461538462 0.020432692307692308
0 0.4735576923076923 0.4266826923076923 0.007211538461538462 0.02403846153846154
0 0.48197115384615385 0.4182692307692308 0.007211538461538462 0.026442307692307692
0 0.5144230769230769 0.41466346153846156 0.007211538461538462 0.018028846153846152
0 0.5600961538461539 0.40384615384615385 0.004807692307692308 0.014423076923076924
0 0.5240384615384616 0.41225961538461536 0.003605769230769231 0.01201923076923077
0 0.546875 0.40384615384615385 0.004807692307692308 0.009615384615384616
0 0.7127403846153846 0.41466346153846156 0.010817307692307692 0.021634615384615384
0 0.6442307692307693 0.39783653846153844 0.007211538461538462 0.015625
0 0.6610576923076923 0.40024038461538464 0.007211538461538462 0.018028846153846152
0 0.6802884615384616 0.38221153846153844 0.006009615384615385 0.01201923076923077
0 0.6995192307692307 0.38221153846153844 0.006009615384615385 0.01201923076923077
0 0.6947115384615384 0.3918269230769231 0.004807692307692308 0.014423076923076924
0 0.5913461538461539 0.40024038461538464 0.003605769230769231 0.01201923076923077
0 0.7355769230769231 0.40384615384615385 0.008413461538461538 0.026442307692307692
0 0.7608173076923077 0.38341346153846156 0.004807692307692308 0.01201923076923077
0 0.7764423076923077 0.3713942307692308 0.006009615384615385 0.014423076923076924
0 0.7908653846153846 0.3858173076923077 0.006009615384615385 0.015625
0 0.8112980769230769 0.36778846153846156 0.004807692307692308 0.014423076923076924
0 0.8701923076923077 0.3641826923076923 0.008413461538461538 0.02403846153846154
0 0.828125 0.3641826923076923 0.006009615384615385 0.009615384615384616
0 0.8173076923076923 0.36538461538461536 0.007211538461538462 0.014423076923076924
0 0.9242788461538461 0.3798076923076923 0.009615384615384616 0.021634615384615384
0 0.9507211538461539 0.3762019230769231 0.007211538461538462 0.018028846153846152
0 0.9110576923076923 0.35096153846153844 0.007211538461538462 0.014423076923076924
0 0.9423076923076923 0.3557692307692308 0.007211538461538462 0.01201923076923077
0 0.9819711538461539 0.3449519230769231 0.004807692307692308 0.014423076923076924
0 0.9591346153846154 0.3581730769230769 0.007211538461538462 0.014423076923076924
0 0.5973557692307693 0.41466346153846156 0.006009615384615385 0.018028846153846152
0 0.671875 0.3918269230769231 0.004807692307692308 0.014423076923076924