0 0.046875 0.921875 0.02403846153846154 0.03125
0 0.004807692307692308 0.6923076923076923 0.009615384615384616 0.028846153846153848
0 0.171875 0.6442307692307693 0.02283653846153846 0.027644230769230768
0 0.12379807692307693 0.41346153846153844 0.021634615384615384 0.03365384615384615
0 0.078125 0.23317307692307693 0.021634615384615384 0.038461538461538464
0 0.037259615384615384 0.04567307692307692 0.021634615384615384 0.040865384615384616
0 0.19591346153846154 0.06129807692307692 0.019230769230769232 0.028846153846153848
0 0.24519230769230768 0.22115384615384615 0.02283653846153846 0.028846153846153848
0 0.29447115384615385 0.43990384615384615 0.02403846153846154 0.028846153846153848
0 0.34975961538461536 0.6334134615384616 0.02403846153846154 0.04447115384615385
0 0.41466346153846156 0.8725961538461539 0.02403846153846154 0.039663461538461536
0 0.5733173076923077 0.8954326923076923 0.025240384615384616 0.04447115384615385
0 0.3641826923076923 0.06129807692307692 0.020432692307692308 0.03365384615384615
0 0.5408653846153846 0.027644230769230768 0.02403846153846154 0.036057692307692304
0 0.6045673076923077 0.21153846153846154 0.020432692307692308 0.028846153846153848
0 0.6586538461538461 0.43149038461538464 0.02283653846153846 0.025240384615384616
0 0.7163461538461539 0.6334134615384616 0.021634615384615384 0.03245192307692308
0 0.7776442307692307 0.8149038461538461 0.02283653846153846 0.038461538461538464
0 0.9435096153846154 0.8209134615384616 0.02283653846153846 0.04447115384615385
0 0.8846153846153846 0.6334134615384616 0.02283653846153846 0.04447115384615385
0 0.8257211538461539 0.42427884615384615 0.021634615384615384 0.04567307692307692
0 0.765625 0.21875 0.02283653846153846 0.03485576923076923
0 0.6983173076923077 0.020432692307692308 0.021634615384615384 0.040865384615384616
0 0.8653846153846154 0.03485576923076923 0.018028846153846152 0.025240384615384616
0 0.9302884615384616 0.20432692307692307 0.020432692307692308 0.027644230769230768
0 0.5360576923076923 0.6670673076923077 0.021634615384615384 0.038461538461538464
0 0.9891826923076923 0.4182692307692308 0.020432692307692308 0.04447115384615385
0 0.22235576923076922 0.8942307692307693 0.02403846153846154 0.039663461538461536