0 0.06971153846153846 0.29447115384615385 0.046875 0.06850961538461539
0 0.027644230769230768 0.22956730769230768 0.007211538461538462 0.010817307692307692
0 0.04927884615384615 0.22355769230769232 0.007211538461538462 0.009615384615384616
0 0.22355769230769232 0.23918269230769232 0.010817307692307692 0.02403846153846154
0 0.23197115384615385 0.24278846153846154 0.018028846153846152 0.030048076923076924
0 0.26322115384615385 0.24158653846153846 0.02403846153846154 0.03125
0 0.29447115384615385 0.24278846153846154 0.006009615384615385 0.008413461538461538
0 0.33052884615384615 0.25600961538461536 0.018028846153846152 0.036057692307692304
0 0.3713942307692308 0.2668269230769231 0.028846153846153848 0.042067307692307696
0 0.4206730769230769 0.26322115384615385 0.037259615384615384 0.055288461538461536
0 0.46274038461538464 0.2536057692307692 0.016826923076923076 0.03245192307692308
0 0.5036057692307693 0.2764423076923077 0.026442307692307692 0.037259615384615384
0 0.49038461538461536 0.24278846153846154 0.009615384615384616 0.021634615384615384
0 0.5492788461538461 0.2439903846153846 0.009615384615384616 0.016826923076923076
0 0.5600961538461539 0.21153846153846154 0.006009615384615385 0.013221153846153846
0 0.59375 0.2512019230769231 0.019230769230769232 0.026442307692307692
0 0.6201923076923077 0.27403846153846156 0.030048076923076924 0.05048076923076923
0 0.6646634615384616 0.27163461538461536 0.018028846153846152 0.028846153846153848
0 0.6923076923076923 0.25721153846153844 0.007211538461538462 0.013221153846153846
0 0.703125 0.2548076923076923 0.01201923076923077 0.016826923076923076
0 0.7235576923076923 0.265625 0.010817307692307692 0.02403846153846154
0 0.7487980769230769 0.2692307692307692 0.027644230769230768 0.04326923076923077
0 0.7788461538461539 0.2692307692307692 0.016826923076923076 0.02283653846153846
0 0.8076923076923077 0.2668269230769231 0.018028846153846152 0.026442307692307692
0 0.8293269230769231 0.2668269230769231 0.02403846153846154 0.040865384615384616
0 0.8557692307692307 0.27163461538461536 0.016826923076923076 0.02403846153846154
0 0.8930288461538461 0.2644230769230769 0.009615384615384616 0.02403846153846154
0 0.9026442307692307 0.2620192307692308 0.020432692307692308 0.026442307692307692
0 0.9242788461538461 0.2608173076923077 0.013221153846153846 0.02403846153846154
0 0.9591346153846154 0.2692307692307692 0.019230769230769232 0.02403846153846154
0 0.9915865384615384 0.25841346153846156 0.014423076923076924 0.02403846153846154
0 0.9783653846153846 0.23918269230769232 0.006009615384615385 0.008413461538461538
0 0.9771634615384616 0.26322115384615385 0.008413461538461538 0.01201923076923077
0 0.9447115384615384 0.23677884615384615 0.008413461538461538 0.009615384615384616
0 0.6117788461538461 0.21153846153846154 0.003605769230769231 0.008413461538461538
0 0.6274038461538461 0.22115384615384615 0.004807692307692308 0.009615384615384616
0 0.8653846153846154 0.25841346153846156 0.010817307692307692 0.018028846153846152