0 0.9302884615384616 0.3137019230769231 0.01201923076923077 0.020432692307692308
0 0.8858173076923077 0.3112980769230769 0.010817307692307692 0.021634615384615384
0 0.875 0.4423076923076923 0.018028846153846152 0.030048076923076924
0 0.8341346153846154 0.46153846153846156 0.02403846153846154 0.039663461538461536
0 0.7788461538461539 0.46153846153846156 0.021634615384615384 0.03485576923076923
0 0.71875 0.4170673076923077 0.025240384615384616 0.039663461538461536
0 0.6177884615384616 0.44591346153846156 0.019230769230769232 0.03485576923076923
0 0.5108173076923077 0.4567307692307692 0.021634615384615384 0.036057692307692304
0 0.45072115384615385 0.4483173076923077 0.02403846153846154 0.036057692307692304
0 0.3545673076923077 0.4230769230769231 0.026442307692307692 0.040865384615384616
0 0.3088942307692308 0.4411057692307692 0.02283653846153846 0.037259615384615384
0 0.2608173076923077 0.4387019230769231 0.026442307692307692 0.04807692307692308
0 0.22355769230769232 0.44591346153846156 0.02403846153846154 0.039663461538461536
0 0.20432692307692307 0.43990384615384615 0.008413461538461538 0.016826923076923076
0 0.171875 0.46033653846153844 0.004807692307692308 0.014423076923076924
0 0.1201923076923077 0.4987980769230769 0.014423076923076924 0.021634615384615384
0 0.0673076923076923 0.38100961538461536 0.006009615384615385 0.014423076923076924
0 0.042067307692307696 0.4735576923076923 0.014423076923076924 0.027644230769230768
0 0.07091346153846154 0.3762019230769231 0.007211538461538462 0.014423076923076924
0 0.027644230769230768 0.47475961538461536 0.009615384615384616 0.021634615384615384
0 0.08774038461538461 0.5012019230769231 0.007211538461538462 0.016826923076923076
0 0.5552884615384616 0.4879807692307692 0.009615384615384616 0.014423076923076924
0 0.07091346153846154 0.5444711538461539 0.008413461538461538 0.020432692307692308
0 0.38341346153846156 0.44711538461538464 0.01201923076923077 0.02403846153846154