0 0.06971153846153846 0.6298076923076923 0.006009615384615385 0.009615384615384616
0 0.11538461538461539 0.6418269230769231 0.006009615384615385 0.007211538461538462
0 0.12259615384615384 0.6358173076923077 0.004807692307692308 0.006009615384615385
0 0.16105769230769232 0.6418269230769231 0.007211538461538462 0.010817307692307692
0 0.17067307692307693 0.6466346153846154 0.006009615384615385 0.010817307692307692
0 0.17908653846153846 0.6370192307692307 0.004807692307692308 0.007211538461538462
0 0.18629807692307693 0.6442307692307693 0.007211538461538462 0.014423076923076924
0 0.19230769230769232 0.6382211538461539 0.007211538461538462 0.010817307692307692
0 0.20793269230769232 0.6370192307692307 0.007211538461538462 0.013221153846153846
0 0.23557692307692307 0.6418269230769231 0.006009615384615385 0.010817307692307692
0 0.24759615384615385 0.6502403846153846 0.008413461538461538 0.014423076923076924
0 0.25721153846153844 0.6466346153846154 0.007211538461538462 0.015625
0 0.24759615384615385 0.6382211538461539 0.007211538461538462 0.010817307692307692
0 0.265625 0.6514423076923077 0.004807692307692308 0.007211538461538462
0 0.27163461538461536 0.6514423076923077 0.004807692307692308 0.01201923076923077
0 0.2800480769230769 0.65625 0.007211538461538462 0.014423076923076924
0 0.3076923076923077 0.6490384615384616 0.007211538461538462 0.01201923076923077
0 0.3161057692307692 0.6442307692307693 0.008413461538461538 0.018028846153846152
0 0.3389423076923077 0.6322115384615384 0.007211538461538462 0.01201923076923077
0 0.3629807692307692 0.65625 0.010817307692307692 0.021634615384615384
0 0.3473557692307692 0.6502403846153846 0.006009615384615385 0.010817307692307692
0 0.37259615384615385 0.6538461538461539 0.008413461538461538 0.018028846153846152
0 0.41346153846153844 0.65625 0.007211538461538462 0.013221153846153846
0 0.4182692307692308 0.6322115384615384 0.004807692307692308 0.009615384615384616
0 0.4387019230769231 0.6526442307692307 0.007211538461538462 0.01201923076923077
0 0.4483173076923077 0.6538461538461539 0.008413461538461538 0.019230769230769232
0 0.4543269230769231 0.6622596153846154 0.004807692307692308 0.010817307692307692
0 0.45913461538461536 0.6634615384615384 0.003605769230769231 0.010817307692307692
0 0.4735576923076923 0.6610576923076923 0.009615384615384616 0.013221153846153846
0 0.4879807692307692 0.6634615384615384 0.010817307692307692 0.019230769230769232
0 0.5 0.6610576923076923 0.008413461538461538 0.014423076923076924
0 0.5132211538461539 0.6610576923076923 0.01201923076923077 0.02403846153846154
0 0.5288461538461539 0.6550480769230769 0.009615384615384616 0.015625
0 0.5600961538461539 0.671875 0.013221153846153846 0.020432692307692308
0 0.5721153846153846 0.6658653846153846 0.009615384615384616 0.018028846153846152
0 0.6322115384615384 0.65625 0.008413461538461538 0.014423076923076924
0 0.6033653846153846 0.6670673076923077 0.010817307692307692 0.015625
0 0.6610576923076923 0.6658653846153846 0.015625 0.025240384615384616
0 0.6766826923076923 0.65625 0.008413461538461538 0.01201923076923077
0 0.6887019230769231 0.6814903846153846 0.013221153846153846 0.025240384615384616
0 0.7475961538461539 0.6574519230769231 0.008413461538461538 0.018028846153846152
0 0.7872596153846154 0.6875 0.025240384615384616 0.04447115384615385
0 0.796875 0.65625 0.010817307692307692 0.019230769230769232
0 0.84375 0.6826923076923077 0.016826923076923076 0.026442307692307692
0 0.9362980769230769 0.6766826923076923 0.013221153846153846 0.020432692307692308
0 0.33653846153846156 0.6538461538461539 0.007211538461538462 0.014423076923076924
0 0.3701923076923077 0.6382211538461539 0.007211538461538462 0.010817307692307692