0 0 0 0 0
0 0.091796875 0.9739921976592978 0.0234375 0.04161248374512354
0 0.1064453125 0.9011703511053316 0.015625 0.0247074122236671
0 0.044921875 0.9037711313394018 0.013671875 0.02080624187256177
0 0.17822265625 0.9089726918075423 0.0146484375 0.0247074122236671
0 0.1845703125 0.988296488946684 0.025390625 0.02340702210663199
0 0.07421875 0.7958387516254877 0.0078125 0.011703511053315995
0 0.16796875 0.8374512353706112 0.01171875 0.01950585175552666
0 0.21923828125 0.88296488946684 0.0107421875 0.02080624187256177
0 0.23193359375 0.8972691807542262 0.0166015625 0.02600780234070221
0 0.244140625 0.8452535760728218 0.01171875 0.0247074122236671
0 0.26123046875 0.8842652795838751 0.0126953125 0.018205461638491547
0 0.22802734375 0.9609882964889467 0.0146484375 0.02990897269180754
0 0.30712890625 0.9466840052015605 0.0205078125 0.032509752925877766
0 0.4033203125 0.951885565669701 0.017578125 0.032509752925877766
0 0.52685546875 0.951885565669701 0.0283203125 0.05981794538361508
0 0.3974609375 0.8673602080624188 0.013671875 0.022106631989596878
0 0.34033203125 0.8478543563068921 0.0107421875 0.0247074122236671
0 0.36767578125 0.8439531859557867 0.0126953125 0.022106631989596878
0 0.30322265625 0.8244473342002601 0.0107421875 0.01950585175552666
0 0.326171875 0.8530559167750326 0.009765625 0.015604681404421327
0 0.37890625 0.8842652795838751 0.01171875 0.016905071521456438
0 0.44482421875 0.9063719115734721 0.0166015625 0.0247074122236671
0 0.451171875 0.8387516254876463 0.01171875 0.022106631989596878
0 0.587890625 0.9167750325097529 0.021484375 0.03901170351105332
0 0.625 0.9635890767230169 0.033203125 0.06631989596879063
0 0.669921875 0.9440832249674902 0.021484375 0.03901170351105332
0 0.51611328125 0.7672301690507152 0.0087890625 0.013003901170351105
0 0.50244140625 0.7607282184655396 0.0087890625 0.011703511053315995
0 0.5947265625 0.8205461638491548 0.01171875 0.01950585175552666
0 0.61474609375 0.8244473342002601 0.0126953125 0.0247074122236671
0 0.24462890625 0.741222366710013 0.0068359375 0.013003901170351105
0 0.19482421875 0.7399219765929779 0.0087890625 0.013003901170351105
0 0.1884765625 0.7594278283485045 0.0078125 0.013003901170351105
0 0.12744140625 0.7958387516254877 0.0087890625 0.015604681404421327
0 0.24658203125 0.7659297789336801 0.0087890625 0.014304291287386216
0 0.296875 0.7750325097529259 0.009765625 0.018205461638491547
0 0.337890625 0.8010403120936281 0.009765625 0.013003901170351105
0 0.4365234375 0.776332899869961 0.009765625 0.014304291287386216
0 0.29296875 0.7503250975292588 0.0078125 0.014304291287386216
0 0.33740234375 0.7568270481144344 0.0068359375 0.009102730819245773
0 0.41943359375 0.7230169050715215 0.0068359375 0.010403120936280884
0 0.44580078125 0.7204161248374512 0.0068359375 0.010403120936280884
0 0.4326171875 0.6957087126137841 0.005859375 0.009102730819245773
0 0.41259765625 0.6996098829648895 0.0048828125 0.007802340702210663
0 0.4501953125 0.7620286085825748 0.005859375 0.011703511053315995
0 0.421875 0.7620286085825748 0.005859375 0.011703511053315995
0 0.52490234375 0.7867360208062418 0.0107421875 0.015604681404421327
0 0.484375 0.6905071521456437 0.005859375 0.010403120936280884
0 0.45166015625 0.6957087126137841 0.0068359375 0.014304291287386216
0 0.35986328125 0.7425227568270482 0.0068359375 0.011703511053315995
0 0.375 0.7347204161248374 0.0078125 0.011703511053315995
0 0.41015625 0.7854356306892067 0.009765625 0.016905071521456438
0 0.66162109375 0.9466840052015605 0.0185546875 0.031209362808842653
0 0.708984375 0.9336801040312094 0.01953125 0.0377113133940182
0 0.75537109375 0.9843953185955787 0.0244140625 0.02990897269180754
0 0.85546875 0.9648894668400521 0.029296875 0.0494148244473342
0 0.826171875 0.8868660598179454 0.017578125 0.02990897269180754
0 0.79931640625 0.8439531859557867 0.0146484375 0.02080624187256177
0 0.60498046875 0.8777633289986996 0.0126953125 0.018205461638491547
0 0.6533203125 0.8023407022106632 0.0078125 0.011703511053315995
0 0.57958984375 0.7711313394018205 0.0087890625 0.014304291287386216
0 0.65478515625 0.6996098829648895 0.0068359375 0.010403120936280884
0 0.64599609375 0.7542262678803641 0.0087890625 0.013003901170351105
0 0.7197265625 0.7932379713914174 0.009765625 0.011703511053315995
0 0.72216796875 0.7633289986996099 0.0107421875 0.01950585175552666
0 0.75146484375 0.7750325097529259 0.0107421875 0.014304291287386216
0 0.68505859375 0.7464239271781534 0.0068359375 0.011703511053315995
0 0.6806640625 0.764629388816645 0.0078125 0.011703511053315995
0 0.73193359375 0.7256176853055917 0.0068359375 0.013003901170351105
0 0.7861328125 0.7477243172951885 0.005859375 0.013003901170351105
0 0.7958984375 0.7698309492847855 0.0078125 0.014304291287386216
0 0.80908203125 0.7737321196358907 0.0087890625 0.013003901170351105
0 0.82421875 0.7698309492847855 0.0078125 0.016905071521456438
0 0.8154296875 0.7451235370611183 0.0078125 0.014304291287386216
0 0.89453125 0.7230169050715215 0.0078125 0.013003901170351105
0 0.90869140625 0.7451235370611183 0.0068359375 0.011703511053315995
0 0.88525390625 0.8244473342002601 0.0107421875 0.01950585175552666
0 0.9736328125 0.8257477243172952 0.0078125 0.022106631989596878
0 0.7333984375 0.6736020806241872 0.005859375 0.007802340702210663
0 0.7724609375 0.7243172951885566 0.0078125 0.013003901170351105
0 0.79052734375 0.6801040312093628 0.0048828125 0.010403120936280884
0 0.85595703125 0.682704811443433 0.0068359375 0.010403120936280884
0 0.89599609375 0.6892067620286085 0.0068359375 0.011703511053315995
0 0.8076171875 0.6488946684005201 0.005859375 0.009102730819245773
0 0.8125 0.6788036410923277 0.005859375 0.007802340702210663
0 0.83447265625 0.6710013003901171 0.0048828125 0.007802340702210663
0 0.9140625 0.6801040312093628 0.005859375 0.011703511053315995
0 0.7392578125 0.659297789336801 0.005859375 0.010403120936280884
0 0.03515625 0.8153446033810143 0.0078125 0.011703511053315995
0 0.0810546875 0.7854356306892067 0.0078125 0.013003901170351105
0 0.22607421875 0.7841352405721717 0.0068359375 0.011703511053315995
0 0.24560546875 0.7867360208062418 0.0087890625 0.010403120936280884
0 0.2255859375 0.7217165149544863 0.005859375 0.013003901170351105
0 0.27783203125 0.7113133940182055 0.0068359375 0.010403120936280884
0 0.216796875 0.7074122236671001 0.005859375 0.011703511053315995
0 0.19287109375 0.7035110533159948 0.0068359375 0.010403120936280884
0 0.20556640625 0.7256176853055917 0.0068359375 0.010403120936280884
0 0.10107421875 0.7386215864759428 0.0048828125 0.010403120936280884
0 0.1220703125 0.752925877763329 0.0078125 0.011703511053315995
0 0.07861328125 0.7477243172951885 0.0068359375 0.011703511053315995
0 0.06982421875 0.7425227568270482 0.0068359375 0.010403120936280884
0 0.0947265625 0.8140442132639792 0.0078125 0.013003901170351105
0 0.205078125 0.764629388816645 0.0078125 0.011703511053315995
0 0.15869140625 0.7334200260078023 0.0068359375 0.010403120936280884
0 0.251953125 0.7373211963589077 0.005859375 0.007802340702210663
0 0.6201171875 0.8023407022106632 0.01171875 0.01950585175552666
0 0.5556640625 0.7464239271781534 0.0078125 0.010403120936280884
0 0.62890625 0.7685305591677504 0.0078125 0.010403120936280884
0 0.61181640625 0.7724317295188556 0.0087890625 0.010403120936280884
0 0.56982421875 0.8101430429128739 0.0087890625 0.015604681404421327
0 0.505859375 0.6644993498049415 0.00390625 0.007802340702210663
0 0.6142578125 0.6671001300390117 0.005859375 0.009102730819245773
0 0.66748046875 0.6397919375812744 0.0048828125 0.007802340702210663
0 0.64794921875 0.6618985695708712 0.0048828125 0.007802340702210663
0 0.6630859375 0.6853055916775033 0.005859375 0.009102730819245773
0 0.626953125 0.6423927178153446 0.005859375 0.007802340702210663
0 0.77099609375 0.6189856957087126 0.0048828125 0.006501950585175552
0 0.89697265625 0.6449934980494149 0.0048828125 0.010403120936280884
0 0.82763671875 0.6332899869960988 0.0048828125 0.007802340702210663
0 0.88818359375 0.5916775032509753 0.0048828125 0.009102730819245773
0 0.84521484375 0.6124837451235371 0.0048828125 0.006501950585175552
0 0.1474609375 0.7776332899869961 0.0078125 0.011703511053315995
0 0.380859375 0.7035110533159948 0.00390625 0.009102730819245773
0 0.4033203125 0.7204161248374512 0.005859375 0.011703511053315995
0 0.37109375 0.7620286085825748 0.0078125 0.014304291287386216
0 0.4560546875 0.7776332899869961 0.0078125 0.014304291287386216
0 0.45458984375 0.7477243172951885 0.0087890625 0.014304291287386216
0 0.431640625 0.764629388816645 0.005859375 0.013003901170351105
0 0.43017578125 0.8296488946684005 0.0107421875 0.01950585175552666
0 0.5 0.8153446033810143 0.0078125 0.014304291287386216
0 0.51611328125 0.9193758127438232 0.0224609375 0.04031209362808843
0 0.54638671875 0.9232769830949284 0.0185546875 0.02990897269180754
0 0.646484375 0.7360208062418726 0.005859375 0.014304291287386216
0 0.70654296875 0.7594278283485045 0.0068359375 0.013003901170351105
0 0.73681640625 0.7542262678803641 0.0087890625 0.016905071521456438
0 0.8046875 0.8023407022106632 0.009765625 0.02080624187256177
0 0.6923828125 0.9011703511053316 0.013671875 0.01950585175552666
0 0.76708984375 0.7685305591677504 0.0068359375 0.014304291287386216
0 0.98486328125 0.9687906371911573 0.0302734375 0.0611183355006502
0 0.98046875 0.8608582574772432 0.009765625 0.02860858257477243
0 0.98828125 0.8400520156046815 0.015625 0.022106631989596878
0 0.96337890625 0.7776332899869961 0.0107421875 0.018205461638491547
0 0.8427734375 0.7984395318595578 0.009765625 0.015604681404421327
0 0.44091796875 0.7971391417425228 0.0068359375 0.014304291287386216
0 0.3466796875 0.6983094928478544 0.005859375 0.011703511053315995
0 0.3134765625 0.7113133940182055 0.005859375 0.011703511053315995
0 0.25537109375 0.7776332899869961 0.0068359375 0.010403120936280884