0 0.03125 0.2692307692307692 0.016826923076923076 0.04326923076923077
0 0.04807692307692308 0.2956730769230769 0.026442307692307692 0.046875
0 0.140625 0.2848557692307692 0.030048076923076924 0.04567307692307692
0 0.16826923076923078 0.2608173076923077 0.027644230769230768 0.052884615384615384
0 0.21153846153846154 0.265625 0.019230769230769232 0.030048076923076924
0 0.21875 0.29086538461538464 0.02403846153846154 0.03485576923076923
0 0.2704326923076923 0.27884615384615385 0.02403846153846154 0.039663461538461536
0 0.3137019230769231 0.2704326923076923 0.038461538461538464 0.04927884615384615
0 0.36778846153846156 0.265625 0.027644230769230768 0.04326923076923077
0 0.43509615384615385 0.2692307692307692 0.02403846153846154 0.051682692307692304
0 0.4831730769230769 0.2776442307692308 0.018028846153846152 0.03365384615384615
0 0.5192307692307693 0.27884615384615385 0.020432692307692308 0.040865384615384616
0 0.5408653846153846 0.28966346153846156 0.030048076923076924 0.04807692307692308
0 0.578125 0.2800480769230769 0.03485576923076923 0.0625
0 0.609375 0.30528846153846156 0.03125 0.046875
0 0.6442307692307693 0.2620192307692308 0.026442307692307692 0.04567307692307692
0 0.6490384615384616 0.3112980769230769 0.02403846153846154 0.039663461538461536
0 0.7043269230769231 0.2932692307692308 0.03485576923076923 0.04807692307692308
0 0.7836538461538461 0.3245192307692308 0.02403846153846154 0.04567307692307692
0 0.8269230769230769 0.32211538461538464 0.03125 0.051682692307692304
0 0.8509615384615384 0.2920673076923077 0.027644230769230768 0.04567307692307692
0 0.9086538461538461 0.31009615384615385 0.028846153846153848 0.04326923076923077
0 0.90625 0.38461538461538464 0.03125 0.056490384615384616
0 0.9783653846153846 0.29927884615384615 0.02403846153846154 0.051682692307692304
0 0.21634615384615385 0.08774038461538461 0.006009615384615385 0.009615384615384616
0 0.9615384615384616 0.32211538461538464 0.01201923076923077 0.025240384615384616