0 0.9615384615384616 0.4723557692307692 0.008413461538461538 0.018028846153846152
0 0.9459134615384616 0.47115384615384615 0.010817307692307692 0.020432692307692308
0 0.9002403846153846 0.46033653846153844 0.007211538461538462 0.014423076923076924
0 0.8774038461538461 0.46033653846153844 0.007211538461538462 0.018028846153846152
0 0.8509615384615384 0.46274038461538464 0.010817307692307692 0.015625
0 0.8509615384615384 0.42908653846153844 0.007211538461538462 0.013221153846153846
0 0.828125 0.42788461538461536 0.008413461538461538 0.019230769230769232
0 0.953125 0.5528846153846154 0.007211538461538462 0.013221153846153846
0 0.8161057692307693 0.5949519230769231 0.014423076923076924 0.025240384615384616
0 0.7860576923076923 0.49399038461538464 0.007211538461538462 0.013221153846153846
0 0.78125 0.47115384615384615 0.009615384615384616 0.018028846153846152
0 0.7632211538461539 0.44471153846153844 0.006009615384615385 0.01201923076923077
0 0.7596153846153846 0.42908653846153844 0.007211538461538462 0.01201923076923077
0 0.7716346153846154 0.4387019230769231 0.008413461538461538 0.020432692307692308
0 0.6814903846153846 0.4014423076923077 0.006009615384615385 0.013221153846153846
0 0.6586538461538461 0.40865384615384615 0.006009615384615385 0.014423076923076924
0 0.7139423076923077 0.53125 0.01201923076923077 0.021634615384615384
0 0.7367788461538461 0.5456730769230769 0.013221153846153846 0.021634615384615384
0 0.6706730769230769 0.5697115384615384 0.010817307692307692 0.021634615384615384
0 0.9206730769230769 0.5637019230769231 0.008413461538461538 0.018028846153846152
0 0.6310096153846154 0.5096153846153846 0.013221153846153846 0.021634615384615384
0 0.6129807692307693 0.5444711538461539 0.013221153846153846 0.02283653846153846
0 0.5685096153846154 0.5432692307692307 0.009615384615384616 0.018028846153846152
0 0.5901442307692307 0.5024038461538461 0.009615384615384616 0.019230769230769232
0 0.5060096153846154 0.53125 0.008413461538461538 0.015625
0 0.5204326923076923 0.5048076923076923 0.008413461538461538 0.020432692307692308
0 0.5504807692307693 0.4182692307692308 0.006009615384615385 0.013221153846153846
0 0.5817307692307693 0.40865384615384615 0.006009615384615385 0.01201923076923077
0 0.5072115384615384 0.37740384615384615 0.007211538461538462 0.013221153846153846
0 0.6225961538461539 0.4026442307692308 0.007211538461538462 0.013221153846153846
0 0.4579326923076923 0.5120192307692307 0.008413461538461538 0.019230769230769232
0 0.44591346153846156 0.49158653846153844 0.010817307692307692 0.018028846153846152
0 0.4987980769230769 0.42908653846153844 0.006009615384615385 0.013221153846153846
0 0.48197115384615385 0.4567307692307692 0.01201923076923077 0.020432692307692308
0 0.4026442307692308 0.5625 0.013221153846153846 0.025240384615384616
0 0.38822115384615385 0.5084134615384616 0.010817307692307692 0.019230769230769232
0 0.32572115384615385 0.4951923076923077 0.010817307692307692 0.020432692307692308
0 0.25841346153846156 0.45072115384615385 0.007211538461538462 0.019230769230769232
0 0.4098557692307692 0.38461538461538464 0.004807692307692308 0.01201923076923077
0 0.39302884615384615 0.38341346153846156 0.007211538461538462 0.013221153846153846
0 0.3786057692307692 0.3870192307692308 0.007211538461538462 0.01201923076923077
0 0.3137019230769231 0.39783653846153844 0.006009615384615385 0.01201923076923077
0 0.2932692307692308 0.390625 0.006009615384615385 0.013221153846153846
0 0.20673076923076922 0.4675480769230769 0.007211538461538462 0.018028846153846152
0 0.23197115384615385 0.4074519230769231 0.008413461538461538 0.018028846153846152
0 0.10216346153846154 0.4387019230769231 0.010817307692307692 0.015625
0 0.0733173076923077 0.42427884615384615 0.007211538461538462 0.013221153846153846
0 0.013221153846153846 0.4182692307692308 0.008413461538461538 0.019230769230769232
0 0.1658653846153846 0.3425480769230769 0.004807692307692308 0.01201923076923077
0 0.020432692307692308 0.5516826923076923 0.013221153846153846 0.02283653846153846
0 0.17427884615384615 0.5949519230769231 0.007211538461538462 0.020432692307692308
0 0.19831730769230768 0.5180288461538461 0.01201923076923077 0.019230769230769232
0 0.2764423076923077 0.6899038461538461 0.018028846153846152 0.038461538461538464
0 0.14423076923076922 0.609375 0.01201923076923077 0.025240384615384616
0 0.8641826923076923 0.5096153846153846 0.008413461538461538 0.015625
0 0.8064903846153846 0.4110576923076923 0.008413461538461538 0.018028846153846152
0 0.7632211538461539 0.5024038461538461 0.006009615384615385 0.01201923076923077
0 0.7199519230769231 0.4254807692307692 0.007211538461538462 0.015625