0 0.07211538461538461 0.9675480769230769 0.038461538461538464 0.06370192307692307
0 0.16105769230769232 0.921875 0.042067307692307696 0.0829326923076923
0 0.18269230769230768 0.9050480769230769 0.028846153846153848 0.08653846153846154
0 0.2644230769230769 0.8461538461538461 0.038461538461538464 0.08533653846153846
0 0.19591346153846154 0.7872596153846154 0.025240384615384616 0.0829326923076923
0 0.12379807692307693 0.7764423076923077 0.038461538461538464 0.07572115384615384
0 0.08653846153846154 0.8521634615384616 0.03365384615384615 0.08653846153846154
0 0.06490384615384616 0.7776442307692307 0.039663461538461536 0.06971153846153846
0 0.29927884615384615 0.8497596153846154 0.030048076923076924 0.07451923076923077
0 0.26322115384615385 0.7331730769230769 0.037259615384615384 0.08653846153846154
0 0.2860576923076923 0.6694711538461539 0.038461538461538464 0.0889423076923077
0 0.2439903846153846 0.9615384615384616 0.037259615384615384 0.057692307692307696
0 0.3329326923076923 0.9675480769230769 0.040865384615384616 0.0625
0 0.34134615384615385 0.7848557692307693 0.03365384615384615 0.0733173076923077
0 0.36778846153846156 0.8028846153846154 0.04447115384615385 0.1045673076923077
0 0.42427884615384615 0.7764423076923077 0.038461538461538464 0.09014423076923077
0 0.5180288461538461 0.7608173076923077 0.039663461538461536 0.0829326923076923
0 0.4495192307692308 0.7019230769230769 0.036057692307692304 0.0673076923076923
0 0.5564903846153846 0.7103365384615384 0.036057692307692304 0.0625
0 0.375 0.6947115384615384 0.030048076923076924 0.0673076923076923
0 0.40384615384615385 0.7752403846153846 0.03125 0.06370192307692307
0 0.40024038461538464 0.6358173076923077 0.037259615384615384 0.08173076923076923
0 0.4699519230769231 0.6033653846153846 0.042067307692307696 0.07572115384615384
0 0.6346153846153846 0.8629807692307693 0.036057692307692304 0.0733173076923077
0 0.6983173076923077 0.875 0.04447115384615385 0.0985576923076923
0 0.7680288461538461 0.9050480769230769 0.038461538461538464 0.10096153846153846
0 0.734375 0.9771634615384616 0.038461538461538464 0.04326923076923077
0 0.9230769230769231 0.8954326923076923 0.03365384615384615 0.078125
0 0.8185096153846154 0.9170673076923077 0.03365384615384615 0.07572115384615384
0 0.8329326923076923 0.8557692307692307 0.03365384615384615 0.078125
0 0.8677884615384616 0.7295673076923077 0.038461538461538464 0.08533653846153846
0 0.9170673076923077 0.6971153846153846 0.036057692307692304 0.0829326923076923
0 0.9507211538461539 0.9146634615384616 0.037259615384615384 0.0829326923076923
0 0.9747596153846154 0.9807692307692307 0.040865384615384616 0.036057692307692304
0 0.9819711538461539 0.8653846153846154 0.03365384615384615 0.0733173076923077
0 0.9495192307692307 0.5204326923076923 0.03125 0.05048076923076923
0 0.9759615384615384 0.45072115384615385 0.03125 0.06370192307692307
0 0.8978365384615384 0.4831730769230769 0.027644230769230768 0.042067307692307696
0 0.9182692307692307 0.5300480769230769 0.030048076923076924 0.0625
0 0.8521634615384616 0.5384615384615384 0.03125 0.055288461538461536
0 0.8701923076923077 0.5012019230769231 0.030048076923076924 0.04807692307692308
0 0.9038461538461539 0.42427884615384615 0.028846153846153848 0.0625
0 0.9350961538461539 0.38461538461538464 0.027644230769230768 0.05048076923076923
0 0.9555288461538461 0.3557692307692308 0.025240384615384616 0.054086538461538464
0 0.9831730769230769 0.3798076923076923 0.026442307692307692 0.04807692307692308
0 0.9711538461538461 0.28966346153846156 0.027644230769230768 0.06610576923076923
0 0.9050480769230769 0.28725961538461536 0.026442307692307692 0.0625
0 0.9807692307692307 0.2512019230769231 0.02403846153846154 0.038461538461538464
0 0.9146634615384616 0.23798076923076922 0.02403846153846154 0.042067307692307696
0 0.9591346153846154 0.18509615384615385 0.025240384615384616 0.057692307692307696
0 0.9831730769230769 0.16346153846153846 0.02403846153846154 0.04807692307692308
0 0.9230769230769231 0.14903846153846154 0.02403846153846154 0.0625
0 0.8858173076923077 0.19591346153846154 0.018028846153846152 0.042067307692307696
0 0.9122596153846154 0.1045673076923077 0.014423076923076924 0.03245192307692308
0 0.9302884615384616 0.027644230769230768 0.015625 0.03245192307692308
0 0.875 0.0673076923076923 0.014423076923076924 0.020432692307692308
0 0.8329326923076923 0.04326923076923077 0.013221153846153846 0.030048076923076924
0 0.8365384615384616 0.07451923076923077 0.015625 0.020432692307692308
0 0.8665865384615384 0.09014423076923077 0.018028846153846152 0.026442307692307692
0 0.8629807692307693 0.13822115384615385 0.02283653846153846 0.03245192307692308
0 0.8858173076923077 0.140625 0.014423076923076924 0.03125
0 0.8425480769230769 0.10576923076923077 0.018028846153846152 0.04326923076923077
0 0.8173076923076923 0.11778846153846154 0.02283653846153846 0.042067307692307696
0 0.8052884615384616 0.054086538461538464 0.01201923076923077 0.03485576923076923
0 0.7836538461538461 0.054086538461538464 0.018028846153846152 0.042067307692307696
0 0.7487980769230769 0.06971153846153846 0.018028846153846152 0.042067307692307696
0 0.7620192307692307 0.06009615384615385 0.008413461538461538 0.02403846153846154
0 0.7560096153846154 0.026442307692307692 0.013221153846153846 0.026442307692307692
0 0.8317307692307693 0.15384615384615385 0.025240384615384616 0.05048076923076923
0 0.7944711538461539 0.11057692307692307 0.014423076923076924 0.036057692307692304
0 0.7620192307692307 0.1045673076923077 0.019230769230769232 0.03245192307692308
0 0.7836538461538461 0.13341346153846154 0.02283653846153846 0.04807692307692308
0 0.7668269230769231 0.16947115384615385 0.02403846153846154 0.04326923076923077
0 0.7548076923076923 0.15985576923076922 0.019230769230769232 0.039663461538461536
0 0.8677884615384616 0.19591346153846154 0.02403846153846154 0.057692307692307696
0 0.8076923076923077 0.17307692307692307 0.020432692307692308 0.04447115384615385
0 0.7596153846153846 0.22355769230769232 0.025240384615384616 0.04807692307692308
0 0.7872596153846154 0.22716346153846154 0.02403846153846154 0.046875
0 0.8016826923076923 0.27403846153846156 0.028846153846153848 0.051682692307692304
0 0.8317307692307693 0.296875 0.026442307692307692 0.051682692307692304
0 0.8545673076923077 0.25600961538461536 0.02403846153846154 0.054086538461538464
0 0.8774038461538461 0.33052884615384615 0.03125 0.051682692307692304
0 0.8076923076923077 0.34375 0.02403846153846154 0.046875
0 0.8413461538461539 0.38100961538461536 0.027644230769230768 0.04807692307692308
0 0.8413461538461539 0.44350961538461536 0.030048076923076924 0.06009615384615385
0 0.7668269230769231 0.35336538461538464 0.025240384615384616 0.0673076923076923
0 0.7524038461538461 0.43509615384615385 0.026442307692307692 0.05048076923076923
0 0.7572115384615384 0.5072115384615384 0.03485576923076923 0.06610576923076923
0 0.7920673076923077 0.5012019230769231 0.03365384615384615 0.04447115384615385
0 0.8076923076923077 0.5516826923076923 0.036057692307692304 0.0625
0 0.7920673076923077 0.6754807692307693 0.03125 0.054086538461538464
0 0.7524038461538461 0.6129807692307693 0.028846153846153848 0.06610576923076923
0 0.7091346153846154 0.3293269230769231 0.028846153846153848 0.06370192307692307
0 0.7379807692307693 0.30528846153846156 0.02403846153846154 0.054086538461538464
0 0.9891826923076923 0.671875 0.020432692307692308 0.06370192307692307
0 0.96875 0.7908653846153846 0.03245192307692308 0.0673076923076923
0 0.6899038461538461 0.5384615384615384 0.03125 0.054086538461538464
0 0.6959134615384616 0.6189903846153846 0.03245192307692308 0.06971153846153846
0 0.6923076923076923 0.44350961538461536 0.030048076923076924 0.054086538461538464
0 0.6935096153846154 0.3798076923076923 0.03245192307692308 0.057692307692307696
0 0.6742788461538461 0.7908653846153846 0.036057692307692304 0.0733173076923077
0 0.6237980769230769 0.75 0.028846153846153848 0.07572115384615384
0 0.6286057692307693 0.5408653846153846 0.03365384615384615 0.07572115384615384
0 0.5697115384615384 0.5576923076923077 0.028846153846153848 0.07451923076923077
0 0.5973557692307693 0.6754807692307693 0.036057692307692304 0.06370192307692307
0 0.5216346153846154 0.47836538461538464 0.03245192307692308 0.0673076923076923
0 0.47596153846153844 0.49759615384615385 0.025240384615384616 0.039663461538461536
0 0.6634615384615384 0.34615384615384615 0.025240384615384616 0.04326923076923077
0 0.6213942307692307 0.328125 0.021634615384615384 0.051682692307692304
0 0.6526442307692307 0.265625 0.028846153846153848 0.055288461538461536
0 0.6730769230769231 0.26322115384615385 0.021634615384615384 0.055288461538461536
0 0.7019230769230769 0.26322115384615385 0.02403846153846154 0.04447115384615385
0 0.7211538461538461 0.17307692307692307 0.020432692307692308 0.051682692307692304
0 0.734375 0.17548076923076922 0.010817307692307692 0.04326923076923077
0 0.7235576923076923 0.12860576923076922 0.021634615384615384 0.04807692307692308
0 0.6514423076923077 0.11057692307692307 0.021634615384615384 0.046875
0 0.6935096153846154 0.0625 0.016826923076923076 0.04326923076923077
0 0.6081730769230769 0.15384615384615385 0.02403846153846154 0.05048076923076923
0 0.6177884615384616 0.21875 0.025240384615384616 0.055288461538461536
0 0.6346153846153846 0.06370192307692307 0.019230769230769232 0.036057692307692304
0 0.6514423076923077 0.042067307692307696 0.015625 0.030048076923076924
0 0.6117788461538461 0.07572115384615384 0.020432692307692308 0.03485576923076923
0 0.5709134615384616 0.12620192307692307 0.019230769230769232 0.05048076923076923
0 0.5649038461538461 0.16947115384615385 0.018028846153846152 0.04447115384615385
0 0.546875 0.17668269230769232 0.028846153846153848 0.036057692307692304
0 0.5649038461538461 0.06610576923076923 0.018028846153846152 0.039663461538461536
0 0.6117788461538461 0.01201923076923077 0.008413461538461538 0.016826923076923076
0 0.6514423076923077 0.01201923076923077 0.019230769230769232 0.02403846153846154
0 0.6634615384615384 0.020432692307692308 0.01201923076923077 0.026442307692307692
0 0.6754807692307693 0.026442307692307692 0.014423076923076924 0.030048076923076924
0 0.6923076923076923 0.016826923076923076 0.018028846153846152 0.03245192307692308
0 0.7199519230769231 0.030048076923076924 0.018028846153846152 0.04447115384615385
0 0.53125 0.14783653846153846 0.014423076923076924 0.038461538461538464
0 0.5204326923076923 0.12259615384615384 0.016826923076923076 0.036057692307692304
0 0.546875 0.09375 0.014423076923076924 0.046875
0 0.5336538461538461 0.026442307692307692 0.018028846153846152 0.026442307692307692
0 0.6610576923076923 0.6442307692307693 0.03125 0.054086538461538464
0 0.4050480769230769 0.5456730769230769 0.027644230769230768 0.04326923076923077
0 0.39903846153846156 0.4699519230769231 0.027644230769230768 0.04447115384615385
0 0.3389423076923077 0.5168269230769231 0.03245192307692308 0.06009615384615385
0 0.3545673076923077 0.5889423076923077 0.021634615384615384 0.07451923076923077
0 0.2920673076923077 0.5456730769230769 0.03365384615384615 0.07932692307692307
0 0.2668269230769231 0.4831730769230769 0.030048076923076924 0.0733173076923077
0 0.23317307692307693 0.5673076923076923 0.03245192307692308 0.08653846153846154
0 0.21514423076923078 0.48197115384615385 0.03245192307692308 0.06610576923076923
0 0.21394230769230768 0.41947115384615385 0.02403846153846154 0.057692307692307696
0 0.2283653846153846 0.4050480769230769 0.014423076923076924 0.04807692307692308
0 0.23918269230769232 0.39663461538461536 0.014423076923076924 0.04326923076923077
0 0.2764423076923077 0.37740384615384615 0.028846153846153848 0.05048076923076923
0 0.3173076923076923 0.38100961538461536 0.03245192307692308 0.07091346153846154
0 0.3858173076923077 0.35697115384615385 0.028846153846153848 0.06610576923076923
0 0.34134615384615385 0.3173076923076923 0.028846153846153848 0.051682692307692304
0 0.25841346153846156 0.31009615384615385 0.025240384615384616 0.051682692307692304
0 0.5 0.18509615384615385 0.02403846153846154 0.05048076923076923
0 0.45913461538461536 0.15985576923076922 0.013221153846153846 0.051682692307692304
0 0.47716346153846156 0.09014423076923077 0.02283653846153846 0.051682692307692304
0 0.4879807692307692 0.05889423076923077 0.018028846153846152 0.03485576923076923
0 0.49278846153846156 0.1045673076923077 0.016826923076923076 0.036057692307692304
0 0.44471153846153844 0.09495192307692307 0.021634615384615384 0.03485576923076923
0 0.4206730769230769 0.10576923076923077 0.019230769230769232 0.05048076923076923
0 0.40384615384615385 0.11057692307692307 0.021634615384615384 0.03245192307692308
0 0.4170673076923077 0.19110576923076922 0.020432692307692308 0.054086538461538464
0 0.44350961538461536 0.20432692307692307 0.021634615384615384 0.03485576923076923
0 0.4014423076923077 0.1502403846153846 0.021634615384615384 0.03245192307692308
0 0.3762019230769231 0.21153846153846154 0.027644230769230768 0.04447115384615385
0 0.3701923076923077 0.2548076923076923 0.027644230769230768 0.05048076923076923
0 0.39663461538461536 0.2403846153846154 0.021634615384615384 0.039663461538461536
0 0.35697115384615385 0.15384615384615385 0.019230769230769232 0.04807692307692308
0 0.3485576923076923 0.11057692307692307 0.021634615384615384 0.04807692307692308
0 0.33653846153846156 0.1935096153846154 0.018028846153846152 0.05048076923076923
0 0.27524038461538464 0.19110576923076922 0.025240384615384616 0.06009615384615385
0 0.2704326923076923 0.265625 0.026442307692307692 0.0625
0 0.32211538461538464 0.09495192307692307 0.018028846153846152 0.039663461538461536
0 0.36538461538461536 0.09134615384615384 0.016826923076923076 0.04807692307692308
0 0.40865384615384615 0.0625 0.016826923076923076 0.042067307692307696
0 0.3473557692307692 0.054086538461538464 0.018028846153846152 0.036057692307692304
0 0.2668269230769231 0.14783653846153846 0.025240384615384616 0.030048076923076924
0 0.28725961538461536 0.046875 0.018028846153846152 0.038461538461538464
0 0.30649038461538464 0.038461538461538464 0.016826923076923076 0.039663461538461536
0 0.38221153846153844 0.026442307692307692 0.019230769230769232 0.038461538461538464
0 0.3581730769230769 0.03485576923076923 0.015625 0.038461538461538464
0 0.35336538461538464 0.009615384615384616 0.015625 0.019230769230769232
0 0.23557692307692307 0.09014423076923077 0.021634615384615384 0.042067307692307696
0 0.2439903846153846 0.026442307692307692 0.015625 0.03245192307692308
0 0.27163461538461536 0.008413461538461538 0.019230769230769232 0.016826923076923076
0 0.18990384615384615 0.04447115384615385 0.016826923076923076 0.04447115384615385
0 0.1622596153846154 0.03125 0.015625 0.042067307692307696
0 0.203125 0.0985576923076923 0.016826923076923076 0.030048076923076924
0 0.2127403846153846 0.125 0.014423076923076924 0.03485576923076923
0 0.23317307692307693 0.16105769230769232 0.015625 0.030048076923076924
0 0.18990384615384615 0.12980769230769232 0.019230769230769232 0.06009615384615385
0 0.234375 0.054086538461538464 0.013221153846153846 0.030048076923076924
0 0.1875 0.09375 0.018028846153846152 0.030048076923076924
0 0.171875 0.14783653846153846 0.02403846153846154 0.057692307692307696
0 0.15264423076923078 0.09735576923076923 0.019230769230769232 0.039663461538461536
0 0.12620192307692307 0.078125 0.019230769230769232 0.038461538461538464
0 0.1201923076923077 0.11298076923076923 0.018028846153846152 0.036057692307692304
0 0.12740384615384615 0.03245192307692308 0.018028846153846152 0.03485576923076923
0 0.08774038461538461 0.078125 0.018028846153846152 0.03485576923076923
0 0.08774038461538461 0.03485576923076923 0.016826923076923076 0.03125
0 0.140625 0.16826923076923078 0.02403846153846154 0.046875
0 0.15625 0.19591346153846154 0.02403846153846154 0.05048076923076923
0 0.203125 0.19591346153846154 0.026442307692307692 0.055288461538461536
0 0.22235576923076922 0.1875 0.019230769230769232 0.054086538461538464
0 0.04567307692307692 0.038461538461538464 0.019230769230769232 0.046875
0 0.042067307692307696 0.007211538461538462 0.020432692307692308 0.014423076923076924
0 0.06009615384615385 0.1141826923076923 0.025240384615384616 0.051682692307692304
0 0.037259615384615384 0.11778846153846154 0.016826923076923076 0.026442307692307692
0 0.028846153846153848 0.16466346153846154 0.018028846153846152 0.05048076923076923
0 0.18990384615384615 0.23557692307692307 0.021634615384615384 0.054086538461538464
0 0.21153846153846154 0.3762019230769231 0.030048076923076924 0.05889423076923077
0 0.17307692307692307 0.35336538461538464 0.030048076923076924 0.046875
0 0.14543269230769232 0.2548076923076923 0.019230769230769232 0.04326923076923077
0 0.09495192307692307 0.35216346153846156 0.028846153846153848 0.054086538461538464
0 0.06490384615384616 0.40865384615384615 0.02403846153846154 0.05048076923076923
0 0.109375 0.4387019230769231 0.02283653846153846 0.04326923076923077
0 0.0829326923076923 0.4519230769230769 0.028846153846153848 0.07572115384615384
0 0.06129807692307692 0.47716346153846156 0.027644230769230768 0.06009615384615385
0 0.11298076923076923 0.5444711538461539 0.027644230769230768 0.05048076923076923
0 0.18028846153846154 0.5408653846153846 0.03365384615384615 0.07932692307692307
0 0.14783653846153846 0.5769230769230769 0.03245192307692308 0.06971153846153846
0 0.0673076923076923 0.5564903846153846 0.030048076923076924 0.0673076923076923
0 0.18028846153846154 0.703125 0.03365384615384615 0.06370192307692307
0 0.1658653846153846 0.6274038461538461 0.03365384615384615 0.06971153846153846
0 0.13942307692307693 0.6899038461538461 0.03485576923076923 0.07572115384615384
0 0.1045673076923077 0.6911057692307693 0.036057692307692304 0.06370192307692307
0 0.07451923076923077 0.6430288461538461 0.03245192307692308 0.06971153846153846
0 0.038461538461538464 0.5949519230769231 0.03485576923076923 0.06370192307692307
0 0.026442307692307692 0.6778846153846154 0.020432692307692308 0.07091346153846154
0 0.5588942307692307 0.01201923076923077 0.018028846153846152 0.02403846153846154
0 0.5036057692307693 0.030048076923076924 0.018028846153846152 0.03125
0 0.5192307692307693 0.01201923076923077 0.019230769230769232 0.02403846153846154
0 0.7668269230769231 0.28125 0.02283653846153846 0.04447115384615385
0 0.4519230769230769 0.038461538461538464 0.013221153846153846 0.02403846153846154
0 0.3713942307692308 0.4795673076923077 0.03125 0.057692307692307696
0 0.009615384615384616 0.16947115384615385 0.019230769230769232 0.05048076923076923
0 0.013221153846153846 0.03125 0.018028846153846152 0.03485576923076923