0 0.9038461538461539 0.2776442307692308 0.010817307692307692 0.018028846153846152
0 0.9122596153846154 0.31490384615384615 0.015625 0.021634615384615384
0 0.9170673076923077 0.28846153846153844 0.010817307692307692 0.018028846153846152
0 0.9110576923076923 0.2956730769230769 0.013221153846153846 0.016826923076923076
0 0.9302884615384616 0.33052884615384615 0.01201923076923077 0.019230769230769232
0 0.9387019230769231 0.3629807692307692 0.013221153846153846 0.02283653846153846
0 0.9399038461538461 0.3401442307692308 0.010817307692307692 0.020432692307692308
0 0.8533653846153846 0.3449519230769231 0.018028846153846152 0.026442307692307692
0 0.859375 0.3076923076923077 0.015625 0.025240384615384616
0 0.8617788461538461 0.28725961538461536 0.013221153846153846 0.018028846153846152
0 0.8064903846153846 0.2668269230769231 0.01201923076923077 0.013221153846153846
0 0.8112980769230769 0.29927884615384615 0.013221153846153846 0.026442307692307692
0 0.8197115384615384 0.2860576923076923 0.01201923076923077 0.021634615384615384
0 0.7776442307692307 0.2764423076923077 0.008413461538461538 0.01201923076923077
0 0.7596153846153846 0.2932692307692308 0.01201923076923077 0.018028846153846152
0 0.7920673076923077 0.3389423076923077 0.018028846153846152 0.026442307692307692
0 0.5204326923076923 0.2932692307692308 0.010817307692307692 0.018028846153846152
0 0.5841346153846154 0.3293269230769231 0.01201923076923077 0.019230769230769232
0 0.6177884615384616 0.3125 0.013221153846153846 0.019230769230769232
0 0.6634615384615384 0.28966346153846156 0.009615384615384616 0.018028846153846152
0 0.5276442307692307 0.34975961538461536 0.014423076923076924 0.027644230769230768
0 0.5456730769230769 0.33533653846153844 0.015625 0.027644230769230768
0 0.45072115384615385 0.3137019230769231 0.013221153846153846 0.026442307692307692
0 0.4326923076923077 0.3112980769230769 0.014423076923076924 0.027644230769230768
0 0.4807692307692308 0.37259615384615385 0.019230769230769232 0.03485576923076923
0 0.4651442307692308 0.34975961538461536 0.014423076923076924 0.02283653846153846
0 0.4891826923076923 0.31971153846153844 0.013221153846153846 0.02283653846153846
0 0.5072115384615384 0.296875 0.01201923076923077 0.02283653846153846
0 0.5036057692307693 0.3389423076923077 0.013221153846153846 0.026442307692307692
0 0.35336538461538464 0.3389423076923077 0.019230769230769232 0.028846153846153848
0 0.35697115384615385 0.3701923076923077 0.015625 0.028846153846153848
0 0.3954326923076923 0.3629807692307692 0.014423076923076924 0.026442307692307692
0 0.4074519230769231 0.34375 0.013221153846153846 0.025240384615384616
0 0.39903846153846156 0.39663461538461536 0.019230769230769232 0.03245192307692308
0 0.35216346153846156 0.4362980769230769 0.021634615384615384 0.038461538461538464
0 0.30408653846153844 0.3713942307692308 0.015625 0.030048076923076924
0 0.26802884615384615 0.43149038461538464 0.021634615384615384 0.040865384615384616
0 0.1346153846153846 0.09615384615384616 0.016826923076923076 0.04567307692307692
0 0.30288461538461536 0.1971153846153846 0.01201923076923077 0.025240384615384616
0 0.37259615384615385 0.21754807692307693 0.008413461538461538 0.013221153846153846
0 0.20432692307692307 0.41947115384615385 0.020432692307692308 0.036057692307692304
0 0.12740384615384615 0.4230769230769231 0.02283653846153846 0.036057692307692304
0 0.0673076923076923 0.5048076923076923 0.037259615384615384 0.0889423076923077
0 0.7932692307692307 0.38341346153846156 0.021634615384615384 0.038461538461538464
0 0.7740384615384616 0.3701923076923077 0.019230769230769232 0.039663461538461536
0 0.7716346153846154 0.29447115384615385 0.009615384615384616 0.020432692307692308
0 0.8653846153846154 0.27403846153846156 0.007211538461538462 0.008413461538461538
0 0.9615384615384616 0.41947115384615385 0.027644230769230768 0.042067307692307696
0 0.9507211538461539 0.4879807692307692 0.03365384615384615 0.05889423076923077
0 0.8449519230769231 0.43149038461538464 0.025240384615384616 0.046875
0 0.71875 0.34375 0.016826923076923076 0.03125
0 0.7415865384615384 0.31490384615384615 0.015625 0.026442307692307692
0 0.7259615384615384 0.3293269230769231 0.013221153846153846 0.027644230769230768
0 0.7319711538461539 0.41947115384615385 0.027644230769230768 0.04447115384615385
0 0.7115384615384616 0.4675480769230769 0.028846153846153848 0.05048076923076923
0 0.6802884615384616 0.375 0.018028846153846152 0.03125
0 0.6983173076923077 0.3605769230769231 0.016826923076923076 0.030048076923076924
0 0.6358173076923077 0.41346153846153844 0.02283653846153846 0.038461538461538464
0 0.6971153846153846 0.27403846153846156 0.010817307692307692 0.015625
0 0.6814903846153846 0.27524038461538464 0.009615384615384616 0.015625
0 0.6911057692307693 0.25721153846153844 0.009615384615384616 0.01201923076923077
0 0.65625 0.27524038461538464 0.008413461538461538 0.01201923076923077
0 0.6237980769230769 0.26802884615384615 0.008413461538461538 0.015625
0 0.6334134615384616 0.2764423076923077 0.010817307692307692 0.020432692307692308
0 0.6478365384615384 0.2956730769230769 0.010817307692307692 0.019230769230769232
0 0.6045673076923077 0.2848557692307692 0.01201923076923077 0.018028846153846152
0 0.5949519230769231 0.27283653846153844 0.009615384615384616 0.018028846153846152
0 0.5793269230769231 0.2764423076923077 0.01201923076923077 0.018028846153846152
0 0.5588942307692307 0.2824519230769231 0.01201923076923077 0.015625
0 0.5612980769230769 0.30288461538461536 0.01201923076923077 0.018028846153846152
0 0.5480769230769231 0.28725961538461536 0.009615384615384616 0.02283653846153846
0 0.5384615384615384 0.3173076923076923 0.01201923076923077 0.019230769230769232
0 0.6526442307692307 0.2644230769230769 0.007211538461538462 0.010817307692307692