0 0.0733173076923077 0.5516826923076923 0.018028846153846152 0.03125
0 0.1045673076923077 0.578125 0.020432692307692308 0.03485576923076923
0 0.16346153846153846 0.5552884615384616 0.013221153846153846 0.027644230769230768
0 0.037259615384615384 0.53125 0.009615384615384616 0.015625
0 0.04927884615384615 0.53125 0.008413461538461538 0.014423076923076924
0 0.02283653846153846 0.5384615384615384 0.010817307692307692 0.015625
0 0.04807692307692308 0.5745192307692307 0.01201923076923077 0.019230769230769232
0 0.109375 0.5432692307692307 0.008413461538461538 0.014423076923076924
0 0.13822115384615385 0.5396634615384616 0.007211538461538462 0.013221153846153846
0 0.07692307692307693 0.5288461538461539 0.007211538461538462 0.01201923076923077
0 0.007211538461538462 0.5504807692307693 0.014423076923076924 0.02403846153846154
0 0.007211538461538462 0.5288461538461539 0.009615384615384616 0.019230769230769232
0 0.21153846153846154 0.5300480769230769 0.007211538461538462 0.013221153846153846
0 0.234375 0.5276442307692307 0.004807692307692308 0.010817307692307692
0 0.25240384615384615 0.5420673076923077 0.009615384615384616 0.018028846153846152
0 0.2764423076923077 0.5564903846153846 0.013221153846153846 0.019230769230769232
0 0.20432692307692307 0.5913461538461539 0.028846153846153848 0.04927884615384615
0 0.2824519230769231 0.5012019230769231 0.007211538461538462 0.01201923076923077
0 0.3942307692307692 0.5889423076923077 0.015625 0.03245192307692308
0 0.3245192307692308 0.5685096153846154 0.013221153846153846 0.026442307692307692
0 0.3329326923076923 0.5456730769230769 0.007211538461538462 0.018028846153846152
0 0.421875 0.5492788461538461 0.013221153846153846 0.025240384615384616
0 0.36899038461538464 0.5288461538461539 0.004807692307692308 0.01201923076923077
0 0.2980769230769231 0.5252403846153846 0.004807692307692308 0.008413461538461538
0 0.49278846153846156 0.5396634615384616 0.007211538461538462 0.013221153846153846
0 0.41225961538461536 0.53125 0.007211538461538462 0.013221153846153846
0 0.4326923076923077 0.5432692307692307 0.007211538461538462 0.014423076923076924
0 0.8052884615384616 0.25721153846153844 0.03245192307692308 0.06971153846153846
0 0.22355769230769232 0.5228365384615384 0.006009615384615385 0.010817307692307692
0 0.3317307692307692 0.5300480769230769 0.006009615384615385 0.008413461538461538