0 0.056490384615384616 0.41346153846153844 0.028846153846153848 0.056490384615384616
0 0.12980769230769232 0.5096153846153846 0.027644230769230768 0.054086538461538464
0 0.03365384615384615 0.4699519230769231 0.030048076923076924 0.06129807692307692
0 0.009615384615384616 0.5168269230769231 0.018028846153846152 0.0673076923076923
0 0.02283653846153846 0.7175480769230769 0.04447115384615385 0.07932692307692307
0 0.33052884615384615 0.31850961538461536 0.018028846153846152 0.038461538461538464
0 0.34615384615384615 0.3798076923076923 0.018028846153846152 0.051682692307692304
0 0.3605769230769231 0.40865384615384615 0.020432692307692308 0.05889423076923077
0 0.37740384615384615 0.4495192307692308 0.02403846153846154 0.06490384615384616
0 0.41346153846153844 0.49158653846153844 0.030048076923076924 0.07932692307692307
0 0.4254807692307692 0.5865384615384616 0.036057692307692304 0.10576923076923077
0 0.4579326923076923 0.7355769230769231 0.052884615384615384 0.14182692307692307
0 0.40024038461538464 0.3425480769230769 0.016826923076923076 0.046875
0 0.37259615384615385 0.3088942307692308 0.015625 0.04326923076923077
0 0.47596153846153844 0.3112980769230769 0.013221153846153846 0.04567307692307692
0 0.5036057692307693 0.3245192307692308 0.013221153846153846 0.04567307692307692
0 0.5216346153846154 0.3449519230769231 0.018028846153846152 0.054086538461538464
0 0.5408653846153846 0.38822115384615385 0.020432692307692308 0.05889423076923077
0 0.5757211538461539 0.43509615384615385 0.02403846153846154 0.0673076923076923
0 0.5649038461538461 0.30288461538461536 0.015625 0.04326923076923077
0 0.5276442307692307 0.2980769230769231 0.013221153846153846 0.03125
0 0.6225961538461539 0.4735576923076923 0.028846153846153848 0.08774038461538461
0 0.6129807692307693 0.34134615384615385 0.021634615384615384 0.054086538461538464
0 0.6213942307692307 0.28725961538461536 0.013221153846153846 0.036057692307692304
0 0.6490384615384616 0.2956730769230769 0.014423076923076924 0.04326923076923077
0 0.6778846153846154 0.30288461538461536 0.018028846153846152 0.04326923076923077
0 0.6634615384615384 0.36778846153846156 0.02403846153846154 0.0673076923076923
0 0.6826923076923077 0.6346153846153846 0.039663461538461536 0.11538461538461539
0 0.6875 0.25961538461538464 0.013221153846153846 0.028846153846153848
0 0.7055288461538461 0.32091346153846156 0.018028846153846152 0.04927884615384615
0 0.7403846153846154 0.27524038461538464 0.013221153846153846 0.036057692307692304
0 0.7367788461538461 0.16706730769230768 0.006009615384615385 0.018028846153846152
0 0.7439903846153846 0.16947115384615385 0.004807692307692308 0.015625
0 0.7560096153846154 0.17548076923076922 0.003605769230769231 0.015625
0 0.7764423076923077 0.1778846153846154 0.004807692307692308 0.018028846153846152
0 0.7860576923076923 0.18509615384615385 0.008413461538461538 0.025240384615384616
0 0.7860576923076923 0.16947115384615385 0.007211538461538462 0.015625
0 0.7692307692307693 0.2668269230769231 0.01201923076923077 0.036057692307692304
0 0.7980769230769231 0.23076923076923078 0.010817307692307692 0.027644230769230768
0 0.8653846153846154 0.2644230769230769 0.013221153846153846 0.036057692307692304
0 0.8221153846153846 0.28846153846153844 0.014423076923076924 0.038461538461538464
0 0.8485576923076923 0.3137019230769231 0.020432692307692308 0.051682692307692304
0 0.9014423076923077 0.2956730769230769 0.019230769230769232 0.051682692307692304
0 0.8822115384615384 0.24158653846153846 0.013221153846153846 0.025240384615384616
0 0.8990384615384616 0.17427884615384615 0.007211538461538462 0.018028846153846152
0 0.9483173076923077 0.16466346153846154 0.006009615384615385 0.018028846153846152
0 0.9362980769230769 0.1778846153846154 0.006009615384615385 0.013221153846153846
0 0.9519230769230769 0.15384615384615385 0.004807692307692308 0.013221153846153846
0 0.90625 0.2439903846153846 0.014423076923076924 0.028846153846153848
0 0.9302884615384616 0.27524038461538464 0.018028846153846152 0.04567307692307692
0 0.9338942307692307 0.35216346153846156 0.02403846153846154 0.051682692307692304
0 0.8858173076923077 0.40865384615384615 0.038461538461538464 0.07451923076923077
0 0.8173076923076923 0.37740384615384615 0.028846153846153848 0.07211538461538461
0 0.9579326923076923 0.4519230769230769 0.04807692307692308 0.09014423076923077
0 0.9723557692307693 0.31850961538461536 0.02403846153846154 0.051682692307692304
0 0.9819711538461539 0.25 0.014423076923076924 0.036057692307692304
0 0.9639423076923077 0.23918269230769232 0.015625 0.028846153846153848
0 0.7944711538461539 0.3004807692307692 0.016826923076923076 0.04927884615384615
0 0.7620192307692307 0.3317307692307692 0.02283653846153846 0.06971153846153846
0 0.7139423076923077 0.40384615384615385 0.027644230769230768 0.07211538461538461
0 0.7908653846153846 0.46274038461538464 0.037259615384615384 0.09254807692307693
0 0.890625 0.6069711538461539 0.04927884615384615 0.10817307692307693
0 0.9939903846153846 0.27403846153846156 0.009615384615384616 0.038461538461538464
0 0.7584134615384616 0.796875 0.05889423076923077 0.1466346153846154