0 0.7704326923076923 0.4050480769230769 0.016826923076923076 0.036057692307692304
0 0.18269230769230768 0.3485576923076923 0.008413461538461538 0.014423076923076924
0 0.265625 0.29927884615384615 0.007211538461538462 0.013221153846153846
0 0.5180288461538461 0.33052884615384615 0.007211538461538462 0.015625
0 0.1622596153846154 0.4675480769230769 0.018028846153846152 0.042067307692307696
0 0.16826923076923078 0.35096153846153844 0.009615384615384616 0.020432692307692308
0 0.08774038461538461 0.5108173076923077 0.02403846153846154 0.057692307692307696
0 0.7956730769230769 0.421875 0.016826923076923076 0.03365384615384615
0 0.8173076923076923 0.44711538461538464 0.018028846153846152 0.042067307692307696
0 0.7475961538461539 0.3942307692307692 0.007211538461538462 0.02283653846153846
0 0.7367788461538461 0.38221153846153844 0.01201923076923077 0.026442307692307692
0 0.7163461538461539 0.37740384615384615 0.01201923076923077 0.026442307692307692
0 0.6899038461538461 0.36899038461538464 0.007211538461538462 0.020432692307692308
0 0.6802884615384616 0.36778846153846156 0.009615384615384616 0.019230769230769232
0 0.6622596153846154 0.35697115384615385 0.010817307692307692 0.020432692307692308
0 0.6430288461538461 0.3557692307692308 0.009615384615384616 0.019230769230769232
0 0.6225961538461539 0.35096153846153844 0.007211538461538462 0.019230769230769232
0 0.6009615384615384 0.3425480769230769 0.007211538461538462 0.014423076923076924
0 0.6322115384615384 0.3473557692307692 0.007211538461538462 0.015625
0 0.9543269230769231 0.6418269230769231 0.007211538461538462 0.013221153846153846
0 0.9026442307692307 0.5516826923076923 0.03245192307692308 0.055288461538461536
0 0.8497596153846154 0.484375 0.014423076923076924 0.039663461538461536
0 0.453125 0.3401442307692308 0.008413461538461538 0.019230769230769232
0 0.4375 0.3473557692307692 0.008413461538461538 0.018028846153846152
0 0.4170673076923077 0.34975961538461536 0.008413461538461538 0.015625
0 0.39783653846153844 0.3557692307692308 0.007211538461538462 0.015625
0 0.3737980769230769 0.35697115384615385 0.009615384615384616 0.015625
0 0.3449519230769231 0.3641826923076923 0.010817307692307692 0.020432692307692308
0 0.3389423076923077 0.36177884615384615 0.010817307692307692 0.021634615384615384
0 0.3076923076923077 0.38100961538461536 0.013221153846153846 0.026442307692307692
0 0.2920673076923077 0.3762019230769231 0.010817307692307692 0.02283653846153846
0 0.2704326923076923 0.38461538461538464 0.013221153846153846 0.028846153846153848
0 0.2512019230769231 0.3954326923076923 0.015625 0.03125
0 0.22235576923076922 0.41586538461538464 0.018028846153846152 0.036057692307692304
0 0.20793269230769232 0.42908653846153844 0.014423076923076924 0.038461538461538464
0 0.18389423076923078 0.4338942307692308 0.019230769230769232 0.04447115384615385
0 0.24759615384615385 0.3401442307692308 0.008413461538461538 0.014423076923076924