0 0 0 0 0
0 0.2216796875 0.4786150712830957 0.072265625 0.23828920570264767
0 0.15087890625 0.09979633401221996 0.0205078125 0.05295315682281059
0 0.62451171875 0.14663951120162932 0.0166015625 0.05091649694501019
0 0.66015625 0.11405295315682282 0.015625 0.04276985743380855
0 0.68994140625 0.14867617107942974 0.0205078125 0.04276985743380855
0 0.72021484375 0.1384928716904277 0.0146484375 0.038696537678207736
0 0.60107421875 0.12219959266802444 0.0166015625 0.03054989816700611
0 0.5791015625 0.12627291242362526 0.013671875 0.04276985743380855
0 0.521484375 0.12627291242362526 0.017578125 0.048879837067209775
0 0.470703125 0.12016293279022404 0.013671875 0.03665987780040733
0 0.42529296875 0.09979633401221996 0.0146484375 0.04276985743380855
0 0.814453125 0.13238289205702647 0.015625 0.04480651731160896
0 0.84326171875 0.13034623217922606 0.0146484375 0.034623217922606926
0 0.87890625 0.12016293279022404 0.01171875 0.024439918533604887
0 0.96826171875 0.12219959266802444 0.0107421875 0.028513238289205704