0 0.6875 0.4423076923076923 0.015625 0.030048076923076924
0 0.6754807692307693 0.4206730769230769 0.013221153846153846 0.028846153846153848
0 0.6514423076923077 0.41586538461538464 0.014423076923076924 0.02403846153846154
0 0.6394230769230769 0.40865384615384615 0.010817307692307692 0.02283653846153846
0 0.6478365384615384 0.3762019230769231 0.009615384615384616 0.018028846153846152
0 0.6201923076923077 0.38341346153846156 0.009615384615384616 0.018028846153846152
0 0.7391826923076923 0.35096153846153844 0.013221153846153846 0.025240384615384616
0 0.7199519230769231 0.4050480769230769 0.013221153846153846 0.02283653846153846
0 0.7632211538461539 0.34375 0.01201923076923077 0.02283653846153846
0 0.75 0.328125 0.009615384615384616 0.015625
0 0.7992788461538461 0.36778846153846156 0.015625 0.028846153846153848
0 0.8149038461538461 0.5372596153846154 0.026442307692307692 0.05048076923076923
0 0.8341346153846154 0.44591346153846156 0.015625 0.030048076923076924
0 0.8629807692307693 0.42427884615384615 0.013221153846153846 0.021634615384615384
0 0.8569711538461539 0.5348557692307693 0.020432692307692308 0.046875
0 0.5745192307692307 0.36778846153846156 0.007211538461538462 0.016826923076923076
0 0.5120192307692307 0.3485576923076923 0.007211538461538462 0.013221153846153846
0 0.5444711538461539 0.33774038461538464 0.009615384615384616 0.014423076923076924
0 0.8810096153846154 0.47716346153846156 0.018028846153846152 0.028846153846153848
0 0.8774038461538461 0.4543269230769231 0.021634615384615384 0.036057692307692304
0 0.9651442307692307 0.5228365384615384 0.020432692307692308 0.039663461538461536
0 0.9927884615384616 0.3701923076923077 0.01201923076923077 0.030048076923076924
0 0.9867788461538461 0.33413461538461536 0.010817307692307692 0.015625
0 0.9447115384615384 0.36538461538461536 0.013221153846153846 0.021634615384615384
0 0.9447115384615384 0.328125 0.009615384615384616 0.018028846153846152
0 0.9014423076923077 0.33413461538461536 0.008413461538461538 0.015625
0 0.8834134615384616 0.33774038461538464 0.01201923076923077 0.016826923076923076
0 0.8629807692307693 0.3641826923076923 0.008413461538461538 0.013221153846153846
0 0.7560096153846154 0.2512019230769231 0.018028846153846152 0.03245192307692308
0 0.4483173076923077 0.35336538461538464 0.009615384615384616 0.015625
0 0.2980769230769231 0.3389423076923077 0.007211538461538462 0.018028846153846152
0 0.3269230769230769 0.40024038461538464 0.013221153846153846 0.020432692307692308
0 0.3076923076923077 0.4170673076923077 0.013221153846153846 0.02403846153846154
0 0.34375 0.38341346153846156 0.007211538461538462 0.016826923076923076
0 0.3485576923076923 0.38100961538461536 0.008413461538461538 0.020432692307692308
0 0.3762019230769231 0.36658653846153844 0.008413461538461538 0.014423076923076924
0 0.7223557692307693 0.4723557692307692 0.010817307692307692 0.03485576923076923
0 0.6983173076923077 0.4651442307692308 0.015625 0.03485576923076923
0 0.24158653846153846 0.34975961538461536 0.01201923076923077 0.02283653846153846
0 0.28125 0.4254807692307692 0.01201923076923077 0.02283653846153846
0 0.21634615384615385 0.40024038461538464 0.01201923076923077 0.018028846153846152
0 0.2548076923076923 0.44711538461538464 0.014423076923076924 0.02403846153846154
0 0.20552884615384615 0.5288461538461539 0.01201923076923077 0.038461538461538464
0 0.140625 0.5492788461538461 0.03365384615384615 0.054086538461538464
0 0.09254807692307693 0.6117788461538461 0.03245192307692308 0.06129807692307692
0 0.0673076923076923 0.38341346153846156 0.027644230769230768 0.05048076923076923
0 0.1971153846153846 0.359375 0.016826923076923076 0.027644230769230768
0 0.3737980769230769 0.3293269230769231 0.006009615384615385 0.01201923076923077
0 0.6117788461538461 0.31971153846153844 0.007211538461538462 0.013221153846153846
0 0.6334134615384616 0.36538461538461536 0.008413461538461538 0.013221153846153846
0 0.9026442307692307 0.6201923076923077 0.040865384615384616 0.0625
0 0.15384615384615385 0.4387019230769231 0.013221153846153846 0.028846153846153848
0 0.3954326923076923 0.3605769230769231 0.007211538461538462 0.013221153846153846
0 0.3485576923076923 0.31971153846153844 0.004807692307692308 0.009615384615384616