0 0.013221153846153846 0.3389423076923077 0.013221153846153846 0.038461538461538464
0 0.039663461538461536 0.2848557692307692 0.02403846153846154 0.04326923076923077
0 0.0985576923076923 0.3401442307692308 0.027644230769230768 0.046875
0 0.12620192307692307 0.28125 0.021634615384615384 0.042067307692307696
0 0.16826923076923078 0.2956730769230769 0.028846153846153848 0.04567307692307692
0 0.21394230769230768 0.27524038461538464 0.02403846153846154 0.040865384615384616
0 0.265625 0.30408653846153844 0.02283653846153846 0.03365384615384615
0 0.22115384615384615 0.3713942307692308 0.030048076923076924 0.04326923076923077
0 0.171875 0.36899038461538464 0.03125 0.05048076923076923
0 0.055288461538461536 0.3701923076923077 0.030048076923076924 0.056490384615384616
0 0.28725961538461536 0.36177884615384615 0.026442307692307692 0.04567307692307692
0 0.3016826923076923 0.3173076923076923 0.026442307692307692 0.04567307692307692
0 0.3329326923076923 0.2800480769230769 0.02283653846153846 0.04326923076923077
0 0.3605769230769231 0.31850961538461536 0.027644230769230768 0.04567307692307692
0 0.39663461538461536 0.28125 0.025240384615384616 0.038461538461538464
0 0.41225961538461536 0.3293269230769231 0.026442307692307692 0.046875
0 0.46153846153846156 0.32572115384615385 0.026442307692307692 0.04447115384615385
0 0.4579326923076923 0.28846153846153844 0.021634615384615384 0.042067307692307696
0 0.4987980769230769 0.2920673076923077 0.020432692307692308 0.037259615384615384
0 0.25240384615384615 0.5492788461538461 0.030048076923076924 0.055288461538461536
0 0.14543269230769232 0.5697115384615384 0.03365384615384615 0.06129807692307692
0 0.036057692307692304 0.5949519230769231 0.03365384615384615 0.05889423076923077
0 0.5192307692307693 0.2860576923076923 0.003605769230769231 0.009615384615384616
0 0.5576923076923077 0.2860576923076923 0.02283653846153846 0.036057692307692304
0 0.609375 0.2932692307692308 0.020432692307692308 0.03125
0 0.6334134615384616 0.3137019230769231 0.02283653846153846 0.037259615384615384
0 0.6766826923076923 0.328125 0.020432692307692308 0.03485576923076923
0 0.6826923076923077 0.3016826923076923 0.020432692307692308 0.03365384615384615
0 0.703125 0.3401442307692308 0.025240384615384616 0.040865384615384616
0 0.7235576923076923 0.3233173076923077 0.02283653846153846 0.040865384615384616
0 0.7584134615384616 0.2824519230769231 0.021634615384615384 0.036057692307692304
0 0.7716346153846154 0.3269230769230769 0.018028846153846152 0.03125
0 0.7896634615384616 0.3233173076923077 0.02403846153846154 0.04567307692307692
0 0.7572115384615384 0.35697115384615385 0.021634615384615384 0.03365384615384615
0 0.8509615384615384 0.31009615384615385 0.02403846153846154 0.036057692307692304
0 0.8533653846153846 0.3473557692307692 0.027644230769230768 0.046875
0 0.8846153846153846 0.3317307692307692 0.02283653846153846 0.04326923076923077
0 0.9242788461538461 0.28725961538461536 0.003605769230769231 0.009615384615384616
0 0.9242788461538461 0.359375 0.026442307692307692 0.04567307692307692
0 0.9639423076923077 0.53125 0.03245192307692308 0.05048076923076923
0 0.8677884615384616 0.5288461538461539 0.028846153846153848 0.04447115384615385
0 0.7536057692307693 0.5072115384615384 0.025240384615384616 0.04447115384615385
0 0.6766826923076923 0.4411057692307692 0.025240384615384616 0.04447115384615385
0 0.6141826923076923 0.3942307692307692 0.028846153846153848 0.04447115384615385
0 0.6045673076923077 0.4423076923076923 0.025240384615384616 0.04447115384615385
0 0.6574519230769231 0.5276442307692307 0.028846153846153848 0.040865384615384616
0 0.5901442307692307 0.5745192307692307 0.028846153846153848 0.04447115384615385
0 0.546875 0.46153846153846156 0.030048076923076924 0.052884615384615384
0 0.5600961538461539 0.4375 0.019230769230769232 0.042067307692307696
0 0.4891826923076923 0.5012019230769231 0.03245192307692308 0.056490384615384616
0 0.39903846153846156 0.5913461538461539 0.039663461538461536 0.056490384615384616
0 0.3581730769230769 0.5733173076923077 0.030048076923076924 0.04927884615384615