0 0.4050480769230769 0.3112980769230769 0.021634615384615384 0.039663461538461536
0 0.3473557692307692 0.3401442307692308 0.028846153846153848 0.055288461538461536
0 0.328125 0.30528846153846156 0.016826923076923076 0.03125
0 0.23798076923076922 0.375 0.042067307692307696 0.0733173076923077
0 0.19831730769230768 0.3329326923076923 0.03365384615384615 0.056490384615384616
0 0.1201923076923077 0.3798076923076923 0.04567307692307692 0.0673076923076923
0 0.3918269230769231 0.4375 0.03365384615384615 0.0625
0 0.4795673076923077 0.4206730769230769 0.030048076923076924 0.06009615384615385
0 0.4543269230769231 0.35216346153846156 0.027644230769230768 0.054086538461538464
0 0.48677884615384615 0.31971153846153844 0.020432692307692308 0.039663461538461536
0 0.5432692307692307 0.31971153846153844 0.019230769230769232 0.03365384615384615
0 0.5697115384615384 0.4266826923076923 0.037259615384615384 0.06971153846153846
0 0.5444711538461539 0.38341346153846156 0.025240384615384616 0.051682692307692304
0 0.8954326923076923 0.44350961538461536 0.039663461538461536 0.06129807692307692
0 0.7752403846153846 0.4543269230769231 0.03245192307692308 0.051682692307692304
0 0.8100961538461539 0.3918269230769231 0.03125 0.042067307692307696
0 0.7403846153846154 0.39302884615384615 0.03125 0.04807692307692308
0 0.703125 0.421875 0.03245192307692308 0.056490384615384616
0 0.6790865384615384 0.33533653846153844 0.02403846153846154 0.04326923076923077
0 0.6358173076923077 0.33774038461538464 0.016826923076923076 0.03365384615384615
0 0.6141826923076923 0.36658653846153844 0.026442307692307692 0.052884615384615384
0 0.6478365384615384 0.42788461538461536 0.03245192307692308 0.0673076923076923