0 0.0889423076923077 0.078125 0.036057692307692304 0.08533653846153846
0 0.18028846153846154 0.10216346153846154 0.03245192307692308 0.08173076923076923
0 0.12259615384615384 0.15985576923076922 0.03485576923076923 0.0829326923076923
0 0.14543269230769232 0.2620192307692308 0.042067307692307696 0.10576923076923077
0 0.22235576923076922 0.21995192307692307 0.03365384615384615 0.09375
0 0.24519230769230768 0.17548076923076922 0.03485576923076923 0.07932692307692307
0 0.19110576923076922 0.38100961538461536 0.03365384615384615 0.08653846153846154
0 0.27283653846153844 0.3016826923076923 0.038461538461538464 0.09375
0 0.2608173076923077 0.49038461538461536 0.04447115384615385 0.09375
0 0.3125 0.27163461538461536 0.03485576923076923 0.0829326923076923
0 0.3954326923076923 0.3870192307692308 0.039663461538461536 0.10096153846153846
0 0.46634615384615385 0.43990384615384615 0.030048076923076924 0.08533653846153846
0 0.5252403846153846 0.4831730769230769 0.03485576923076923 0.08653846153846154
0 0.5180288461538461 0.13822115384615385 0.027644230769230768 0.07451923076923077
0 0.5564903846153846 0.23197115384615385 0.038461538461538464 0.08653846153846154
0 0.6177884615384616 0.2127403846153846 0.039663461538461536 0.10216346153846154
0 0.6213942307692307 0.11658653846153846 0.038461538461538464 0.05889423076923077
0 0.6670673076923077 0.14182692307692307 0.03365384615384615 0.09014423076923077
0 0.7079326923076923 0.19230769230769232 0.039663461538461536 0.1045673076923077
0 0.7908653846153846 0.17668269230769232 0.037259615384615384 0.09495192307692307
0 0.8040865384615384 0.27524038461538464 0.04447115384615385 0.109375
0 0.9050480769230769 0.23798076923076922 0.042067307692307696 0.09375
0 0.9170673076923077 0.15985576923076922 0.038461538461538464 0.08173076923076923