0 0.18870192307692307 0.5709134615384616 0.0733173076923077 0.030048076923076924
0 0.27524038461538464 0.5625 0.04567307692307692 0.028846153846153848
0 0.4423076923076923 0.5540865384615384 0.0625 0.03485576923076923
0 0.546875 0.5564903846153846 0.04807692307692308 0.03125
0 0.6634615384615384 0.5552884615384616 0.06009615384615385 0.037259615384615384
0 0.421875 0.109375 0.06490384615384616 0.040865384615384616
0 0.8930288461538461 0.31850961538461536 0.020432692307692308 0.014423076923076924
0 0.9483173076923077 0.3173076923076923 0.019230769230769232 0.014423076923076924
0 0.9350961538461539 0.34375 0.020432692307692308 0.014423076923076924
0 0.9927884615384616 0.37740384615384615 0.013221153846153846 0.013221153846153846
0 0.8461538461538461 0.47716346153846156 0.027644230769230768 0.016826923076923076
0 0.75 0.47836538461538464 0.028846153846153848 0.015625
0 0.6382211538461539 0.4807692307692308 0.021634615384615384 0.010817307692307692
0 0.7944711538461539 0.42788461538461536 0.020432692307692308 0.014423076923076924
0 0.7451923076923077 0.39663461538461536 0.021634615384615384 0.01201923076923077
0 0.6995192307692307 0.3701923076923077 0.019230769230769232 0.015625
0 0.6538461538461539 0.3389423076923077 0.014423076923076924 0.008413461538461538
0 0.5889423076923077 0.3389423076923077 0.020432692307692308 0.01201923076923077
0 0.515625 0.3389423076923077 0.018028846153846152 0.010817307692307692
0 0.6177884615384616 0.36538461538461536 0.021634615384615384 0.014423076923076924
0 0.5637019230769231 0.36177884615384615 0.02403846153846154 0.013221153846153846
0 0.4831730769230769 0.3629807692307692 0.02283653846153846 0.010817307692307692
0 0.5348557692307693 0.39903846153846156 0.020432692307692308 0.016826923076923076
0 0.5997596153846154 0.39783653846153844 0.02403846153846154 0.015625
0 0.6754807692307693 0.39903846153846156 0.020432692307692308 0.01201923076923077
0 0.7235576923076923 0.4206730769230769 0.027644230769230768 0.015625
0 0.6430288461538461 0.43028846153846156 0.027644230769230768 0.015625
0 0.5649038461538461 0.4266826923076923 0.025240384615384616 0.014423076923076924
0 0.49399038461538464 0.4795673076923077 0.021634615384615384 0.014423076923076924
0 0.39663461538461536 0.42427884615384615 0.02283653846153846 0.015625
0 0.4338942307692308 0.38341346153846156 0.016826923076923076 0.013221153846153846
0 0.36177884615384615 0.359375 0.019230769230769232 0.013221153846153846
0 0.2860576923076923 0.3581730769230769 0.02403846153846154 0.01201923076923077
0 0.3293269230769231 0.4230769230769231 0.020432692307692308 0.013221153846153846
0 0.31009615384615385 0.47596153846153844 0.025240384615384616 0.013221153846153846
0 0.17307692307692307 0.4254807692307692 0.025240384615384616 0.015625
0 0.08653846153846154 0.41947115384615385 0.02403846153846154 0.015625
0 0.0985576923076923 0.35336538461538464 0.02403846153846154 0.015625
0 0.036057692307692304 0.35697115384615385 0.020432692307692308 0.014423076923076924
0 0.13581730769230768 0.29447115384615385 0.018028846153846152 0.01201923076923077
0 0.19591346153846154 0.3317307692307692 0.020432692307692308 0.009615384615384616
0 0.16706730769230768 0.26802884615384615 0.018028846153846152 0.013221153846153846
0 0.4543269230769231 0.3401442307692308 0.018028846153846152 0.015625
0 0.5564903846153846 0.4951923076923077 0.019230769230769232 0.01201923076923077
0 0.13341346153846154 0.3894230769230769 0.015625 0.008413461538461538
0 0.06129807692307692 0.4110576923076923 0.015625 0.014423076923076924
0 0.11298076923076923 0.4050480769230769 0.013221153846153846 0.010817307692307692
0 0.10697115384615384 0.38100961538461536 0.021634615384615384 0.013221153846153846
0 0.12379807692307693 0.41225961538461536 0.014423076923076924 0.01201923076923077
0 0.07451923076923077 0.39302884615384615 0.009615384615384616 0.008413461538461538
0 0.2692307692307692 0.3449519230769231 0.010817307692307692 0.009615384615384616
0 0.21394230769230768 0.38100961538461536 0.013221153846153846 0.007211538461538462
0 0.3317307692307692 0.3786057692307692 0.008413461538461538 0.009615384615384616