0 0 0 0 0
0 0.5732421875 0.32408759124087594 0.0390625 0.06861313868613139
0 0.71240234375 0.35766423357664234 0.0361328125 0.059854014598540145
0 0.81787109375 0.32554744525547447 0.0283203125 0.05693430656934306
0 0.89697265625 0.3284671532846715 0.0283203125 0.05401459854014599
0 0.171875 0.5255474452554745 0.01953125 0.035036496350364967
0 0.8115234375 0.15036496350364964 0.009765625 0.016058394160583942
0 0.7880859375 0.10656934306569343 0.0078125 0.01167883211678832
0 0.748046875 0.11532846715328467 0.009765625 0.01897810218978102
0 0.70947265625 0.12846715328467154 0.0107421875 0.016058394160583942
0 0.69677734375 0.08029197080291971 0.0107421875 0.021897810218978103
0 0.80859375 0.072992700729927 0.009765625 0.016058394160583942
0 0.83740234375 0.14014598540145987 0.0107421875 0.01897810218978102
0 0.45849609375 0.34014598540145985 0.0380859375 0.07153284671532846