0 0.15384615384615385 0.5084134615384616 0.038461538461538464 0.07572115384615384
0 0.18509615384615385 0.5805288461538461 0.028846153846153848 0.06009615384615385
0 0.09014423076923077 0.6334134615384616 0.03365384615384615 0.06370192307692307
0 0.2548076923076923 0.5504807692307693 0.036057692307692304 0.0673076923076923
0 0.36778846153846156 0.44471153846153844 0.03245192307692308 0.0673076923076923
0 0.41586538461538464 0.38341346153846156 0.038461538461538464 0.0625
0 0.31971153846153844 0.32211538461538464 0.040865384615384616 0.07211538461538461
0 0.22956730769230768 0.3485576923076923 0.039663461538461536 0.07692307692307693
0 0.4206730769230769 0.5757211538461539 0.04326923076923077 0.0889423076923077
0 0.5216346153846154 0.40865384615384615 0.03365384615384615 0.07572115384615384
0 0.6177884615384616 0.32211538461538464 0.038461538461538464 0.0673076923076923
0 0.6370192307692307 0.5096153846153846 0.03485576923076923 0.05889423076923077
0 0.7355769230769231 0.5300480769230769 0.03125 0.04927884615384615
0 0.7632211538461539 0.4206730769230769 0.03365384615384615 0.06610576923076923
0 0.8545673076923077 0.33413461538461536 0.038461538461538464 0.07692307692307693
0 0.8545673076923077 0.6682692307692307 0.030048076923076924 0.055288461538461536
0 0.8040865384615384 0.6526442307692307 0.030048076923076924 0.06009615384615385
0 0.6382211538461539 0.6778846153846154 0.036057692307692304 0.07211538461538461
0 0.5240384615384616 0.5997596153846154 0.03245192307692308 0.052884615384615384
0 0.5673076923076923 0.47475961538461536 0.028846153846153848 0.04326923076923077