0 0.1502403846153846 0.1346153846153846 0.019230769230769232 0.039663461538461536
0 0.2127403846153846 0.14783653846153846 0.014423076923076924 0.03485576923076923
0 0.22115384615384615 0.10336538461538461 0.018028846153846152 0.030048076923076924
0 0.0985576923076923 0.13701923076923078 0.018028846153846152 0.03485576923076923
0 0.039663461538461536 0.14182692307692307 0.018028846153846152 0.03485576923076923
0 0.028846153846153848 0.16947115384615385 0.019230769230769232 0.037259615384615384
0 0.016826923076923076 0.2439903846153846 0.018028846153846152 0.037259615384615384
0 0.06129807692307692 0.28846153846153844 0.018028846153846152 0.03485576923076923
0 0.07091346153846154 0.23798076923076922 0.019230769230769232 0.038461538461538464
0 0.12860576923076922 0.23677884615384615 0.018028846153846152 0.037259615384615384
0 0.11778846153846154 0.2776442307692308 0.018028846153846152 0.03485576923076923
0 0.1875 0.2644230769230769 0.018028846153846152 0.030048076923076924
0 0.17427884615384615 0.2776442307692308 0.013221153846153846 0.03125
0 0.2247596153846154 0.24278846153846154 0.016826923076923076 0.03245192307692308
0 0.23677884615384615 0.2956730769230769 0.018028846153846152 0.037259615384615384
0 0.3016826923076923 0.23677884615384615 0.018028846153846152 0.03365384615384615
0 0.24879807692307693 0.20432692307692307 0.014423076923076924 0.026442307692307692
0 0.2668269230769231 0.16947115384615385 0.015625 0.030048076923076924
0 0.30649038461538464 0.1971153846153846 0.018028846153846152 0.026442307692307692
0 0.3581730769230769 0.22956730769230768 0.019230769230769232 0.039663461538461536
0 0.36538461538461536 0.18269230769230768 0.018028846153846152 0.038461538461538464
0 0.36778846153846156 0.14423076923076922 0.018028846153846152 0.03365384615384615
0 0.3293269230769231 0.10096153846153846 0.018028846153846152 0.03245192307692308
0 0.3954326923076923 0.10216346153846154 0.016826923076923076 0.040865384615384616
0 0.40024038461538464 0.046875 0.016826923076923076 0.038461538461538464
0 0.3401442307692308 0.054086538461538464 0.018028846153846152 0.037259615384615384
0 0.36538461538461536 0.018028846153846152 0.018028846153846152 0.03125
0 0.28725961538461536 0.05889423076923077 0.018028846153846152 0.030048076923076924
0 0.296875 0.007211538461538462 0.014423076923076924 0.014423076923076924
0 0.21754807692307693 0.015625 0.015625 0.026442307692307692
0 0.1935096153846154 0.013221153846153846 0.016826923076923076 0.025240384615384616
0 0.140625 0.009615384615384616 0.018028846153846152 0.018028846153846152
0 0.17427884615384615 0.04447115384615385 0.01201923076923077 0.018028846153846152
0 0.12980769230769232 0.038461538461538464 0.015625 0.038461538461538464
0 0.06370192307692307 0.06129807692307692 0.018028846153846152 0.028846153846153848
0 0.008413461538461538 0.08533653846153846 0.015625 0.03365384615384615
0 0.006009615384615385 0.04927884615384615 0.01201923076923077 0.018028846153846152
0 0.015625 0.013221153846153846 0.013221153846153846 0.016826923076923076
0 0.07091346153846154 0.010817307692307692 0.020432692307692308 0.021634615384615384
0 0.3004807692307692 0.28725961538461536 0.015625 0.03245192307692308
0 0.3581730769230769 0.28846153846153844 0.020432692307692308 0.025240384615384616
0 0.4098557692307692 0.2512019230769231 0.015625 0.03125
0 0.3858173076923077 0.30288461538461536 0.015625 0.026442307692307692
0 0.40384615384615385 0.2932692307692308 0.013221153846153846 0.025240384615384616
0 0.265625 0.375 0.016826923076923076 0.025240384615384616
0 0.14182692307692307 0.18509615384615385 0.018028846153846152 0.037259615384615384
0 0.04447115384615385 0.3245192307692308 0.019230769230769232 0.03245192307692308
0 0.019230769230769232 0.33533653846153844 0.013221153846153846 0.025240384615384616
0 0.7103365384615384 0.06129807692307692 0.018028846153846152 0.03485576923076923
0 0.7800480769230769 0.055288461538461536 0.018028846153846152 0.02283653846153846
0 0.8137019230769231 0.11298076923076923 0.018028846153846152 0.026442307692307692
0 0.7932692307692307 0.015625 0.016826923076923076 0.018028846153846152
0 0.734375 0.015625 0.016826923076923076 0.019230769230769232
0 0.6754807692307693 0.02403846153846154 0.019230769230769232 0.03485576923076923
0 0.6201923076923077 0.021634615384615384 0.018028846153846152 0.03125
0 0.5072115384615384 0.015625 0.02403846153846154 0.021634615384615384
0 0.4543269230769231 0.021634615384615384 0.019230769230769232 0.030048076923076924
0 0.43990384615384615 0.10096153846153846 0.018028846153846152 0.03365384615384615
0 0.45552884615384615 0.09254807692307693 0.015625 0.02283653846153846
0 0.49759615384615385 0.10817307692307693 0.018028846153846152 0.03125
0 0.5480769230769231 0.11177884615384616 0.016826923076923076 0.02403846153846154
0 0.609375 0.1045673076923077 0.018028846153846152 0.040865384615384616
0 0.65625 0.10216346153846154 0.016826923076923076 0.03485576923076923
0 0.8125 0.14903846153846154 0.018028846153846152 0.039663461538461536
0 0.7632211538461539 0.19951923076923078 0.018028846153846152 0.03125
0 0.7103365384615384 0.203125 0.016826923076923076 0.03365384615384615
0 0.6490384615384616 0.18028846153846154 0.020432692307692308 0.039663461538461536
0 0.6610576923076923 0.14543269230769232 0.018028846153846152 0.03365384615384615
0 0.6899038461538461 0.23076923076923078 0.015625 0.037259615384615384
0 0.6430288461538461 0.24278846153846154 0.016826923076923076 0.030048076923076924
0 0.5901442307692307 0.20432692307692307 0.018028846153846152 0.021634615384615384
0 0.5877403846153846 0.2403846153846154 0.016826923076923076 0.03365384615384615
0 0.5288461538461539 0.25240384615384615 0.018028846153846152 0.030048076923076924
0 0.5324519230769231 0.19230769230769232 0.019230769230769232 0.030048076923076924
0 0.5444711538461539 0.14783653846153846 0.016826923076923076 0.03365384615384615
0 0.484375 0.1502403846153846 0.018028846153846152 0.03125
0 0.48197115384615385 0.1778846153846154 0.019230769230769232 0.030048076923076924
0 0.4266826923076923 0.18028846153846154 0.018028846153846152 0.03125
0 0.4206730769230769 0.14903846153846154 0.016826923076923076 0.030048076923076924
0 0.4675480769230769 0.24278846153846154 0.018028846153846152 0.039663461538461536
0 0.45913461538461536 0.2848557692307692 0.018028846153846152 0.03485576923076923
0 0.5120192307692307 0.27884615384615385 0.018028846153846152 0.038461538461538464
0 0.5649038461538461 0.328125 0.018028846153846152 0.03125
0 0.6117788461538461 0.32572115384615385 0.018028846153846152 0.03485576923076923
0 0.7475961538461539 0.26802884615384615 0.019230769230769232 0.037259615384615384
0 0.8100961538461539 0.2704326923076923 0.019230769230769232 0.037259615384615384
0 0.6826923076923077 0.2824519230769231 0.020432692307692308 0.03245192307692308
0 0.6298076923076923 0.28846153846153844 0.016826923076923076 0.03365384615384615
0 0.5649038461538461 0.29927884615384615 0.015625 0.030048076923076924
0 0.6814903846153846 0.32572115384615385 0.020432692307692308 0.03485576923076923
0 0.7271634615384616 0.3425480769230769 0.016826923076923076 0.028846153846153848
0 0.7331730769230769 0.38100961538461536 0.019230769230769232 0.038461538461538464
0 0.7896634615384616 0.3425480769230769 0.016826923076923076 0.03125
0 0.9891826923076923 0.13822115384615385 0.018028846153846152 0.038461538461538464
0 0.9951923076923077 0.08653846153846154 0.007211538461538462 0.038461538461538464
0 0.9951923076923077 0.01201923076923077 0.007211538461538462 0.021634615384615384
0 0.953125 0.05889423076923077 0.016826923076923076 0.039663461538461536
0 0.9002403846153846 0.054086538461538464 0.018028846153846152 0.025240384615384616
0 0.9134615384615384 0.013221153846153846 0.015625 0.02403846153846154
0 0.8509615384615384 0.010817307692307692 0.019230769230769232 0.019230769230769232
0 0.8413461538461539 0.04927884615384615 0.018028846153846152 0.037259615384615384
0 0.8918269230769231 0.10216346153846154 0.018028846153846152 0.03365384615384615
0 0.8774038461538461 0.14302884615384615 0.016826923076923076 0.037259615384615384
0 0.9387019230769231 0.14783653846153846 0.013221153846153846 0.028846153846153848
0 0.9423076923076923 0.109375 0.016826923076923076 0.028846153846153848
0 0.9326923076923077 0.17668269230769232 0.019230769230769232 0.03485576923076923
0 0.8701923076923077 0.18269230769230768 0.020432692307692308 0.03365384615384615
0 0.921875 0.2247596153846154 0.014423076923076924 0.028846153846153848
0 0.9663461538461539 0.23076923076923078 0.015625 0.03485576923076923
0 0.9110576923076923 0.328125 0.018028846153846152 0.03125
0 0.8365384615384616 0.3317307692307692 0.019230769230769232 0.03485576923076923
0 0.9759615384615384 0.2956730769230769 0.019230769230769232 0.028846153846153848
0 0.9747596153846154 0.36658653846153844 0.019230769230769232 0.03245192307692308
0 0.9627403846153846 0.33413461538461536 0.018028846153846152 0.03125
0 0.9134615384615384 0.3629807692307692 0.019230769230769232 0.037259615384615384
0 0.04807692307692308 0.39663461538461536 0.014423076923076924 0.02403846153846154
0 0.08413461538461539 0.42908653846153844 0.018028846153846152 0.025240384615384616
0 0.03485576923076923 0.43028846153846156 0.015625 0.030048076923076924
0 0.14182692307692307 0.41225961538461536 0.018028846153846152 0.03485576923076923
0 0.2091346153846154 0.4266826923076923 0.018028846153846152 0.03365384615384615
0 0.18509615384615385 0.46634615384615385 0.018028846153846152 0.037259615384615384
0 0.23918269230769232 0.46875 0.018028846153846152 0.03365384615384615
0 0.23076923076923078 0.5084134615384616 0.021634615384615384 0.03365384615384615
0 0.16105769230769232 0.5168269230769231 0.019230769230769232 0.03365384615384615
0 0.12259615384615384 0.4651442307692308 0.015625 0.03125
0 0.078125 0.46875 0.018028846153846152 0.037259615384615384
0 0.10697115384615384 0.5216346153846154 0.018028846153846152 0.039663461538461536
0 0.15384615384615385 0.5685096153846154 0.019230769230769232 0.037259615384615384
0 0.04567307692307692 0.5144230769230769 0.019230769230769232 0.038461538461538464
0 0.04807692307692308 0.5733173076923077 0.019230769230769232 0.037259615384615384
0 0.051682692307692304 0.6177884615384616 0.020432692307692308 0.037259615384615384
0 0.03125 0.6634615384615384 0.020432692307692308 0.03485576923076923
0 0.08413461538461539 0.7139423076923077 0.016826923076923076 0.030048076923076924
0 0.1201923076923077 0.7055288461538461 0.016826923076923076 0.03485576923076923
0 0.17427884615384615 0.7776442307692307 0.019230769230769232 0.03485576923076923
0 0.1201923076923077 0.7752403846153846 0.016826923076923076 0.03365384615384615
0 0.057692307692307696 0.7632211538461539 0.020432692307692308 0.03245192307692308
0 0.028846153846153848 0.8161057692307693 0.019230769230769232 0.03485576923076923
0 0.09134615384615384 0.828125 0.018028846153846152 0.03485576923076923
0 0.15985576923076922 0.8173076923076923 0.020432692307692308 0.03365384615384615
0 0.22596153846153846 0.7644230769230769 0.019230769230769232 0.038461538461538464
0 0.23798076923076922 0.7139423076923077 0.019230769230769232 0.03125
0 0.24639423076923078 0.6574519230769231 0.019230769230769232 0.03485576923076923
0 0.265625 0.6021634615384616 0.020432692307692308 0.042067307692307696
0 0.28365384615384615 0.5661057692307693 0.019230769230769232 0.03365384615384615
0 0.30649038461538464 0.4206730769230769 0.018028846153846152 0.037259615384615384
0 0.35697115384615385 0.4110576923076923 0.019230769230769232 0.03485576923076923
0 0.43028846153846156 0.42908653846153844 0.018028846153846152 0.03125
0 0.4879807692307692 0.42908653846153844 0.018028846153846152 0.025240384615384616
0 0.5528846153846154 0.4206730769230769 0.019230769230769232 0.03485576923076923
0 0.609375 0.4206730769230769 0.018028846153846152 0.03125
0 0.6466346153846154 0.4579326923076923 0.013221153846153846 0.03485576923076923
0 0.5925480769230769 0.46634615384615385 0.018028846153846152 0.028846153846153848
0 0.5396634615384616 0.46875 0.021634615384615384 0.03365384615384615
0 0.4735576923076923 0.4735576923076923 0.018028846153846152 0.025240384615384616
0 0.4206730769230769 0.4831730769230769 0.016826923076923076 0.02403846153846154
0 0.47596153846153844 0.5084134615384616 0.015625 0.042067307692307696
0 0.5324519230769231 0.5192307692307693 0.019230769230769232 0.037259615384615384
0 0.5913461538461539 0.5132211538461539 0.019230769230769232 0.038461538461538464
0 0.625 0.5564903846153846 0.018028846153846152 0.038461538461538464
0 0.6177884615384616 0.6213942307692307 0.018028846153846152 0.03485576923076923
0 0.5697115384615384 0.5745192307692307 0.019230769230769232 0.039663461538461536
0 0.5192307692307693 0.5697115384615384 0.019230769230769232 0.03485576923076923
0 0.5588942307692307 0.6165865384615384 0.019230769230769232 0.03365384615384615
0 0.6081730769230769 0.6658653846153846 0.019230769230769232 0.03485576923076923
0 0.29927884615384615 0.47475961538461536 0.019230769230769232 0.028846153846153848
0 0.359375 0.47475961538461536 0.019230769230769232 0.028846153846153848
0 0.3581730769230769 0.5144230769230769 0.020432692307692308 0.040865384615384616
0 0.4110576923076923 0.5132211538461539 0.019230769230769232 0.039663461538461536
0 0.39903846153846156 0.5576923076923077 0.020432692307692308 0.037259615384615384
0 0.38221153846153844 0.609375 0.019230769230769232 0.040865384615384616
0 0.4423076923076923 0.5949519230769231 0.018028846153846152 0.03365384615384615
0 0.4639423076923077 0.5637019230769231 0.018028846153846152 0.038461538461538464
0 0.5108173076923077 0.6201923076923077 0.018028846153846152 0.025240384615384616
0 0.5072115384615384 0.6646634615384616 0.018028846153846152 0.038461538461538464
0 0.5576923076923077 0.6682692307692307 0.018028846153846152 0.03245192307692308
0 0.609375 0.7211538461538461 0.019230769230769232 0.039663461538461536
0 0.5396634615384616 0.7115384615384616 0.019230769230769232 0.038461538461538464
0 0.49759615384615385 0.7163461538461539 0.019230769230769232 0.030048076923076924
0 0.43509615384615385 0.7127403846153846 0.019230769230769232 0.03485576923076923
0 0.4326923076923077 0.6670673076923077 0.019230769230769232 0.028846153846153848
0 0.36177884615384615 0.7043269230769231 0.019230769230769232 0.039663461538461536
0 0.46153846153846156 0.7704326923076923 0.019230769230769232 0.03365384615384615
0 0.5288461538461539 0.7632211538461539 0.019230769230769232 0.037259615384615384
0 0.5961538461538461 0.7680288461538461 0.021634615384615384 0.037259615384615384
0 0.4110576923076923 0.7620192307692307 0.018028846153846152 0.03125
0 0.296875 0.7163461538461539 0.019230769230769232 0.03485576923076923
0 0.31850961538461536 0.6634615384615384 0.018028846153846152 0.03485576923076923
0 0.32091346153846156 0.6189903846153846 0.018028846153846152 0.028846153846153848
0 0.3449519230769231 0.5625 0.018028846153846152 0.039663461538461536
0 0.22355769230769232 0.5612980769230769 0.018028846153846152 0.039663461538461536
0 0.18389423076923078 0.6322115384615384 0.013221153846153846 0.018028846153846152
0 0.22355769230769232 0.8233173076923077 0.019230769230769232 0.037259615384615384
0 0.2824519230769231 0.8149038461538461 0.019230769230769232 0.03365384615384615
0 0.32572115384615385 0.7776442307692307 0.019230769230769232 0.03125
0 0.34134615384615385 0.8112980769230769 0.018028846153846152 0.037259615384615384
0 0.34975961538461536 0.7992788461538461 0.016826923076923076 0.028846153846153848
0 0.4050480769230769 0.8088942307692307 0.020432692307692308 0.038461538461538464
0 0.4639423076923077 0.8161057692307693 0.020432692307692308 0.039663461538461536
0 0.5264423076923077 0.8221153846153846 0.018028846153846152 0.03485576923076923
0 0.5841346153846154 0.8173076923076923 0.019230769230769232 0.03365384615384615
0 0.5757211538461539 0.8798076923076923 0.018028846153846152 0.037259615384615384
0 0.5192307692307693 0.8810096153846154 0.019230769230769232 0.03125
0 0.328125 0.8629807692307693 0.018028846153846152 0.03365384615384615
0 0.2776442307692308 0.8653846153846154 0.018028846153846152 0.030048076923076924
0 0.20793269230769232 0.8701923076923077 0.020432692307692308 0.03365384615384615
0 0.2548076923076923 0.9134615384615384 0.021634615384615384 0.037259615384615384
0 0.328125 0.8954326923076923 0.021634615384615384 0.03485576923076923
0 0.38221153846153844 0.8834134615384616 0.019230769230769232 0.03125
0 0.43509615384615385 0.8581730769230769 0.021634615384615384 0.03485576923076923
0 0.5108173076923077 0.9074519230769231 0.020432692307692308 0.037259615384615384
0 0.5649038461538461 0.9278846153846154 0.018028846153846152 0.038461538461538464
0 0.6286057692307693 0.8798076923076923 0.02283653846153846 0.03245192307692308
0 0.0829326923076923 0.8701923076923077 0.018028846153846152 0.03485576923076923
0 0.15144230769230768 0.8677884615384616 0.020432692307692308 0.039663461538461536
0 0.19831730769230768 0.921875 0.018028846153846152 0.03245192307692308
0 0.1778846153846154 0.9615384615384616 0.020432692307692308 0.037259615384615384
0 0.12860576923076922 0.9146634615384616 0.019230769230769232 0.039663461538461536
0 0.07091346153846154 0.9206730769230769 0.020432692307692308 0.038461538461538464
0 0.24639423076923078 0.9603365384615384 0.019230769230769232 0.037259615384615384
0 0.37740384615384615 0.9519230769230769 0.021634615384615384 0.039663461538461536
0 0.38822115384615385 0.921875 0.018028846153846152 0.03125
0 0.4423076923076923 0.9350961538461539 0.019230769230769232 0.03245192307692308
0 0.5504807692307693 0.9663461538461539 0.019230769230769232 0.028846153846153848
0 0.6274038461538461 0.9266826923076923 0.020432692307692308 0.040865384615384616
0 0.6201923076923077 0.9615384615384616 0.019230769230769232 0.042067307692307696
0 0.1201923076923077 0.9735576923076923 0.018028846153846152 0.026442307692307692
0 0.0625 0.9771634615384616 0.020432692307692308 0.03125
0 0.03365384615384615 0.8762019230769231 0.018028846153846152 0.039663461538461536
0 0.28846153846153844 0.5096153846153846 0.020432692307692308 0.03485576923076923
0 0.9483173076923077 0.515625 0.020432692307692308 0.03245192307692308
0 0.9302884615384616 0.5504807692307693 0.021634615384615384 0.03485576923076923
0 0.8870192307692307 0.5324519230769231 0.019230769230769232 0.038461538461538464
0 0.8798076923076923 0.4699519230769231 0.02283653846153846 0.03245192307692308
0 0.8894230769230769 0.4266826923076923 0.016826923076923076 0.030048076923076924
0 0.8233173076923077 0.46634615384615385 0.018028846153846152 0.03365384615384615
0 0.8197115384615384 0.5144230769230769 0.019230769230769232 0.03485576923076923
0 0.7680288461538461 0.5108173076923077 0.016826923076923076 0.030048076923076924
0 0.7632211538461539 0.47115384615384615 0.016826923076923076 0.03245192307692308
0 0.7740384615384616 0.4230769230769231 0.018028846153846152 0.030048076923076924
0 0.828125 0.41947115384615385 0.018028846153846152 0.030048076923076924
0 0.7848557692307693 0.3870192307692308 0.021634615384615384 0.018028846153846152
0 0.6995192307692307 0.4206730769230769 0.016826923076923076 0.03245192307692308
0 0.7115384615384616 0.5132211538461539 0.019230769230769232 0.03245192307692308
0 0.7524038461538461 0.5552884615384616 0.021634615384615384 0.042067307692307696
0 0.8209134615384616 0.5625 0.018028846153846152 0.03485576923076923
0 0.8641826923076923 0.6213942307692307 0.02403846153846154 0.039663461538461536
0 0.9314903846153846 0.6189903846153846 0.021634615384615384 0.04447115384615385
0 0.9927884615384616 0.5697115384615384 0.013221153846153846 0.038461538461538464
0 0.9903846153846154 0.6766826923076923 0.018028846153846152 0.04807692307692308
0 0.9951923076923077 0.4807692307692308 0.008413461538461538 0.028846153846153848
0 0.9591346153846154 0.42788461538461536 0.020432692307692308 0.03125
0 0.9375 0.4675480769230769 0.018028846153846152 0.03485576923076923
0 0.859375 0.6730769230769231 0.020432692307692308 0.03485576923076923
0 0.9254807692307693 0.6826923076923077 0.02283653846153846 0.037259615384615384
0 0.9639423076923077 0.7163461538461539 0.020432692307692308 0.03245192307692308
0 0.9627403846153846 0.7620192307692307 0.021634615384615384 0.039663461538461536
0 0.9014423076923077 0.7692307692307693 0.020432692307692308 0.03485576923076923
0 0.9086538461538461 0.7283653846153846 0.021634615384615384 0.042067307692307696
0 0.8497596153846154 0.7079326923076923 0.018028846153846152 0.03485576923076923
0 0.7992788461538461 0.6646634615384616 0.019230769230769232 0.037259615384615384
0 0.8076923076923077 0.6262019230769231 0.021634615384615384 0.038461538461538464
0 0.7536057692307693 0.6129807692307693 0.021634615384615384 0.042067307692307696
0 0.7307692307692307 0.6634615384615384 0.018028846153846152 0.038461538461538464
0 0.6802884615384616 0.6610576923076923 0.018028846153846152 0.03245192307692308
0 0.6838942307692307 0.6213942307692307 0.021634615384615384 0.026442307692307692
0 0.6935096153846154 0.5697115384615384 0.020432692307692308 0.03485576923076923
0 0.7175480769230769 0.7427884615384616 0.019230769230769232 0.039663461538461536
0 0.7391826923076923 0.7199519230769231 0.020432692307692308 0.03245192307692308
0 0.7836538461538461 0.7127403846153846 0.020432692307692308 0.03245192307692308
0 0.6730769230769231 0.7139423076923077 0.021634615384615384 0.038461538461538464
0 0.7139423076923077 0.8088942307692307 0.019230769230769232 0.040865384615384616
0 0.7716346153846154 0.7680288461538461 0.020432692307692308 0.028846153846153848
0 0.8365384615384616 0.7668269230769231 0.019230769230769232 0.03245192307692308
0 0.8942307692307693 0.8100961538461539 0.02283653846153846 0.042067307692307696
0 0.9495192307692307 0.8233173076923077 0.019230769230769232 0.03125
0 0.9375 0.8882211538461539 0.020432692307692308 0.03485576923076923
0 0.8822115384615384 0.875 0.019230769230769232 0.030048076923076924
0 0.8834134615384616 0.9182692307692307 0.019230769230769232 0.03485576923076923
0 0.8209134615384616 0.8786057692307693 0.020432692307692308 0.030048076923076924
0 0.8329326923076923 0.8064903846153846 0.018028846153846152 0.037259615384615384
0 0.7740384615384616 0.8149038461538461 0.02283653846153846 0.037259615384615384
0 0.7620192307692307 0.8762019230769231 0.019230769230769232 0.028846153846153848
0 0.6911057692307693 0.8617788461538461 0.02283653846153846 0.046875
0 0.7548076923076923 0.9230769230769231 0.019230769230769232 0.03245192307692308
0 0.7992788461538461 0.9579326923076923 0.021634615384615384 0.03125
0 0.8185096153846154 0.9278846153846154 0.020432692307692308 0.025240384615384616
0 0.8786057692307693 0.9591346153846154 0.02283653846153846 0.03125
0 0.7451923076923077 0.9579326923076923 0.02283653846153846 0.03485576923076923
0 0.6899038461538461 0.9338942307692307 0.025240384615384616 0.028846153846153848
0 0.6778846153846154 0.9675480769230769 0.018028846153846152 0.03365384615384615
0 0.9338942307692307 0.9867788461538461 0.018028846153846152 0.02403846153846154
0 0.9831730769230769 0.9807692307692307 0.013221153846153846 0.03125
0 0.6550480769230769 0.7824519230769231 0.020432692307692308 0.028846153846153848
0 0.6430288461538461 0.8112980769230769 0.02283653846153846 0.04447115384615385
0 0.5504807692307693 0.3798076923076923 0.018028846153846152 0.030048076923076924
0 0.609375 0.3798076923076923 0.018028846153846152 0.02283653846153846
0 0.48677884615384615 0.38341346153846156 0.019230769230769232 0.03245192307692308
0 0.3233173076923077 0.37259615384615385 0.018028846153846152 0.03125
0 0.6610576923076923 0.5228365384615384 0.019230769230769232 0.03125
0 0.9915865384615384 0.19110576923076922 0.014423076923076924 0.03245192307692308
0 0.008413461538461538 0.7091346153846154 0.016826923076923076 0.03365384615384615
0 0.3076923076923077 0.1502403846153846 0.018028846153846152 0.03365384615384615
0 0.6009615384615384 0.14423076923076922 0.016826923076923076 0.028846153846153848
0 0.5048076923076923 0.9507211538461539 0.019230769230769232 0.03365384615384615
0 0.30649038461538464 0.9579326923076923 0.021634615384615384 0.040865384615384616
0 0.009615384615384616 0.9206730769230769 0.019230769230769232 0.038461538461538464
0 0.006009615384615385 0.9675480769230769 0.01201923076923077 0.040865384615384616
0 0.004807692307692308 0.27884615384615385 0.009615384615384616 0.030048076923076924