0 0 0 0 0
0 0.16455078125 0.5317348377997179 0.0048828125 0.009873060648801129
0 0.45458984375 0.5162200282087447 0.0087890625 0.02679830747531735
0 0.6865234375 0.6234132581100141 0.009765625 0.018335684062059238
0 0.66259765625 0.5698166431593794 0.0068359375 0.015514809590973202
0 0.69091796875 0.5698166431593794 0.0068359375 0.014104372355430184
0 0.60986328125 0.5641748942172073 0.0087890625 0.018335684062059238
0 0.58837890625 0.5655853314527504 0.0068359375 0.012693935119887164
0 0.62109375 0.5698166431593794 0.005859375 0.012693935119887164
0 0.5615234375 0.6572637517630465 0.005859375 0.015514809590973202
0 0.8076171875 0.5655853314527504 0.0078125 0.01692524682651622
0 0.85546875 0.5740479548660085 0.005859375 0.011283497884344146
0 0.88720703125 0.5825105782792666 0.0068359375 0.014104372355430184
0 0.94384765625 0.5839210155148096 0.0068359375 0.014104372355430184
0 0.93896484375 0.5655853314527504 0.0087890625 0.015514809590973202
0 0.9033203125 0.5867418899858956 0.009765625 0.014104372355430184