0 0.1875 0.5528846153846154 0.03125 0.037259615384615384
0 0.24759615384615385 0.40865384615384615 0.016826923076923076 0.027644230769230768
0 0.28365384615384615 0.4266826923076923 0.016826923076923076 0.025240384615384616
0 0.2920673076923077 0.38100961538461536 0.014423076923076924 0.021634615384615384
0 0.39903846153846156 0.390625 0.01201923076923077 0.014423076923076924
0 0.4230769230769231 0.4254807692307692 0.015625 0.016826923076923076
0 0.359375 0.4891826923076923 0.028846153846153848 0.036057692307692304
0 0.484375 0.46875 0.02403846153846154 0.055288461538461536
0 0.46875 0.4026442307692308 0.016826923076923076 0.026442307692307692
0 0.5396634615384616 0.4098557692307692 0.01201923076923077 0.014423076923076924
0 0.5757211538461539 0.4230769230769231 0.018028846153846152 0.028846153846153848
0 0.5793269230769231 0.38100961538461536 0.014423076923076924 0.020432692307692308
0 0.6586538461538461 0.37259615384615385 0.010817307692307692 0.021634615384615384
0 0.6887019230769231 0.4170673076923077 0.014423076923076924 0.02403846153846154
0 0.7259615384615384 0.3701923076923077 0.009615384615384616 0.018028846153846152
0 0.75 0.4074519230769231 0.01201923076923077 0.019230769230769232
0 0.8341346153846154 0.47836538461538464 0.025240384615384616 0.03245192307692308
0 0.8389423076923077 0.36177884615384615 0.015625 0.03125
0 0.8689903846153846 0.3737980769230769 0.013221153846153846 0.021634615384615384
0 0.9326923076923077 0.4266826923076923 0.02403846153846154 0.027644230769230768
0 0.7211538461538461 0.5096153846153846 0.019230769230769232 0.020432692307692308
0 0.010817307692307692 0.5204326923076923 0.021634615384615384 0.06370192307692307