0 0.7427884615384616 0.8221153846153846 0.055288461538461536 0.08653846153846154
0 0.9050480769230769 0.28125 0.04927884615384615 0.06610576923076923
0 0.9651442307692307 0.21875 0.01201923076923077 0.021634615384615384
0 0.9507211538461539 0.24519230769230768 0.013221153846153846 0.02403846153846154
0 0.8353365384615384 0.18990384615384615 0.014423076923076924 0.030048076923076924
0 0.7944711538461539 0.2283653846153846 0.014423076923076924 0.030048076923076924
0 0.7475961538461539 0.234375 0.018028846153846152 0.025240384615384616
0 0.9591346153846154 0.22235576923076922 0.014423076923076924 0.02403846153846154
0 0.7295673076923077 0.21875 0.008413461538461538 0.028846153846153848
0 0.7055288461538461 0.21514423076923078 0.013221153846153846 0.026442307692307692
0 0.6814903846153846 0.23798076923076922 0.007211538461538462 0.013221153846153846
0 0.6466346153846154 0.21995192307692307 0.015625 0.02403846153846154
0 0.625 0.2247596153846154 0.007211538461538462 0.015625
0 0.5012019230769231 0.2536057692307692 0.004807692307692308 0.009615384615384616
0 0.49158653846153844 0.2644230769230769 0.006009615384615385 0.007211538461538462
0 0.4831730769230769 0.26802884615384615 0.004807692307692308 0.006009615384615385
0 0.43509615384615385 0.27163461538461536 0.009615384615384616 0.013221153846153846
0 0.37740384615384615 0.22115384615384615 0.007211538461538462 0.025240384615384616
0 0.34615384615384615 0.2439903846153846 0.01201923076923077 0.018028846153846152
0 0.35697115384615385 0.31490384615384615 0.016826923076923076 0.03365384615384615
0 0.2764423076923077 0.2439903846153846 0.014423076923076924 0.021634615384615384
0 0.2932692307692308 0.22956730769230768 0.014423076923076924 0.026442307692307692
0 0.27403846153846156 0.3161057692307692 0.018028846153846152 0.036057692307692304
0 0.2620192307692308 0.30649038461538464 0.02403846153846154 0.028846153846153848
0 0.21394230769230768 0.2848557692307692 0.04927884615384615 0.0889423076923077
0 0.078125 0.2848557692307692 0.02403846153846154 0.036057692307692304
0 0.14423076923076922 0.2860576923076923 0.02283653846153846 0.040865384615384616
0 0.04927884615384615 0.24879807692307693 0.006009615384615385 0.015625
0 0.5697115384615384 0.2439903846153846 0.038461538461538464 0.06129807692307692
0 0.7596153846153846 0.23677884615384615 0.010817307692307692 0.015625