0 0.078125 0.3605769230769231 0.019230769230769232 0.042067307692307696
0 0.10336538461538461 0.39663461538461536 0.018028846153846152 0.03245192307692308
0 0.08774038461538461 0.37740384615384615 0.007211538461538462 0.013221153846153846
0 0.11538461538461539 0.3605769230769231 0.019230769230769232 0.03245192307692308
0 0.140625 0.359375 0.015625 0.03125
0 0.15264423076923078 0.38341346153846156 0.015625 0.03245192307692308
0 0.18028846153846154 0.34375 0.013221153846153846 0.026442307692307692
0 0.18269230769230768 0.39783653846153844 0.020432692307692308 0.038461538461538464
0 0.14423076923076922 0.5108173076923077 0.025240384615384616 0.04927884615384615
0 0.07451923076923077 0.4879807692307692 0.026442307692307692 0.04807692307692308
0 0.20793269230769232 0.3641826923076923 0.016826923076923076 0.03125
0 0.21875 0.34975961538461536 0.018028846153846152 0.03485576923076923
0 0.23798076923076922 0.3942307692307692 0.02403846153846154 0.04567307692307692
0 0.25 0.35336538461538464 0.013221153846153846 0.026442307692307692
0 0.26802884615384615 0.3798076923076923 0.020432692307692308 0.039663461538461536
0 0.28365384615384615 0.35216346153846156 0.016826923076923076 0.03365384615384615
0 0.30649038461538464 0.35096153846153844 0.015625 0.026442307692307692
0 0.3161057692307692 0.33533653846153844 0.013221153846153846 0.027644230769230768
0 0.30288461538461536 0.3798076923076923 0.016826923076923076 0.03485576923076923
0 0.3088942307692308 0.4050480769230769 0.019230769230769232 0.039663461538461536
0 0.2403846153846154 0.5276442307692307 0.02403846153846154 0.04927884615384615
0 0.29927884615384615 0.5276442307692307 0.021634615384615384 0.042067307692307696
0 0.3629807692307692 0.5180288461538461 0.02283653846153846 0.046875
0 0.4423076923076923 0.5 0.02283653846153846 0.04567307692307692
0 0.33413461538461536 0.36538461538461536 0.016826923076923076 0.03365384615384615
0 0.3317307692307692 0.39663461538461536 0.016826923076923076 0.039663461538461536
0 0.3545673076923077 0.4026442307692308 0.018028846153846152 0.038461538461538464
0 0.36177884615384615 0.35336538461538464 0.015625 0.028846153846153848
0 0.359375 0.37259615384615385 0.018028846153846152 0.038461538461538464
0 0.3858173076923077 0.34975961538461536 0.018028846153846152 0.036057692307692304
0 0.3918269230769231 0.39302884615384615 0.019230769230769232 0.03365384615384615
0 0.4110576923076923 0.37259615384615385 0.016826923076923076 0.03245192307692308
0 0.4326923076923077 0.3786057692307692 0.021634615384615384 0.04807692307692308
0 0.47716346153846156 0.3293269230769231 0.019230769230769232 0.036057692307692304
0 0.46634615384615385 0.3557692307692308 0.018028846153846152 0.03245192307692308
0 0.4579326923076923 0.38341346153846156 0.018028846153846152 0.039663461538461536
0 0.47716346153846156 0.4098557692307692 0.021634615384615384 0.042067307692307696
0 0.5168269230769231 0.39663461538461536 0.015625 0.036057692307692304
0 0.5204326923076923 0.3713942307692308 0.018028846153846152 0.03125
0 0.5180288461538461 0.3389423076923077 0.018028846153846152 0.028846153846153848
0 0.5336538461538461 0.3786057692307692 0.01201923076923077 0.028846153846153848
0 0.5564903846153846 0.3701923076923077 0.020432692307692308 0.04326923076923077
0 0.5829326923076923 0.3641826923076923 0.018028846153846152 0.042067307692307696
0 0.609375 0.359375 0.018028846153846152 0.040865384615384616
0 0.6201923076923077 0.39663461538461536 0.018028846153846152 0.040865384615384616
0 0.5168269230769231 0.5276442307692307 0.019230769230769232 0.038461538461538464
0 0.5709134615384616 0.5408653846153846 0.020432692307692308 0.042067307692307696
0 0.6262019230769231 0.3701923076923077 0.013221153846153846 0.03125
0 0.6358173076923077 0.35216346153846156 0.013221153846153846 0.025240384615384616
0 0.6514423076923077 0.3641826923076923 0.010817307692307692 0.018028846153846152
0 0.6610576923076923 0.35697115384615385 0.018028846153846152 0.03365384615384615
0 0.6478365384615384 0.3942307692307692 0.018028846153846152 0.036057692307692304
0 0.6646634615384616 0.41346153846153844 0.019230769230769232 0.038461538461538464
0 0.6911057692307693 0.34975961538461536 0.013221153846153846 0.027644230769230768
0 0.7007211538461539 0.3713942307692308 0.019230769230769232 0.03485576923076923
0 0.7271634615384616 0.35216346153846156 0.018028846153846152 0.036057692307692304
0 0.7259615384615384 0.4326923076923077 0.018028846153846152 0.039663461538461536
0 0.9387019230769231 0.4026442307692308 0.018028846153846152 0.03365384615384615
0 0.8798076923076923 0.4074519230769231 0.019230769230769232 0.040865384615384616
0 0.8353365384615384 0.3798076923076923 0.020432692307692308 0.040865384615384616
0 0.8161057692307693 0.3786057692307692 0.018028846153846152 0.039663461538461536
0 0.7908653846153846 0.3701923076923077 0.018028846153846152 0.03485576923076923
0 0.7596153846153846 0.3737980769230769 0.019230769230769232 0.040865384615384616
0 0.6670673076923077 0.5396634615384616 0.020432692307692308 0.040865384615384616