0 0.15745192307692307 0.25240384615384615 0.03245192307692308 0.04326923076923077
0 0.26802884615384615 0.18028846153846154 0.036057692307692304 0.052884615384615384
0 0.37259615384615385 0.22355769230769232 0.03125 0.04927884615384615
0 0.27524038461538464 0.33774038461538464 0.036057692307692304 0.046875
0 0.16105769230769232 0.328125 0.03365384615384615 0.051682692307692304
0 0.5829326923076923 0.21153846153846154 0.028846153846153848 0.051682692307692304
0 0.7007211538461539 0.2283653846153846 0.03245192307692308 0.04447115384615385
0 0.7836538461538461 0.18629807692307693 0.03125 0.06129807692307692
0 0.8569711538461539 0.22355769230769232 0.03245192307692308 0.051682692307692304
0 0.8497596153846154 0.34615384615384615 0.03485576923076923 0.04927884615384615
0 0.9182692307692307 0.43990384615384615 0.03365384615384615 0.055288461538461536
0 0.7415865384615384 0.4423076923076923 0.03365384615384615 0.04927884615384615
0 0.7271634615384616 0.34975961538461536 0.03365384615384615 0.04927884615384615
0 0.7007211538461539 0.29447115384615385 0.03125 0.05889423076923077
0 0.7896634615384616 0.28365384615384615 0.039663461538461536 0.04326923076923077
0 0.5829326923076923 0.29927884615384615 0.03245192307692308 0.042067307692307696
0 0.6117788461538461 0.33774038461538464 0.028846153846153848 0.04567307692307692
0 0.5841346153846154 0.35697115384615385 0.03365384615384615 0.06009615384615385
0 0.49399038461538464 0.3701923076923077 0.036057692307692304 0.051682692307692304
0 0.53125 0.3076923076923077 0.03365384615384615 0.046875
0 0.4735576923076923 0.21995192307692307 0.03245192307692308 0.040865384615384616
0 0.6730769230769231 0.38461538461538464 0.03245192307692308 0.03485576923076923
0 0.4543269230769231 0.3329326923076923 0.03365384615384615 0.04807692307692308
0 0.40384615384615385 0.35336538461538464 0.030048076923076924 0.05048076923076923
0 0.37740384615384615 0.4375 0.03365384615384615 0.04326923076923077
0 0.37259615384615385 0.3629807692307692 0.03365384615384615 0.05048076923076923
0 0.24519230769230768 0.3798076923076923 0.038461538461538464 0.052884615384615384
0 0.2704326923076923 0.43509615384615385 0.036057692307692304 0.05889423076923077
0 0.19591346153846154 0.4266826923076923 0.039663461538461536 0.052884615384615384
0 0.09975961538461539 0.4182692307692308 0.03245192307692308 0.051682692307692304
0 0.7860576923076923 0.6237980769230769 0.03485576923076923 0.04326923076923077
0 0.7211538461538461 0.6153846153846154 0.03365384615384615 0.04326923076923077
0 0.6418269230769231 0.65625 0.03485576923076923 0.04447115384615385
0 0.5480769230769231 0.6550480769230769 0.037259615384615384 0.05048076923076923
0 0.46274038461538464 0.6490384615384616 0.03365384615384615 0.04927884615384615
0 0.328125 0.6225961538461539 0.03485576923076923 0.05048076923076923
0 0.19831730769230768 0.65625 0.036057692307692304 0.04447115384615385