0 0.24519230769230768 0.33653846153846156 0.03365384615384615 0.07692307692307693
0 0.15745192307692307 0.3641826923076923 0.037259615384615384 0.07211538461538461
0 0.12980769230769232 0.3161057692307692 0.03365384615384615 0.06009615384615385
0 0.02403846153846154 0.33774038461538464 0.039663461538461536 0.06490384615384616
0 0.21394230769230768 0.33653846153846156 0.02403846153846154 0.046875
0 0.39663461538461536 0.36177884615384615 0.037259615384615384 0.07211538461538461
0 0.3389423076923077 0.3557692307692308 0.036057692307692304 0.06971153846153846
0 0.46634615384615385 0.40024038461538464 0.03125 0.06129807692307692
0 0.5889423076923077 0.3629807692307692 0.026442307692307692 0.051682692307692304
0 0.6610576923076923 0.3605769230769231 0.03365384615384615 0.052884615384615384
0 0.5576923076923077 0.37740384615384615 0.03125 0.06129807692307692
0 0.5012019230769231 0.375 0.03365384615384615 0.0673076923076923
0 0.4987980769230769 0.28365384615384615 0.028846153846153848 0.05048076923076923
0 0.6069711538461539 0.5324519230769231 0.03485576923076923 0.06370192307692307
0 0.5853365384615384 0.6358173076923077 0.042067307692307696 0.07932692307692307
0 0.9603365384615384 0.23918269230769232 0.03365384615384615 0.07211538461538461
0 0.8846153846153846 0.36658653846153844 0.037259615384615384 0.06370192307692307
0 0.7584134615384616 0.2980769230769231 0.030048076923076924 0.052884615384615384
0 0.7776442307692307 0.11658653846153846 0.028846153846153848 0.054086538461538464
0 0.7055288461538461 0.328125 0.03485576923076923 0.06009615384615385
0 0.9014423076923077 0.3473557692307692 0.03245192307692308 0.057692307692307696
0 0.8076923076923077 0.36177884615384615 0.03365384615384615 0.046875