0 0.16706730769230768 0.15745192307692307 0.028846153846153848 0.07451923076923077
0 0.2764423076923077 0.28725961538461536 0.030048076923076924 0.08533653846153846
0 0.20072115384615385 0.2704326923076923 0.03245192307692308 0.09254807692307693
0 0.23557692307692307 0.13701923076923078 0.027644230769230768 0.06971153846153846
0 0.11177884615384616 0.2848557692307692 0.03485576923076923 0.08052884615384616
0 0.15144230769230768 0.453125 0.03485576923076923 0.09735576923076923
0 0.30528846153846156 0.16706730769230768 0.026442307692307692 0.08052884615384616
0 0.046875 0.4723557692307692 0.040865384615384616 0.10216346153846154
0 0.3389423076923077 0.25240384615384615 0.03365384615384615 0.08533653846153846
0 0.4375 0.49038461538461536 0.03485576923076923 0.09735576923076923
0 0.34615384615384615 0.5252403846153846 0.03365384615384615 0.09254807692307693
0 0.25240384615384615 0.5048076923076923 0.03365384615384615 0.09735576923076923
0 0.3737980769230769 0.14543269230769232 0.030048076923076924 0.06971153846153846
0 0.41586538461538464 0.21995192307692307 0.03245192307692308 0.08533653846153846
0 0.43509615384615385 0.13221153846153846 0.026442307692307692 0.07692307692307693
0 0.4951923076923077 0.21754807692307693 0.03365384615384615 0.09254807692307693
0 0.49158653846153844 0.10216346153846154 0.028846153846153848 0.06971153846153846
0 0.5576923076923077 0.1346153846153846 0.028846153846153848 0.0673076923076923
0 0.7572115384615384 0.5228365384615384 0.038461538461538464 0.10216346153846154
0 0.7235576923076923 0.2824519230769231 0.03245192307692308 0.08774038461538461
0 0.65625 0.23197115384615385 0.03365384615384615 0.08774038461538461
0 0.6466346153846154 0.5252403846153846 0.03365384615384615 0.09254807692307693
0 0.5492788461538461 0.47716346153846156 0.038461538461538464 0.11057692307692307
0 0.578125 0.23197115384615385 0.03485576923076923 0.08774038461538461
0 0.6274038461538461 0.1622596153846154 0.028846153846153848 0.0829326923076923
0 0.8653846153846154 0.5144230769230769 0.037259615384615384 0.09975961538461539
0 0.7427884615384616 0.18990384615384615 0.028846153846153848 0.078125
0 0.6850961538461539 0.18990384615384615 0.028846153846153848 0.0673076923076923
0 0.7956730769230769 0.2644230769230769 0.036057692307692304 0.09014423076923077
0 0.8221153846153846 0.18990384615384615 0.028846153846153848 0.07451923076923077
0 0.8774038461538461 0.3125 0.03485576923076923 0.07451923076923077
0 0.8774038461538461 0.203125 0.028846153846153848 0.06971153846153846
0 0.9471153846153846 0.5228365384615384 0.038461538461538464 0.09735576923076923