0 0.6911057692307693 0.4807692307692308 0.026442307692307692 0.040865384615384616
0 0.6490384615384616 0.4411057692307692 0.02403846153846154 0.037259615384615384
0 0.6069711538461539 0.4014423076923077 0.02403846153846154 0.037259615384615384
0 0.6310096153846154 0.36658653846153844 0.02283653846153846 0.03125
0 0.5576923076923077 0.38461538461538464 0.021634615384615384 0.030048076923076924
0 0.5637019230769231 0.4423076923076923 0.02403846153846154 0.03485576923076923
0 0.546875 0.5036057692307693 0.026442307692307692 0.042067307692307696
0 0.5180288461538461 0.46274038461538464 0.025240384615384616 0.036057692307692304
0 0.46033653846153844 0.4855769230769231 0.027644230769230768 0.036057692307692304
0 0.4375 0.453125 0.02283653846153846 0.03365384615384615
0 0.42427884615384615 0.3894230769230769 0.025240384615384616 0.03485576923076923
0 0.46875 0.38461538461538464 0.021634615384615384 0.030048076923076924
0 0.5192307692307693 0.39302884615384615 0.026442307692307692 0.036057692307692304
0 0.39663461538461536 0.4675480769230769 0.025240384615384616 0.03485576923076923
0 0.38461538461538464 0.3713942307692308 0.021634615384615384 0.03245192307692308
0 0.35336538461538464 0.4026442307692308 0.021634615384615384 0.03245192307692308
0 0.29447115384615385 0.3605769230769231 0.021634615384615384 0.03245192307692308
0 0.28966346153846156 0.41947115384615385 0.018028846153846152 0.03245192307692308
0 0.22115384615384615 0.40865384615384615 0.025240384615384616 0.037259615384615384
0 0.20552884615384615 0.35697115384615385 0.02403846153846154 0.03245192307692308
0 0.21033653846153846 0.4639423076923077 0.025240384615384616 0.03485576923076923
0 0.265625 0.4987980769230769 0.027644230769230768 0.04326923076923077
0 0.328125 0.49759615384615385 0.027644230769230768 0.042067307692307696
0 0.6237980769230769 0.48677884615384615 0.02403846153846154 0.040865384615384616