0 0 0 0 0
0 0.30712890625 0.561046511627907 0.0244140625 0.03924418604651163
0 0.24267578125 0.5276162790697675 0.0244140625 0.0436046511627907
0 0.1748046875 0.5392441860465116 0.021484375 0.0377906976744186
0 0.318359375 0.4331395348837209 0.021484375 0.040697674418604654
0 0.39453125 0.6090116279069767 0.021484375 0.040697674418604654
0 0.25830078125 0.3430232558139535 0.0166015625 0.029069767441860465
0 0.30712890625 0.3168604651162791 0.0185546875 0.03488372093023256
0 0.36083984375 0.3488372093023256 0.0166015625 0.029069767441860465
0 0.15478515625 0.3328488372093023 0.0185546875 0.03488372093023256
0 0.20849609375 0.313953488372093 0.0166015625 0.03343023255813953
0 0.10009765625 0.34593023255813954 0.0185546875 0.03488372093023256
0 0.03662109375 0.3226744186046512 0.0224609375 0.0377906976744186
0 0.0966796875 0.2877906976744186 0.017578125 0.029069767441860465
0 0.10888671875 0.26453488372093026 0.0185546875 0.030523255813953487
0 0.12646484375 0.2194767441860465 0.0166015625 0.029069767441860465
0 0.15771484375 0.2616279069767442 0.0146484375 0.030523255813953487
0 0.13916015625 0.29651162790697677 0.0166015625 0.029069767441860465
0 0.19091796875 0.2877906976744186 0.0166015625 0.03197674418604651
0 0.2080078125 0.2558139534883721 0.015625 0.030523255813953487
0 0.22216796875 0.24127906976744187 0.0146484375 0.02616279069767442
0 0.6513671875 0.46656976744186046 0.01953125 0.03488372093023256
0 0.6298828125 0.5523255813953488 0.0234375 0.0377906976744186
0 0.55712890625 0.5566860465116279 0.0244140625 0.040697674418604654
0 0.51171875 0.44040697674418605 0.01953125 0.03343023255813953
0 0.470703125 0.5712209302325582 0.0234375 0.04941860465116279
0 0.6591796875 0.3241279069767442 0.015625 0.030523255813953487
0 0.40576171875 0.4011627906976744 0.0224609375 0.046511627906976744
0 0.70849609375 0.32848837209302323 0.0166015625 0.03343023255813953
0 0.61328125 0.3328488372093023 0.017578125 0.029069767441860465
0 0.5576171875 0.34011627906976744 0.017578125 0.029069767441860465
0 0.505859375 0.32703488372093026 0.017578125 0.03197674418604651
0 0.4541015625 0.33430232558139533 0.015625 0.02616279069767442
0 0.40625 0.3386627906976744 0.017578125 0.03197674418604651
0 0.59375 0.29941860465116277 0.015625 0.02616279069767442
0 0.61181640625 0.2616279069767442 0.0126953125 0.023255813953488372
0 0.54638671875 0.2863372093023256 0.0146484375 0.02616279069767442
0 0.56982421875 0.26598837209302323 0.0146484375 0.02616279069767442
0 0.494140625 0.2936046511627907 0.013671875 0.02616279069767442
0 0.51611328125 0.2688953488372093 0.0146484375 0.02180232558139535
0 0.59033203125 0.24709302325581395 0.0126953125 0.023255813953488372
0 0.56884765625 0.2180232558139535 0.0126953125 0.0188953488372093
0 0.52490234375 0.2180232558139535 0.0126953125 0.0188953488372093
0 0.54345703125 0.2441860465116279 0.0126953125 0.023255813953488372
0 0.50830078125 0.23837209302325582 0.0126953125 0.02180232558139535
0 0.48876953125 0.25726744186046513 0.0126953125 0.023255813953488372
0 0.4794921875 0.24127906976744187 0.013671875 0.023255813953488372
0 0.49755859375 0.22238372093023256 0.0126953125 0.0188953488372093
0 0.6015625 0.22093023255813954 0.009765625 0.0188953488372093
0 0.3720703125 0.12645348837209303 0.01171875 0.023255813953488372
0 0.3779296875 0.22529069767441862 0.013671875 0.024709302325581394
0 0.357421875 0.2136627906976744 0.013671875 0.023255813953488372
0 0.33935546875 0.23255813953488372 0.0126953125 0.020348837209302327
0 0.32421875 0.2180232558139535 0.01171875 0.020348837209302327
0 0.30810546875 0.22238372093023256 0.0126953125 0.023255813953488372
0 0.3056640625 0.25 0.015625 0.02616279069767442
0 0.2685546875 0.21075581395348839 0.013671875 0.020348837209302327
0 0.27001953125 0.24273255813953487 0.0126953125 0.02180232558139535
0 0.2412109375 0.12354651162790697 0.013671875 0.02180232558139535
0 0.2822265625 0.14098837209302326 0.01171875 0.020348837209302327
0 0.31884765625 0.13517441860465115 0.0146484375 0.024709302325581394
0 0.26611328125 0.10901162790697674 0.0107421875 0.02180232558139535
0 0.45751953125 0.21511627906976744 0.0126953125 0.02180232558139535
0 0.44580078125 0.2441860465116279 0.0146484375 0.023255813953488372
0 0.447265625 0.28924418604651164 0.015625 0.029069767441860465
0 0.4013671875 0.29069767441860467 0.015625 0.027616279069767442
0 0.40380859375 0.25290697674418605 0.0146484375 0.024709302325581394
0 0.35546875 0.2921511627906977 0.017578125 0.027616279069767442
0 0.3564453125 0.26744186046511625 0.015625 0.024709302325581394
0 0.4228515625 0.22093023255813954 0.01171875 0.020348837209302327
0 0.416015625 0.23401162790697674 0.01171875 0.023255813953488372
0 0.310546875 0.2805232558139535 0.013671875 0.024709302325581394
0 0.25 0.2805232558139535 0.017578125 0.03197674418604651
0 0.2548828125 0.25726744186046513 0.015625 0.030523255813953487
0 0.2177734375 0.1002906976744186 0.009765625 0.02180232558139535
0 0.19287109375 0.11627906976744186 0.0126953125 0.024709302325581394
0 0.40771484375 0.12209302325581395 0.0126953125 0.02180232558139535
0 0.294921875 0.06395348837209303 0.013671875 0.02616279069767442
0 0.40576171875 0.08284883720930232 0.0107421875 0.020348837209302327
0 0.384765625 0.07848837209302326 0.01171875 0.02180232558139535
0 0.4453125 0.061046511627906974 0.009765625 0.02180232558139535
0 0.640625 0.17005813953488372 0.009765625 0.024709302325581394
0 0.59619140625 0.15261627906976744 0.0126953125 0.02180232558139535
0 0.55029296875 0.14970930232558138 0.0107421875 0.02180232558139535
0 0.49462890625 0.10174418604651163 0.0126953125 0.02180232558139535
0 0.5078125 0.14244186046511628 0.01171875 0.020348837209302327
0 0.7958984375 0.28343023255813954 0.017578125 0.03343023255813953
0 0.68798828125 0.2877906976744186 0.0146484375 0.024709302325581394
0 0.66259765625 0.2558139534883721 0.0126953125 0.024709302325581394
0 0.640625 0.2877906976744186 0.015625 0.023255813953488372
0 0.63525390625 0.24127906976744187 0.0126953125 0.020348837209302327
0 0.1787109375 0.23255813953488372 0.013671875 0.02616279069767442