0 0.015625 0.27884615384615385 0.030048076923076924 0.056490384615384616
0 0.10697115384615384 0.25 0.04447115384615385 0.0829326923076923
0 0.2980769230769231 0.2439903846153846 0.04326923076923077 0.08052884615384616
0 0.27524038461538464 0.3245192307692308 0.040865384615384616 0.10817307692307693
0 0.4266826923076923 0.37740384615384615 0.06370192307692307 0.12980769230769232
0 0.4855769230769231 0.2980769230769231 0.019230769230769232 0.038461538461538464
0 0.49278846153846156 0.33774038461538464 0.028846153846153848 0.051682692307692304
0 0.4050480769230769 0.29447115384615385 0.026442307692307692 0.04326923076923077
0 0.5649038461538461 0.34375 0.015625 0.021634615384615384
0 0.5925480769230769 0.3401442307692308 0.021634615384615384 0.038461538461538464
0 0.6081730769230769 0.3942307692307692 0.039663461538461536 0.08052884615384616
0 0.7163461538461539 0.33413461538461536 0.019230769230769232 0.03365384615384615
0 0.7524038461538461 0.34975961538461536 0.046875 0.07211538461538461
0 0.8149038461538461 0.36177884615384615 0.06490384615384616 0.12980769230769232
0 0.8858173076923077 0.34375 0.013221153846153846 0.030048076923076924
0 0.9026442307692307 0.35096153846153844 0.013221153846153846 0.026442307692307692
0 0.9543269230769231 0.3473557692307692 0.019230769230769232 0.03245192307692308
0 0.9879807692307693 0.359375 0.021634615384615384 0.040865384615384616
0 0.18509615384615385 0.33653846153846156 0.026442307692307692 0.04447115384615385
0 0.15745192307692307 0.28125 0.016826923076923076 0.03125