0 0.0985576923076923 0.35096153846153844 0.04447115384615385 0.08052884615384616
0 0.17427884615384615 0.33052884615384615 0.036057692307692304 0.06850961538461539
0 0.24278846153846154 0.28966346153846156 0.03365384615384615 0.06971153846153846
0 0.31009615384615385 0.3269230769230769 0.03245192307692308 0.05889423076923077
0 0.35096153846153844 0.34134615384615385 0.028846153846153848 0.05889423076923077
0 0.41586538461538464 0.3293269230769231 0.030048076923076924 0.046875
0 0.4375 0.38221153846153844 0.03245192307692308 0.06129807692307692
0 0.46875 0.32211538461538464 0.028846153846153848 0.04927884615384615
0 0.5144230769230769 0.3293269230769231 0.03365384615384615 0.06129807692307692
0 0.5492788461538461 0.3088942307692308 0.026442307692307692 0.057692307692307696
0 0.5925480769230769 0.3329326923076923 0.03365384615384615 0.0625
0 0.6165865384615384 0.28966346153846156 0.026442307692307692 0.046875
0 0.6442307692307693 0.3425480769230769 0.028846153846153848 0.057692307692307696
0 0.6995192307692307 0.3137019230769231 0.028846153846153848 0.06129807692307692
0 0.7560096153846154 0.3233173076923077 0.030048076923076924 0.06490384615384616
0 0.8365384615384616 0.31490384615384615 0.03485576923076923 0.06850961538461539
0 0.71875 0.5817307692307693 0.038461538461538464 0.0733173076923077
0 0.6382211538461539 0.4891826923076923 0.03365384615384615 0.06610576923076923
0 0.5492788461538461 0.4651442307692308 0.03365384615384615 0.0673076923076923
0 0.47475961538461536 0.5865384615384616 0.03365384615384615 0.06009615384615385
0 0.3942307692307692 0.4963942307692308 0.036057692307692304 0.06610576923076923
0 0.3076923076923077 0.5084134615384616 0.03485576923076923 0.0625
0 0.203125 0.5925480769230769 0.040865384615384616 0.07932692307692307