0 0.22956730769230768 0.3088942307692308 0.03485576923076923 0.05048076923076923
0 0.1201923076923077 0.3605769230769231 0.03365384615384615 0.06009615384615385
0 0.3125 0.35096153846153844 0.028846153846153848 0.04807692307692308
0 0.3762019230769231 0.30649038461538464 0.03485576923076923 0.055288461538461536
0 0.8100961538461539 0.5625 0.039663461538461536 0.05889423076923077
0 0.7091346153846154 0.5480769230769231 0.038461538461538464 0.057692307692307696
0 0.9098557692307693 0.46153846153846156 0.037259615384615384 0.05889423076923077
0 0.8930288461538461 0.31490384615384615 0.037259615384615384 0.057692307692307696
0 0.8497596153846154 0.33653846153846156 0.03365384615384615 0.055288461538461536
0 0.8028846153846154 0.328125 0.028846153846153848 0.05048076923076923
0 0.7560096153846154 0.3137019230769231 0.03365384615384615 0.055288461538461536
0 0.7259615384615384 0.38461538461538464 0.036057692307692304 0.05048076923076923
0 0.7007211538461539 0.2848557692307692 0.03125 0.051682692307692304
0 0.6286057692307693 0.3293269230769231 0.037259615384615384 0.055288461538461536
0 0.5733173076923077 0.33052884615384615 0.03365384615384615 0.051682692307692304
0 0.6033653846153846 0.29927884615384615 0.028846153846153848 0.054086538461538464
0 0.49038461538461536 0.29086538461538464 0.03245192307692308 0.055288461538461536
0 0.45072115384615385 0.32211538461538464 0.03485576923076923 0.05048076923076923
0 0.4651442307692308 0.4723557692307692 0.036057692307692304 0.06129807692307692
0 0.5913461538461539 0.5204326923076923 0.037259615384615384 0.056490384615384616
0 0.3545673076923077 0.515625 0.042067307692307696 0.06850961538461539
0 0.25841346153846156 0.4987980769230769 0.03245192307692308 0.056490384615384616
0 0.171875 0.4987980769230769 0.042067307692307696 0.06009615384615385
0 0.16105769230769232 0.38100961538461536 0.030048076923076924 0.04567307692307692
0 0.24759615384615385 0.140625 0.026442307692307692 0.03125