0 0.796875 0.7331730769230769 0.16706730769230768 0.36538461538461536
0 0.8209134615384616 0.38341346153846156 0.05889423076923077 0.11298076923076923
0 0.9819711538461539 0.30649038461538464 0.019230769230769232 0.03245192307692308
0 0.9447115384615384 0.30408653846153844 0.013221153846153846 0.025240384615384616
0 0.9014423076923077 0.3161057692307692 0.013221153846153846 0.019230769230769232
0 0.8942307692307693 0.38461538461538464 0.019230769230769232 0.03485576923076923
0 0.9423076923076923 0.38100961538461536 0.013221153846153846 0.02283653846153846
0 0.7211538461538461 0.35096153846153844 0.013221153846153846 0.02283653846153846
0 0.7475961538461539 0.32572115384615385 0.013221153846153846 0.016826923076923076
0 0.9146634615384616 0.32572115384615385 0.008413461538461538 0.018028846153846152
0 0.5661057692307693 0.4326923076923077 0.03365384615384615 0.042067307692307696
0 0.40865384615384615 0.4014423076923077 0.03485576923076923 0.054086538461538464
0 0.3112980769230769 0.39903846153846156 0.03245192307692308 0.06610576923076923
0 0.15504807692307693 0.45552884615384615 0.030048076923076924 0.04927884615384615
0 0.21394230769230768 0.421875 0.019230769230769232 0.03245192307692308
0 0.10336538461538461 0.44591346153846156 0.028846153846153848 0.04567307692307692
0 0.11658653846153846 0.38100961538461536 0.02403846153846154 0.04447115384615385
0 0.04807692307692308 0.4014423076923077 0.027644230769230768 0.040865384615384616
0 0.018028846153846152 0.40865384615384615 0.02283653846153846 0.037259615384615384
0 0.038461538461538464 0.5024038461538461 0.018028846153846152 0.03245192307692308
0 0.021634615384615384 0.4579326923076923 0.02283653846153846 0.028846153846153848
0 0.12980769230769232 0.390625 0.018028846153846152 0.03125
0 0.14783653846153846 0.40625 0.014423076923076924 0.025240384615384616
0 0.19951923076923078 0.3870192307692308 0.013221153846153846 0.02283653846153846
0 0.20072115384615385 0.4567307692307692 0.010817307692307692 0.03125
0 0.008413461538461538 0.5372596153846154 0.016826923076923076 0.05048076923076923
0 0.8798076923076923 0.3329326923076923 0.013221153846153846 0.025240384615384616