0 0.07211538461538461 0.5793269230769231 0.02283653846153846 0.052884615384615384
0 0.11778846153846154 0.578125 0.025240384615384616 0.056490384615384616
0 0.1778846153846154 0.5841346153846154 0.02403846153846154 0.052884615384615384
0 0.23317307692307693 0.578125 0.02403846153846154 0.05048076923076923
0 0.2920673076923077 0.5997596153846154 0.02403846153846154 0.046875
0 0.18269230769230768 0.43990384615384615 0.020432692307692308 0.04447115384615385
0 0.23918269230769232 0.4567307692307692 0.019230769230769232 0.04807692307692308
0 0.2800480769230769 0.47115384615384615 0.019230769230769232 0.04447115384615385
0 0.3317307692307692 0.46875 0.018028846153846152 0.04447115384615385
0 0.3473557692307692 0.59375 0.02283653846153846 0.04807692307692308
0 0.40625 0.6298076923076923 0.02283653846153846 0.04807692307692308
0 0.46634615384615385 0.6033653846153846 0.02403846153846154 0.056490384615384616
0 0.5180288461538461 0.6045673076923077 0.02403846153846154 0.054086538461538464
0 0.38461538461538464 0.47115384615384615 0.019230769230769232 0.04326923076923077
0 0.43990384615384615 0.46875 0.021634615384615384 0.05048076923076923
0 0.49278846153846156 0.46153846153846156 0.019230769230769232 0.04807692307692308
0 0.5528846153846154 0.47115384615384615 0.021634615384615384 0.04447115384615385
0 0.6069711538461539 0.47475961538461536 0.020432692307692308 0.04447115384615385
0 0.6490384615384616 0.4723557692307692 0.021634615384615384 0.052884615384615384
0 0.5829326923076923 0.6153846153846154 0.02283653846153846 0.054086538461538464
0 0.6430288461538461 0.6129807692307693 0.02403846153846154 0.056490384615384616
0 0.7055288461538461 0.6201923076923077 0.025240384615384616 0.05889423076923077
0 0.7752403846153846 0.6225961538461539 0.025240384615384616 0.054086538461538464
0 0.16947115384615385 0.20793269230769232 0.020432692307692308 0.04326923076923077
0 0.21514423076923078 0.12620192307692307 0.018028846153846152 0.04326923076923077
0 0.23557692307692307 0.21634615384615385 0.021634615384615384 0.04447115384615385
0 0.2548076923076923 0.17548076923076922 0.018028846153846152 0.040865384615384616
0 0.28725961538461536 0.14783653846153846 0.018028846153846152 0.040865384615384616
0 0.2980769230769231 0.22355769230769232 0.019230769230769232 0.04447115384615385
0 0.31971153846153844 0.16947115384615385 0.018028846153846152 0.04447115384615385
0 0.34615384615384615 0.13221153846153846 0.018028846153846152 0.04447115384615385
0 0.3713942307692308 0.18629807692307693 0.020432692307692308 0.056490384615384616
0 0.38822115384615385 0.15985576923076922 0.018028846153846152 0.046875
0 0.41225961538461536 0.1346153846153846 0.018028846153846152 0.04447115384615385
0 0.43509615384615385 0.19230769230769232 0.019230769230769232 0.046875
0 0.4639423076923077 0.15384615384615385 0.018028846153846152 0.05048076923076923
0 0.49759615384615385 0.20192307692307693 0.021634615384615384 0.04447115384615385
0 0.5108173076923077 0.14423076923076922 0.020432692307692308 0.05048076923076923
0 0.5360576923076923 0.15745192307692307 0.020432692307692308 0.046875
0 0.5757211538461539 0.14423076923076922 0.018028846153846152 0.04326923076923077
0 0.578125 0.21995192307692307 0.020432692307692308 0.052884615384615384
0 0.5901442307692307 0.17548076923076922 0.016826923076923076 0.04447115384615385
0 0.6177884615384616 0.20432692307692307 0.020432692307692308 0.04326923076923077
0 0.6358173076923077 0.17908653846153846 0.018028846153846152 0.04326923076923077
0 0.6514423076923077 0.1658653846153846 0.016826923076923076 0.040865384615384616
0 0.6574519230769231 0.20192307692307693 0.020432692307692308 0.04807692307692308
0 0.6826923076923077 0.17548076923076922 0.018028846153846152 0.04326923076923077
0 0.6983173076923077 0.13221153846153846 0.019230769230769232 0.04447115384615385
0 0.7091346153846154 0.19831730769230768 0.020432692307692308 0.040865384615384616
0 0.6875 0.2668269230769231 0.020432692307692308 0.054086538461538464
0 0.7127403846153846 0.2644230769230769 0.02403846153846154 0.054086538461538464
0 0.7403846153846154 0.20793269230769232 0.02283653846153846 0.054086538461538464
0 0.734375 0.16105769230769232 0.020432692307692308 0.046875
0 0.7584134615384616 0.25721153846153844 0.021634615384615384 0.052884615384615384
0 0.7800480769230769 0.20793269230769232 0.019230769230769232 0.046875
0 0.796875 0.17548076923076922 0.018028846153846152 0.04447115384615385
0 0.796875 0.2512019230769231 0.02283653846153846 0.04807692307692308
0 0.8100961538461539 0.30408653846153844 0.02403846153846154 0.04807692307692308
0 0.8221153846153846 0.21995192307692307 0.020432692307692308 0.046875
0 0.8389423076923077 0.2860576923076923 0.02283653846153846 0.054086538461538464
0 0.8677884615384616 0.28846153846153844 0.02283653846153846 0.04447115384615385
0 0.8942307692307693 0.29927884615384615 0.02403846153846154 0.05048076923076923
0 0.9242788461538461 0.3293269230769231 0.030048076923076924 0.06370192307692307
0 0.8834134615384616 0.35216346153846156 0.02403846153846154 0.052884615384615384
0 0.8425480769230769 0.40024038461538464 0.026442307692307692 0.052884615384615384