0 0 0 0 0
0 0.87841796875 0.15846994535519127 0.0478515625 0.08333333333333333
0 0.80615234375 0.23224043715846995 0.0400390625 0.07923497267759563
0 0.61767578125 0.3770491803278688 0.0341796875 0.06284153005464481
0 0.54638671875 0.29508196721311475 0.0341796875 0.06420765027322405
0 0.4794921875 0.46174863387978143 0.03125 0.05737704918032787
0 0.41064453125 0.412568306010929 0.0322265625 0.060109289617486336
0 0.31982421875 0.296448087431694 0.0361328125 0.06420765027322405
0 0.244140625 0.3005464480874317 0.03515625 0.06967213114754098
0 0.18017578125 0.296448087431694 0.0400390625 0.06967213114754098
0 0.12548828125 0.19262295081967212 0.0517578125 0.0942622950819672
0 0.72119140625 0.22131147540983606 0.0439453125 0.0778688524590164