0 0.12259615384615384 0.2860576923076923 0.042067307692307696 0.0829326923076923
0 0.019230769230769232 0.3870192307692308 0.021634615384615384 0.08533653846153846
0 0.3245192307692308 0.3485576923076923 0.040865384615384616 0.08653846153846154
0 0.2980769230769231 0.28846153846153844 0.018028846153846152 0.051682692307692304
0 0.31971153846153844 0.22235576923076922 0.013221153846153846 0.04567307692307692
0 0.36177884615384615 0.23677884615384615 0.019230769230769232 0.040865384615384616
0 0.4014423076923077 0.2692307692307692 0.02283653846153846 0.04447115384615385
0 0.4423076923076923 0.25600961538461536 0.010817307692307692 0.037259615384615384
0 0.40865384615384615 0.36899038461538464 0.02403846153846154 0.06850961538461539
0 0.5096153846153846 0.34615384615384615 0.039663461538461536 0.08653846153846154
0 0.5060096153846154 0.2283653846153846 0.018028846153846152 0.040865384615384616
0 0.5336538461538461 0.3137019230769231 0.025240384615384616 0.05889423076923077
0 0.6358173076923077 0.25600961538461536 0.026442307692307692 0.046875
0 0.6610576923076923 0.2283653846153846 0.018028846153846152 0.04447115384615385
0 0.7319711538461539 0.234375 0.020432692307692308 0.046875
0 0.8125 0.2980769230769231 0.02283653846153846 0.054086538461538464
0 0.9098557692307693 0.31971153846153844 0.016826923076923076 0.04927884615384615
0 0.9206730769230769 0.53125 0.054086538461538464 0.10096153846153846
0 0.6466346153846154 0.39783653846153844 0.03125 0.11538461538461539
0 0.515625 0.5973557692307693 0.07091346153846154 0.18870192307692307
0 0.7716346153846154 0.3425480769230769 0.03365384615384615 0.07451923076923077
0 0.7055288461538461 0.3701923076923077 0.03365384615384615 0.08653846153846154