0 0.08173076923076923 0.28365384615384615 0.030048076923076924 0.0625
0 0.028846153846153848 0.32091346153846156 0.030048076923076924 0.0625
0 0.12379807692307693 0.3076923076923077 0.026442307692307692 0.06009615384615385
0 0.15625 0.33533653846153844 0.028846153846153848 0.0625
0 0.171875 0.2620192307692308 0.026442307692307692 0.052884615384615384
0 0.20072115384615385 0.3112980769230769 0.028846153846153848 0.057692307692307696
0 0.23197115384615385 0.35697115384615385 0.027644230769230768 0.06129807692307692
0 0.25721153846153844 0.2608173076923077 0.02403846153846154 0.046875
0 0.28725961538461536 0.2980769230769231 0.02403846153846154 0.04567307692307692
0 0.27524038461538464 0.3425480769230769 0.026442307692307692 0.052884615384615384
0 0.33052884615384615 0.27884615384615385 0.02403846153846154 0.057692307692307696
0 0.36778846153846156 0.2764423076923077 0.02403846153846154 0.046875
0 0.40384615384615385 0.2608173076923077 0.02403846153846154 0.06129807692307692
0 0.3713942307692308 0.33653846153846156 0.025240384615384616 0.052884615384615384
0 0.3016826923076923 0.46274038461538464 0.026442307692307692 0.056490384615384616
0 0.5096153846153846 0.18509615384615385 0.02283653846153846 0.046875
0 0.5721153846153846 0.20072115384615385 0.020432692307692308 0.046875
0 0.4483173076923077 0.28365384615384615 0.021634615384615384 0.05048076923076923
0 0.4951923076923077 0.29086538461538464 0.02283653846153846 0.04807692307692308
0 0.46274038461538464 0.33052884615384615 0.027644230769230768 0.052884615384615384
0 0.515625 0.33774038461538464 0.02403846153846154 0.051682692307692304
0 0.5817307692307693 0.27163461538461536 0.02403846153846154 0.057692307692307696
0 0.5588942307692307 0.3425480769230769 0.025240384615384616 0.055288461538461536
0 0.5985576923076923 0.3269230769230769 0.02403846153846154 0.051682692307692304
0 0.6225961538461539 0.3545673076923077 0.025240384615384616 0.04807692307692308
0 0.7163461538461539 0.25240384615384615 0.021634615384615384 0.04567307692307692
0 0.7560096153846154 0.27403846153846156 0.02403846153846154 0.046875
0 0.6694711538461539 0.27403846153846156 0.021634615384615384 0.04567307692307692
0 0.7139423076923077 0.3088942307692308 0.02283653846153846 0.04807692307692308
0 0.671875 0.3401442307692308 0.026442307692307692 0.052884615384615384
0 0.6935096153846154 0.3798076923076923 0.027644230769230768 0.055288461538461536
0 0.75 0.3918269230769231 0.027644230769230768 0.056490384615384616
0 0.9615384615384616 0.5120192307692307 0.010817307692307692 0.025240384615384616
0 0.9603365384615384 0.46875 0.007211538461538462 0.015625
0 0.9627403846153846 0.5793269230769231 0.028846153846153848 0.06971153846153846
0 0.8918269230769231 0.3401442307692308 0.028846153846153848 0.051682692307692304
0 0.8197115384615384 0.34975961538461536 0.028846153846153848 0.057692307692307696
0 0.8545673076923077 0.5540865384615384 0.030048076923076924 0.0673076923076923
0 0.7139423076923077 0.5973557692307693 0.028846153846153848 0.056490384615384616
0 0.6550480769230769 0.6213942307692307 0.025240384615384616 0.057692307692307696
0 0.5973557692307693 0.6105769230769231 0.027644230769230768 0.06009615384615385
0 0.53125 0.5829326923076923 0.027644230769230768 0.055288461538461536
0 0.4723557692307692 0.5252403846153846 0.027644230769230768 0.056490384615384616
0 0.3449519230769231 0.5300480769230769 0.026442307692307692 0.04807692307692308
0 0.40024038461538464 0.6225961538461539 0.026442307692307692 0.055288461538461536
0 0.4519230769230769 0.6634615384615384 0.030048076923076924 0.06009615384615385
0 0.21153846153846154 0.6105769230769231 0.03245192307692308 0.06009615384615385
0 0.3161057692307692 0.6430288461538461 0.028846153846153848 0.06009615384615385