0 0.013221153846153846 0.06610576923076923 0.025240384615384616 0.0673076923076923
0 0.13341346153846154 0.014423076923076924 0.036057692307692304 0.027644230769230768
0 0.24879807692307693 0.06850961538461539 0.03365384615384615 0.07211538461538461
0 0.008413461538461538 0.22355769230769232 0.016826923076923076 0.057692307692307696
0 0.02403846153846154 0.3713942307692308 0.021634615384615384 0.04447115384615385
0 0.14543269230769232 0.4411057692307692 0.056490384615384616 0.09254807692307693
0 0.23197115384615385 0.3076923076923077 0.025240384615384616 0.05889423076923077
0 0.2860576923076923 0.3293269230769231 0.05048076923076923 0.10216346153846154
0 0.32091346153846156 0.22716346153846154 0.025240384615384616 0.057692307692307696
0 0.3329326923076923 0.0733173076923077 0.03125 0.06009615384615385
0 0.4567307692307692 0.014423076923076924 0.03365384615384615 0.027644230769230768
0 0.5733173076923077 0.06971153846153846 0.037259615384615384 0.07451923076923077
0 0.6586538461538461 0.07211538461538461 0.037259615384615384 0.0673076923076923
0 0.6442307692307693 0.24278846153846154 0.028846153846153848 0.054086538461538464
0 0.5060096153846154 0.29447115384615385 0.05048076923076923 0.0889423076923077
0 0.5492788461538461 0.3233173076923077 0.03125 0.06490384615384616
0 0.6490384615384616 0.4026442307692308 0.05048076923076923 0.10697115384615384
0 0.7632211538461539 0.4879807692307692 0.07572115384615384 0.13942307692307693
0 0.9122596153846154 0.3557692307692308 0.038461538461538464 0.07211538461538461
0 0.9471153846153846 0.06610576923076923 0.046875 0.08533653846153846