0 0.04567307692307692 0.5444711538461539 0.020432692307692308 0.046875
0 0.037259615384615384 0.5180288461538461 0.016826923076923076 0.040865384615384616
0 0.06971153846153846 0.546875 0.028846153846153848 0.055288461538461536
0 0.125 0.5324519230769231 0.02403846153846154 0.039663461538461536
0 0.15985576923076922 0.5408653846153846 0.019230769230769232 0.042067307692307696
0 0.18389423076923078 0.5673076923076923 0.02283653846153846 0.046875
0 0.21754807692307693 0.5576923076923077 0.020432692307692308 0.04447115384615385
0 0.21033653846153846 0.5276442307692307 0.018028846153846152 0.040865384615384616
0 0.22596153846153846 0.6790865384615384 0.025240384615384616 0.051682692307692304
0 0.2668269230769231 0.5444711538461539 0.02283653846153846 0.04447115384615385
0 0.3112980769230769 0.53125 0.021634615384615384 0.046875
0 0.3016826923076923 0.7223557692307693 0.027644230769230768 0.051682692307692304
0 0.3641826923076923 0.5360576923076923 0.020432692307692308 0.046875
0 0.390625 0.546875 0.018028846153846152 0.038461538461538464
0 0.41466346153846156 0.5576923076923077 0.02283653846153846 0.04567307692307692
0 0.4423076923076923 0.546875 0.018028846153846152 0.039663461538461536
0 0.49278846153846156 0.5540865384615384 0.02403846153846154 0.04447115384615385
0 0.45552884615384615 0.7560096153846154 0.025240384615384616 0.054086538461538464
0 0.5889423076923077 0.7259615384615384 0.021634615384615384 0.046875
0 0.6526442307692307 0.7211538461538461 0.025240384615384616 0.052884615384615384
0 0.515625 0.5516826923076923 0.019230769230769232 0.04447115384615385
0 0.5588942307692307 0.5576923076923077 0.025240384615384616 0.051682692307692304
0 0.5949519230769231 0.5685096153846154 0.02403846153846154 0.04567307692307692
0 0.6201923076923077 0.5216346153846154 0.02403846153846154 0.04567307692307692
0 0.6310096153846154 0.49278846153846156 0.02403846153846154 0.04447115384615385
0 0.6550480769230769 0.5192307692307693 0.025240384615384616 0.042067307692307696
0 0.7319711538461539 0.5108173076923077 0.02403846153846154 0.04567307692307692
0 0.765625 0.5132211538461539 0.02283653846153846 0.04927884615384615
0 0.796875 0.4951923076923077 0.02283653846153846 0.039663461538461536
0 0.7944711538461539 0.5576923076923077 0.02403846153846154 0.054086538461538464
0 0.8233173076923077 0.5180288461538461 0.026442307692307692 0.051682692307692304
0 0.8701923076923077 0.49399038461538464 0.025240384615384616 0.04807692307692308
0 0.9206730769230769 0.5288461538461539 0.025240384615384616 0.04807692307692308
0 0.9483173076923077 0.5396634615384616 0.02403846153846154 0.046875