0 0.19591346153846154 0.28725961538461536 0.057692307692307696 0.07572115384615384
0 0.2692307692307692 0.28725961538461536 0.04447115384615385 0.06610576923076923
0 0.4098557692307692 0.28125 0.046875 0.078125
0 0.5240384615384616 0.28365384615384615 0.042067307692307696 0.07451923076923077
0 0.5769230769230769 0.24158653846153846 0.038461538461538464 0.057692307692307696
0 0.6790865384615384 0.3076923076923077 0.042067307692307696 0.0625
0 0.7524038461538461 0.3004807692307692 0.038461538461538464 0.056490384615384616
0 0.8161057692307693 0.32091346153846156 0.040865384615384616 0.06490384615384616
0 0.9194711538461539 0.31490384615384615 0.04447115384615385 0.06009615384615385
0 0.6766826923076923 0.15625 0.013221153846153846 0.02403846153846154
0 0.6826923076923077 0.11778846153846154 0.004807692307692308 0.01201923076923077
0 0.6730769230769231 0.09975961538461539 0.006009615384615385 0.01201923076923077
0 0.6586538461538461 0.09495192307692307 0.006009615384615385 0.01201923076923077
0 0.640625 0.1045673076923077 0.007211538461538462 0.01201923076923077
0 0.6274038461538461 0.09615384615384616 0.006009615384615385 0.01201923076923077
0 0.6081730769230769 0.09375 0.007211538461538462 0.013221153846153846
0 0.5877403846153846 0.13581730769230768 0.007211538461538462 0.013221153846153846
0 0.5805288461538461 0.13822115384615385 0.006009615384615385 0.013221153846153846
0 0.5949519230769231 0.09735576923076923 0.007211538461538462 0.009615384615384616
0 0.5805288461538461 0.1045673076923077 0.006009615384615385 0.01201923076923077
0 0.5625 0.10096153846153846 0.007211538461538462 0.013221153846153846
0 0.4519230769230769 0.08533653846153846 0.007211538461538462 0.014423076923076924
0 0.4387019230769231 0.08533653846153846 0.004807692307692308 0.013221153846153846
0 0.42427884615384615 0.08173076923076923 0.007211538461538462 0.01201923076923077
0 0.4074519230769231 0.07932692307692307 0.008413461538461538 0.010817307692307692
0 0.30408653846153844 0.09254807692307693 0.007211538461538462 0.014423076923076924
0 0.5072115384615384 0.0829326923076923 0.006009615384615385 0.010817307692307692
0 0.5252403846153846 0.1045673076923077 0.007211538461538462 0.009615384615384616
0 0.3918269230769231 0.08052884615384616 0.008413461538461538 0.01201923076923077
0 0.35216346153846156 0.09975961538461539 0.008413461538461538 0.016826923076923076
0 0.31009615384615385 0.12620192307692307 0.008413461538461538 0.014423076923076924
0 0.3701923076923077 0.09134615384615384 0.009615384615384616 0.015625
0 0.6069711538461539 0.11899038461538461 0.007211538461538462 0.01201923076923077