0 0 0 0 0
0 0.67333984375 0.6285714285714286 0.0146484375 0.029931972789115645
0 0.6552734375 0.2639455782312925 0.0859375 0.17006802721088435
0 0.83447265625 0.39591836734693875 0.0166015625 0.02312925170068027
0 0.88916015625 0.45170068027210886 0.0166015625 0.02312925170068027
0 0.79833984375 0.5727891156462585 0.0224609375 0.034013605442176874
0 0.8251953125 0.6530612244897959 0.01953125 0.04353741496598639
0 0.37744140625 0.36462585034013606 0.1708984375 0.33741496598639453
0 0.07861328125 0.43673469387755104 0.0166015625 0.029931972789115645
0 0.13720703125 0.43537414965986393 0.0166015625 0.024489795918367346
0 0.16552734375 0.5877551020408164 0.0166015625 0.029931972789115645
0 0.16455078125 0.6789115646258503 0.0146484375 0.01904761904761905
0 0.25927734375 0.6190476190476191 0.0146484375 0.021768707482993196
0 0.240234375 0.6639455782312925 0.021484375 0.03945578231292517
0 0.38916015625 0.580952380952381 0.0185546875 0.04217687074829932
0 0.59912109375 0.5727891156462585 0.0185546875 0.031292517006802724
0 0.64453125 0.6530612244897959 0.01953125 0.03945578231292517