0 0 0 0 0
0 0.11474609375 0.38382352941176473 0.0224609375 0.04264705882352941
0 0.2646484375 0.33676470588235297 0.03515625 0.06911764705882353
0 0.38525390625 0.40588235294117647 0.0205078125 0.033823529411764704
0 0.47705078125 0.38823529411764707 0.0244140625 0.04411764705882353
0 0.64013671875 0.3205882352941177 0.0361328125 0.07794117647058824
0 0.56689453125 0.4588235294117647 0.0146484375 0.020588235294117647
0 0.77099609375 0.425 0.0126953125 0.033823529411764704
0 0.75634765625 0.4470588235294118 0.0126953125 0.025
0 0.765625 0.475 0.01171875 0.020588235294117647
0 0.85400390625 0.3779411764705882 0.0224609375 0.03823529411764706
0 0.90625 0.3941176470588235 0.0234375 0.039705882352941174