0 0.36538461538461536 0.9651442307692307 0.006009615384615385 0.009615384615384616
0 0.421875 0.9122596153846154 0.007211538461538462 0.01201923076923077
0 0.5204326923076923 0.9194711538461539 0.007211538461538462 0.010817307692307692
0 0.49158653846153844 0.8449519230769231 0.007211538461538462 0.01201923076923077
0 0.5060096153846154 0.8149038461538461 0.006009615384615385 0.009615384615384616
0 0.4110576923076923 0.8425480769230769 0.006009615384615385 0.007211538461538462
0 0.4050480769230769 0.8461538461538461 0.004807692307692308 0.007211538461538462
0 0.3269230769230769 0.8918269230769231 0.007211538461538462 0.01201923076923077
0 0.41225961538461536 0.8149038461538461 0.007211538461538462 0.010817307692307692
0 0.4050480769230769 0.8137019230769231 0.004807692307692308 0.007211538461538462
0 0.34615384615384615 0.7956730769230769 0.006009615384615385 0.009615384615384616
0 0.29927884615384615 0.7860576923076923 0.006009615384615385 0.010817307692307692
0 0.2439903846153846 0.7367788461538461 0.007211538461538462 0.009615384615384616
0 0.25 0.6935096153846154 0.004807692307692308 0.009615384615384616
0 0.31009615384615385 0.703125 0.006009615384615385 0.009615384615384616
0 0.3701923076923077 0.6694711538461539 0.003605769230769231 0.009615384615384616
0 0.3701923076923077 0.7319711538461539 0.006009615384615385 0.009615384615384616
0 0.3629807692307692 0.6286057692307693 0.006009615384615385 0.006009615384615385
0 0.3245192307692308 0.6586538461538461 0.004807692307692308 0.006009615384615385
0 0.33774038461538464 0.6298076923076923 0.004807692307692308 0.004807692307692308
0 0.34375 0.6346153846153846 0.004807692307692308 0.007211538461538462
0 0.3161057692307692 0.6274038461538461 0.004807692307692308 0.006009615384615385
0 0.24639423076923078 0.5817307692307693 0.004807692307692308 0.006009615384615385
0 0.17427884615384615 0.5733173076923077 0.006009615384615385 0.007211538461538462
0 0.20793269230769232 0.5685096153846154 0.004807692307692308 0.006009615384615385
0 0.2644230769230769 0.5997596153846154 0.006009615384615385 0.006009615384615385
0 0.28725961538461536 0.6153846153846154 0.004807692307692308 0.01201923076923077
0 0.296875 0.5853365384615384 0.004807692307692308 0.007211538461538462
0 0.2860576923076923 0.5877403846153846 0.003605769230769231 0.007211538461538462
0 0.30408653846153844 0.6237980769230769 0.004807692307692308 0.007211538461538462
0 0.3088942307692308 0.6177884615384616 0.003605769230769231 0.007211538461538462
0 0.30408653846153844 0.609375 0.003605769230769231 0.007211538461538462
0 0.30649038461538464 0.6105769230769231 0.003605769230769231 0.007211538461538462
0 0.31490384615384615 0.609375 0.004807692307692308 0.007211538461538462
0 0.3581730769230769 0.5576923076923077 0.003605769230769231 0.006009615384615385
0 0.3641826923076923 0.5685096153846154 0.004807692307692308 0.007211538461538462
0 0.32211538461538464 0.5384615384615384 0.004807692307692308 0.006009615384615385
0 0.3125 0.5348557692307693 0.004807692307692308 0.004807692307692308
0 0.3161057692307692 0.5324519230769231 0.003605769230769231 0.004807692307692308
0 0.31850961538461536 0.5264423076923077 0.003605769230769231 0.006009615384615385
0 0.33653846153846156 0.5216346153846154 0.003605769230769231 0.004807692307692308
0 0.33052884615384615 0.515625 0.002403846153846154 0.004807692307692308
0 0.31009615384615385 0.5132211538461539 0.003605769230769231 0.004807692307692308
0 0.3076923076923077 0.5204326923076923 0.004807692307692308 0.004807692307692308
0 0.28365384615384615 0.44350961538461536 0.003605769230769231 0.004807692307692308
0 0.28846153846153844 0.4375 0.004807692307692308 0.004807692307692308
0 0.24278846153846154 0.4411057692307692 0.003605769230769231 0.006009615384615385
0 0.23798076923076922 0.4170673076923077 0.003605769230769231 0.004807692307692308
0 0.25 0.5384615384615384 0.004807692307692308 0.006009615384615385
0 0.2548076923076923 0.53125 0.002403846153846154 0.006009615384615385
0 0.20673076923076922 0.515625 0.004807692307692308 0.004807692307692308
0 0.20192307692307693 0.515625 0.003605769230769231 0.006009615384615385
0 0.15384615384615385 0.5012019230769231 0.004807692307692308 0.007211538461538462
0 0.19831730769230768 0.49759615384615385 0.003605769230769231 0.004807692307692308
0 0.23557692307692307 0.49399038461538464 0.003605769230769231 0.004807692307692308
0 0.24158653846153846 0.5 0.004807692307692308 0.006009615384615385
0 0.24639423076923078 0.5144230769230769 0.003605769230769231 0.006009615384615385
0 0.2127403846153846 0.47836538461538464 0.003605769230769231 0.006009615384615385
0 0.21634615384615385 0.4735576923076923 0.004807692307692308 0.007211538461538462
0 0.18990384615384615 0.4963942307692308 0.003605769230769231 0.006009615384615385
0 0.1935096153846154 0.484375 0.004807692307692308 0.006009615384615385
0 0.18028846153846154 0.47475961538461536 0.006009615384615385 0.006009615384615385
0 0.2091346153846154 0.46274038461538464 0.003605769230769231 0.006009615384615385
0 0.21394230769230768 0.4423076923076923 0.004807692307692308 0.006009615384615385
0 0.2127403846153846 0.4326923076923077 0.002403846153846154 0.004807692307692308
0 0.17908653846153846 0.45552884615384615 0.003605769230769231 0.006009615384615385
0 0.17427884615384615 0.4483173076923077 0.006009615384615385 0.006009615384615385
0 0.18028846153846154 0.44350961538461536 0.006009615384615385 0.007211538461538462
0 0.5240384615384616 0.6995192307692307 0.006009615384615385 0.01201923076923077
0 0.46634615384615385 0.703125 0.007211538461538462 0.013221153846153846