0 0.9495192307692307 0.5012019230769231 0.02403846153846154 0.054086538461538464
0 0.9182692307692307 0.515625 0.03245192307692308 0.0625
0 0.8557692307692307 0.4987980769230769 0.02403846153846154 0.046875
0 0.8016826923076923 0.5384615384615384 0.028846153846153848 0.054086538461538464
0 0.7680288461538461 0.5060096153846154 0.025240384615384616 0.051682692307692304
0 0.7439903846153846 0.4879807692307692 0.020432692307692308 0.046875
0 0.7007211538461539 0.5276442307692307 0.028846153846153848 0.0625
0 0.7043269230769231 0.45072115384615385 0.021634615384615384 0.051682692307692304
0 0.734375 0.4182692307692308 0.018028846153846152 0.037259615384615384
0 0.7824519230769231 0.4026442307692308 0.016826923076923076 0.036057692307692304
0 0.875 0.44711538461538464 0.019230769230769232 0.039663461538461536
0 0.8305288461538461 0.484375 0.021634615384615384 0.04807692307692308
0 0.9951923076923077 0.41947115384615385 0.008413461538461538 0.040865384615384616
0 0.9627403846153846 0.39903846153846156 0.013221153846153846 0.037259615384615384
0 0.9579326923076923 0.34615384615384615 0.008413461538461538 0.021634615384615384
0 0.921875 0.3137019230769231 0.014423076923076924 0.030048076923076924
0 0.8774038461538461 0.3269230769230769 0.016826923076923076 0.037259615384615384
0 0.6983173076923077 0.39903846153846156 0.013221153846153846 0.028846153846153848
0 0.6670673076923077 0.5060096153846154 0.02403846153846154 0.05048076923076923
0 0.9939903846153846 0.45072115384615385 0.010817307692307692 0.03365384615384615
0 0.8485576923076923 0.36658653846153844 0.010817307692307692 0.025240384615384616
0 0.6586538461538461 0.46153846153846156 0.02403846153846154 0.046875
0 0.6550480769230769 0.34615384615384615 0.014423076923076924 0.030048076923076924
0 0.6081730769230769 0.5444711538461539 0.028846153846153848 0.05889423076923077
0 0.5793269230769231 0.4987980769230769 0.027644230769230768 0.05048076923076923
0 0.625 0.45913461538461536 0.021634615384615384 0.04326923076923077
0 0.6045673076923077 0.44471153846153844 0.018028846153846152 0.037259615384615384
0 0.59375 0.41466346153846156 0.018028846153846152 0.037259615384615384
0 0.6177884615384616 0.39302884615384615 0.014423076923076924 0.028846153846153848
0 0.4951923076923077 0.5264423076923077 0.030048076923076924 0.0625
0 0.47115384615384615 0.4579326923076923 0.025240384615384616 0.051682692307692304
0 0.5288461538461539 0.4182692307692308 0.018028846153846152 0.037259615384615384
0 0.5673076923076923 0.38221153846153844 0.014423076923076924 0.03245192307692308
0 0.5144230769230769 0.3894230769230769 0.016826923076923076 0.03365384615384615
0 0.4891826923076923 0.34615384615384615 0.010817307692307692 0.025240384615384616
0 0.5973557692307693 0.28846153846153844 0.007211538461538462 0.014423076923076924
0 0.5877403846153846 0.2860576923076923 0.007211538461538462 0.018028846153846152
0 0.6009615384615384 0.33052884615384615 0.007211538461538462 0.015625
0 0.6237980769230769 0.3557692307692308 0.010817307692307692 0.026442307692307692
0 0.3870192307692308 0.5625 0.025240384615384616 0.054086538461538464
0 0.4074519230769231 0.4375 0.018028846153846152 0.051682692307692304
0 0.49158653846153844 0.42788461538461536 0.016826923076923076 0.040865384615384616
0 0.2860576923076923 0.5264423076923077 0.03245192307692308 0.06129807692307692
0 0.31971153846153844 0.4807692307692308 0.02403846153846154 0.05048076923076923
0 0.40384615384615385 0.3485576923076923 0.008413461538461538 0.021634615384615384
0 0.15745192307692307 0.5336538461538461 0.03125 0.06971153846153846
0 0.03485576923076923 0.5456730769230769 0.03365384615384615 0.0625
0 0.06490384615384616 0.4831730769230769 0.028846153846153848 0.0625
0 0.10336538461538461 0.48677884615384615 0.026442307692307692 0.054086538461538464
0 0.14182692307692307 0.45552884615384615 0.02283653846153846 0.05048076923076923
0 0.1971153846153846 0.5048076923076923 0.02403846153846154 0.054086538461538464
0 0.21634615384615385 0.4795673076923077 0.02403846153846154 0.055288461538461536
0 0.2668269230769231 0.45552884615384615 0.026442307692307692 0.051682692307692304
0 0.28846153846153844 0.4026442307692308 0.016826923076923076 0.036057692307692304
0 0.32091346153846156 0.3713942307692308 0.013221153846153846 0.030048076923076924
0 0.05889423076923077 0.375 0.015625 0.030048076923076924
0 0.03365384615384615 0.3918269230769231 0.013221153846153846 0.030048076923076924
0 0.006009615384615385 0.3701923076923077 0.01201923076923077 0.030048076923076924
0 0.10697115384615384 0.3173076923076923 0.015625 0.036057692307692304
0 0.46274038461538464 0.28725961538461536 0.006009615384615385 0.014423076923076924
0 0.2668269230769231 0.3701923076923077 0.014423076923076924 0.036057692307692304
0 0.20072115384615385 0.4338942307692308 0.021634615384615384 0.04447115384615385
0 0.7992788461538461 0.3449519230769231 0.007211538461538462 0.021634615384615384
0 0.7415865384615384 0.27884615384615385 0.010817307692307692 0.02283653846153846
0 0.8209134615384616 0.36778846153846156 0.01201923076923077 0.018028846153846152
0 0.5288461538461539 0.28365384615384615 0.007211538461538462 0.018028846153846152
0 0.5180288461538461 0.2800480769230769 0.007211538461538462 0.015625
0 0.4206730769230769 0.27524038461538464 0.006009615384615385 0.010817307692307692
0 0.4963942307692308 0.27524038461538464 0.007211538461538462 0.018028846153846152
0 0.13822115384615385 0.3701923076923077 0.013221153846153846 0.028846153846153848
0 0.19230769230769232 0.3389423076923077 0.008413461538461538 0.021634615384615384
0 0.03365384615384615 0.35216346153846156 0.007211538461538462 0.018028846153846152
0 0.34134615384615385 0.4579326923076923 0.019230769230769232 0.036057692307692304
0 0.22956730769230768 0.3786057692307692 0.016826923076923076 0.030048076923076924
0 0.3557692307692308 0.38822115384615385 0.014423076923076924 0.026442307692307692
0 0.37259615384615385 0.35336538461538464 0.01201923076923077 0.018028846153846152
0 0.6081730769230769 0.3737980769230769 0.009615384615384616 0.028846153846153848