0 0.6766826923076923 0.6346153846153846 0.018028846153846152 0.03365384615384615
0 0.609375 0.5168269230769231 0.003605769230769231 0.008413461538461538
0 0.5901442307692307 0.5228365384615384 0.003605769230769231 0.010817307692307692
0 0.5673076923076923 0.5180288461538461 0.007211538461538462 0.010817307692307692
0 0.6826923076923077 0.5216346153846154 0.004807692307692308 0.008413461538461538
0 0.6995192307692307 0.5192307692307693 0.004807692307692308 0.008413461538461538
0 0.71875 0.5180288461538461 0.004807692307692308 0.010817307692307692
0 0.7079326923076923 0.515625 0.004807692307692308 0.008413461538461538
0 0.33533653846153844 0.5216346153846154 0.006009615384615385 0.010817307692307692
0 0.38341346153846156 0.5216346153846154 0.004807692307692308 0.008413461538461538
0 0.3713942307692308 0.5192307692307693 0.003605769230769231 0.007211538461538462
0 0.3485576923076923 0.5168269230769231 0.003605769230769231 0.008413461538461538
0 0.07451923076923077 0.5372596153846154 0.007211538461538462 0.01201923076923077
0 0.09134615384615384 0.5348557692307693 0.004807692307692308 0.008413461538461538
0 0.12379807692307693 0.5228365384615384 0.006009615384615385 0.010817307692307692
0 0.054086538461538464 0.5408653846153846 0.006009615384615385 0.010817307692307692
0 0.2091346153846154 0.5324519230769231 0.003605769230769231 0.008413461538461538
0 0.6298076923076923 0.10817307692307693 0.013221153846153846 0.02403846153846154
0 0.5889423076923077 0.19110576923076922 0.008413461538461538 0.013221153846153846
0 0.9338942307692307 0.5084134615384616 0.008413461538461538 0.015625
0 0.8497596153846154 0.5096153846153846 0.004807692307692308 0.010817307692307692
0 0.14903846153846154 0.5228365384615384 0.007211538461538462 0.019230769230769232
0 0.7836538461538461 0.609375 0.01201923076923077 0.020432692307692308