0 0.2091346153846154 0.8125 0.014423076923076924 0.02403846153846154
0 0.17307692307692307 0.7295673076923077 0.013221153846153846 0.025240384615384616
0 0.2403846153846154 0.6983173076923077 0.01201923076923077 0.020432692307692308
0 0.3016826923076923 0.49759615384615385 0.01201923076923077 0.02403846153846154
0 0.5625 0.6141826923076923 0.010817307692307692 0.02283653846153846
0 0.6177884615384616 0.49759615384615385 0.008413461538461538 0.015625
0 0.5420673076923077 0.38221153846153844 0.009615384615384616 0.020432692307692308
0 0.4795673076923077 0.39663461538461536 0.009615384615384616 0.015625
0 0.16346153846153846 0.30408653846153844 0.009615384615384616 0.016826923076923076
0 0.10697115384615384 0.33413461538461536 0.007211538461538462 0.010817307692307692
0 0.43509615384615385 0.3016826923076923 0.007211538461538462 0.019230769230769232
0 0.37259615384615385 0.3245192307692308 0.007211538461538462 0.013221153846153846
0 0.40625 0.2920673076923077 0.008413461538461538 0.019230769230769232
0 0.3545673076923077 0.21634615384615385 0.008413461538461538 0.015625
0 0.2932692307692308 0.23677884615384615 0.008413461538461538 0.013221153846153846
0 0.9302884615384616 0.6057692307692307 0.013221153846153846 0.025240384615384616
0 0.8737980769230769 0.39302884615384615 0.010817307692307692 0.02283653846153846
0 0.828125 0.40024038461538464 0.010817307692307692 0.02283653846153846
0 0.8125 0.24158653846153846 0.01201923076923077 0.025240384615384616
0 0.6694711538461539 0.1658653846153846 0.007211538461538462 0.019230769230769232
0 0.6201923076923077 0.18389423076923078 0.01201923076923077 0.02403846153846154
0 0.84375 0.06009615384615385 0.007211538461538462 0.013221153846153846
0 0.16826923076923078 0.39783653846153844 0.008413461538461538 0.019230769230769232
0 0.17307692307692307 0.055288461538461536 0.008413461538461538 0.01201923076923077
0 0.08774038461538461 0.125 0.006009615384615385 0.01201923076923077
0 0.36177884615384615 0.055288461538461536 0.007211538461538462 0.01201923076923077
0 0.5612980769230769 0.04927884615384615 0.006009615384615385 0.013221153846153846
0 0.6129807692307693 0.03485576923076923 0.007211538461538462 0.013221153846153846
0 0.5745192307692307 0.13581730769230768 0.008413461538461538 0.019230769230769232
0 0.515625 0.14543269230769232 0.008413461538461538 0.015625