0 0.2704326923076923 0.22956730769230768 0.036057692307692304 0.08173076923076923
0 0.4182692307692308 0.27283653846153844 0.03485576923076923 0.0829326923076923
0 0.32572115384615385 0.15264423076923078 0.03485576923076923 0.057692307692307696
0 0.20793269230769232 0.10576923076923077 0.018028846153846152 0.04447115384615385
0 0.26802884615384615 0.140625 0.015625 0.03485576923076923
0 0.2403846153846154 0.1502403846153846 0.014423076923076924 0.025240384615384616
0 0.22596153846153846 0.12139423076923077 0.015625 0.030048076923076924
0 0.24158653846153846 0.10697115384615384 0.014423076923076924 0.030048076923076924
0 0.2536057692307692 0.1201923076923077 0.013221153846153846 0.027644230769230768
0 0.1875 0.12620192307692307 0.015625 0.03365384615384615
0 0.17067307692307693 0.10576923076923077 0.010817307692307692 0.028846153846153848
0 0.12980769230769232 0.16826923076923078 0.013221153846153846 0.03245192307692308
0 0.14903846153846154 0.12620192307692307 0.01201923076923077 0.027644230769230768
0 0.14423076923076922 0.09615384615384616 0.013221153846153846 0.025240384615384616
0 0.09735576923076923 0.1346153846153846 0.018028846153846152 0.03485576923076923
0 0.013221153846153846 0.14302884615384615 0.014423076923076924 0.03365384615384615
0 0.3641826923076923 0.09495192307692307 0.016826923076923076 0.03485576923076923
0 0.390625 0.08173076923076923 0.015625 0.028846153846153848
0 0.4110576923076923 0.12139423076923077 0.013221153846153846 0.042067307692307696
0 0.4266826923076923 0.14423076923076922 0.013221153846153846 0.030048076923076924
0 0.4411057692307692 0.09975961538461539 0.015625 0.03485576923076923
0 0.4579326923076923 0.10576923076923077 0.013221153846153846 0.03245192307692308
0 0.48677884615384615 0.1141826923076923 0.018028846153846152 0.03365384615384615
0 0.5264423076923077 0.11538461538461539 0.013221153846153846 0.025240384615384616
0 0.5324519230769231 0.08774038461538461 0.015625 0.03485576923076923
0 0.4675480769230769 0.06129807692307692 0.013221153846153846 0.028846153846153848
0 0.48677884615384615 0.04927884615384615 0.013221153846153846 0.02283653846153846
0 0.3425480769230769 0.07211538461538461 0.013221153846153846 0.02403846153846154
0 0.5492788461538461 0.06370192307692307 0.010817307692307692 0.027644230769230768
0 0.5600961538461539 0.05889423076923077 0.015625 0.03485576923076923
0 0.5625 0.13822115384615385 0.015625 0.03245192307692308
0 0.5865384615384616 0.13942307692307693 0.013221153846153846 0.025240384615384616
0 0.6322115384615384 0.140625 0.015625 0.03245192307692308
0 0.6165865384615384 0.12980769230769232 0.013221153846153846 0.030048076923076924
0 0.6021634615384616 0.1141826923076923 0.013221153846153846 0.030048076923076924
0 0.5637019230769231 0.09495192307692307 0.013221153846153846 0.025240384615384616
0 0.578125 0.09254807692307693 0.010817307692307692 0.02283653846153846
0 0.5480769230769231 0.1045673076923077 0.010817307692307692 0.028846153846153848
0 0.5240384615384616 0.07572115384615384 0.01201923076923077 0.02403846153846154
0 0.5949519230769231 0.04927884615384615 0.015625 0.03245192307692308
0 0.609375 0.0625 0.014423076923076924 0.03245192307692308
0 0.6298076923076923 0.08533653846153846 0.013221153846153846 0.030048076923076924
0 0.6466346153846154 0.11899038461538461 0.013221153846153846 0.02283653846153846
0 0.6454326923076923 0.04927884615384615 0.014423076923076924 0.03245192307692308
0 0.6766826923076923 0.052884615384615384 0.014423076923076924 0.03245192307692308
0 0.6911057692307693 0.06370192307692307 0.013221153846153846 0.027644230769230768
0 0.6923076923076923 0.015625 0.014423076923076924 0.030048076923076924
0 0.7295673076923077 0.18629807692307693 0.039663461538461536 0.08173076923076923
0 0.6189903846153846 0.27403846153846156 0.038461538461538464 0.08173076923076923
0 0.7596153846153846 0.013221153846153846 0.013221153846153846 0.02403846153846154
0 0.7451923076923077 0.006009615384615385 0.009615384615384616 0.010817307692307692
0 0.9723557692307693 0.07091346153846154 0.014423076923076924 0.03245192307692308
0 0.9735576923076923 0.014423076923076924 0.014423076923076924 0.02403846153846154
0 0.8509615384615384 0.0733173076923077 0.016826923076923076 0.030048076923076924
0 0.8389423076923077 0.046875 0.015625 0.028846153846153848
0 0.7992788461538461 0.06370192307692307 0.013221153846153846 0.030048076923076924
0 0.7776442307692307 0.07091346153846154 0.010817307692307692 0.027644230769230768
0 0.9555288461538461 0.04447115384615385 0.013221153846153846 0.030048076923076924
0 0.859375 0.038461538461538464 0.013221153846153846 0.020432692307692308
0 0.875 0.0673076923076923 0.013221153846153846 0.030048076923076924
0 0.9014423076923077 0.06850961538461539 0.013221153846153846 0.030048076923076924
0 0.7415865384615384 0.0829326923076923 0.018028846153846152 0.03245192307692308
0 0.028846153846153848 0.13942307692307693 0.015625 0.037259615384615384
0 0.6466346153846154 0.0733173076923077 0.013221153846153846 0.02403846153846154
0 0.6887019230769231 0.0829326923076923 0.013221153846153846 0.027644230769230768
0 0.7115384615384616 0.03485576923076923 0.015625 0.027644230769230768
0 0.7127403846153846 0.08533653846153846 0.016826923076923076 0.03365384615384615