0 0.020432692307692308 0.4338942307692308 0.01201923076923077 0.026442307692307692
0 0.04447115384615385 0.44471153846153844 0.007211538461538462 0.021634615384615384
0 0.08533653846153846 0.5961538461538461 0.016826923076923076 0.04807692307692308
0 0.3016826923076923 0.5120192307692307 0.009615384615384616 0.03365384615384615
0 0.36899038461538464 0.5252403846153846 0.014423076923076924 0.04326923076923077
0 0.3798076923076923 0.47836538461538464 0.008413461538461538 0.021634615384615384
0 0.44711538461538464 0.5072115384615384 0.009615384615384616 0.028846153846153848
0 0.5288461538461539 0.39663461538461536 0.003605769230769231 0.013221153846153846
0 0.14903846153846154 0.46875 0.006009615384615385 0.013221153846153846
0 0.29086538461538464 0.4567307692307692 0.007211538461538462 0.01201923076923077
0 0.2824519230769231 0.4579326923076923 0.004807692307692308 0.009615384615384616
0 0.2668269230769231 0.46274038461538464 0.003605769230769231 0.007211538461538462
0 0.3858173076923077 0.4483173076923077 0.003605769230769231 0.008413461538461538
0 0.3173076923076923 0.453125 0.002403846153846154 0.007211538461538462
0 0.33653846153846156 0.4495192307692308 0.003605769230769231 0.007211538461538462
0 0.3269230769230769 0.4519230769230769 0.004807692307692308 0.008413461538461538
0 0.39783653846153844 0.4483173076923077 0.004807692307692308 0.007211538461538462
0 0.6189903846153846 0.4495192307692308 0.007211538461538462 0.020432692307692308
0 0.6694711538461539 0.44471153846153844 0.007211538461538462 0.016826923076923076
0 0.8112980769230769 0.44471153846153844 0.007211538461538462 0.018028846153846152
0 0.8930288461538461 0.4567307692307692 0.008413461538461538 0.021634615384615384
0 0.8485576923076923 0.48677884615384615 0.01201923076923077 0.03485576923076923
0 0.9278846153846154 0.46033653846153844 0.006009615384615385 0.025240384615384616
0 0.9399038461538461 0.4579326923076923 0.009615384615384616 0.026442307692307692
0 0.19591346153846154 0.4483173076923077 0.003605769230769231 0.008413461538461538