0 0.22355769230769232 0.7211538461538461 0.007211538461538462 0.020432692307692308
0 0.22956730769230768 0.6995192307692307 0.009615384615384616 0.016826923076923076
0 0.23677884615384615 0.6826923076923077 0.009615384615384616 0.014423076923076924
0 0.2536057692307692 0.6586538461538461 0.008413461538461538 0.019230769230769232
0 0.2704326923076923 0.6418269230769231 0.007211538461538462 0.015625
0 0.28966346153846156 0.6237980769230769 0.008413461538461538 0.014423076923076924
0 0.31850961538461536 0.6069711538461539 0.007211538461538462 0.015625
0 0.3401442307692308 0.5889423076923077 0.007211538461538462 0.01201923076923077
0 0.11298076923076923 0.671875 0.010817307692307692 0.019230769230769232
0 0.11778846153846154 0.6490384615384616 0.007211538461538462 0.016826923076923076
0 0.12740384615384615 0.6274038461538461 0.007211538461538462 0.014423076923076924
0 0.14182692307692307 0.6141826923076923 0.007211538461538462 0.016826923076923076
0 0.15865384615384615 0.5985576923076923 0.007211538461538462 0.015625
0 0.17668269230769232 0.5805288461538461 0.008413461538461538 0.018028846153846152
0 0.19471153846153846 0.5612980769230769 0.007211538461538462 0.016826923076923076
0 0.23677884615384615 0.5432692307692307 0.007211538461538462 0.014423076923076924
0 0.2608173076923077 0.5288461538461539 0.008413461538461538 0.014423076923076924
0 0.28365384615384615 0.5216346153846154 0.007211538461538462 0.014423076923076924
0 0.08052884615384616 0.6201923076923077 0.007211538461538462 0.015625
0 0.09495192307692307 0.5961538461538461 0.007211538461538462 0.014423076923076924
0 0.11057692307692307 0.5889423076923077 0.008413461538461538 0.015625
0 0.14182692307692307 0.5673076923076923 0.009615384615384616 0.015625
0 0.1502403846153846 0.5576923076923077 0.007211538461538462 0.014423076923076924
0 0.19230769230769232 0.5276442307692307 0.008413461538461538 0.014423076923076924
0 0.21875 0.5168269230769231 0.007211538461538462 0.01201923076923077
0 0.24278846153846154 0.5024038461538461 0.007211538461538462 0.010817307692307692
0 0.2668269230769231 0.49759615384615385 0.008413461538461538 0.015625
0 0.3076923076923077 0.5096153846153846 0.007211538461538462 0.010817307692307692
0 0.33533653846153844 0.4951923076923077 0.007211538461538462 0.013221153846153846
0 0.31850961538461536 0.47836538461538464 0.007211538461538462 0.01201923076923077
0 0.2956730769230769 0.484375 0.007211538461538462 0.013221153846153846
0 0.07932692307692307 0.5420673076923077 0.008413461538461538 0.016826923076923076
0 0.10216346153846154 0.5348557692307693 0.007211538461538462 0.013221153846153846
0 0.15264423076923078 0.5036057692307693 0.007211538461538462 0.014423076923076924
0 0.1814903846153846 0.49759615384615385 0.007211538461538462 0.014423076923076924
0 0.20072115384615385 0.484375 0.009615384615384616 0.014423076923076924
0 0.2283653846153846 0.4723557692307692 0.008413461538461538 0.01201923076923077
0 0.25961538461538464 0.4639423076923077 0.008413461538461538 0.014423076923076924
0 0.3112980769230769 0.45552884615384615 0.006009615384615385 0.010817307692307692
0 0.1502403846153846 0.4723557692307692 0.004807692307692308 0.010817307692307692
0 0.12860576923076922 0.4879807692307692 0.008413461538461538 0.014423076923076924
0 0.1045673076923077 0.5036057692307693 0.008413461538461538 0.016826923076923076
0 0.07932692307692307 0.5096153846153846 0.007211538461538462 0.01201923076923077
0 0.06129807692307692 0.5228365384615384 0.007211538461538462 0.014423076923076924
0 0.3389423076923077 0.44471153846153844 0.007211538461538462 0.01201923076923077
0 0.27884615384615385 0.45552884615384615 0.007211538461538462 0.013221153846153846
0 0.36658653846153844 0.4987980769230769 0.008413461538461538 0.014423076923076924
0 0.3629807692307692 0.5817307692307693 0.008413461538461538 0.01201923076923077
0 0.546875 0.4170673076923077 0.008413461538461538 0.013221153846153846
0 0.5600961538461539 0.41225961538461536 0.008413461538461538 0.01201923076923077
0 0.5588942307692307 0.44471153846153844 0.008413461538461538 0.014423076923076924
0 0.5408653846153846 0.4651442307692308 0.008413461538461538 0.013221153846153846
0 0.5288461538461539 0.4483173076923077 0.007211538461538462 0.013221153846153846
0 0.5709134615384616 0.4639423076923077 0.007211538461538462 0.015625
0 0.5901442307692307 0.4483173076923077 0.007211538461538462 0.013221153846153846
0 0.6057692307692307 0.4651442307692308 0.008413461538461538 0.015625
0 0.6009615384615384 0.40865384615384615 0.008413461538461538 0.014423076923076924
0 0.6177884615384616 0.4375 0.008413461538461538 0.015625
0 0.6346153846153846 0.4579326923076923 0.010817307692307692 0.015625
0 0.6298076923076923 0.41225961538461536 0.007211538461538462 0.013221153846153846
0 0.6598557692307693 0.41225961538461536 0.007211538461538462 0.01201923076923077
0 0.6778846153846154 0.4411057692307692 0.007211538461538462 0.016826923076923076
0 0.6875 0.4098557692307692 0.008413461538461538 0.020432692307692308
0 0.7199519230769231 0.4098557692307692 0.007211538461538462 0.016826923076923076
0 0.7079326923076923 0.4483173076923077 0.007211538461538462 0.013221153846153846
0 0.7608173076923077 0.5108173076923077 0.008413461538461538 0.013221153846153846
0 0.7572115384615384 0.4699519230769231 0.008413461538461538 0.014423076923076924
0 0.7860576923076923 0.4723557692307692 0.008413461538461538 0.015625
0 0.8100961538461539 0.47596153846153844 0.008413461538461538 0.015625
0 0.8004807692307693 0.45552884615384615 0.007211538461538462 0.016826923076923076
0 0.7704326923076923 0.4543269230769231 0.008413461538461538 0.014423076923076924
0 0.7451923076923077 0.39663461538461536 0.010817307692307692 0.014423076923076924
0 0.7740384615384616 0.4026442307692308 0.007211538461538462 0.013221153846153846
0 0.8076923076923077 0.4050480769230769 0.009615384615384616 0.013221153846153846
0 0.8353365384615384 0.40625 0.009615384615384616 0.016826923076923076
0 0.8425480769230769 0.43028846153846156 0.007211538461538462 0.014423076923076924
0 0.8305288461538461 0.4579326923076923 0.007211538461538462 0.014423076923076924
0 0.8461538461538461 0.4855769230769231 0.007211538461538462 0.016826923076923076
0 0.8605769230769231 0.4735576923076923 0.007211538461538462 0.015625
0 0.8737980769230769 0.49759615384615385 0.007211538461538462 0.014423076923076924
0 0.8870192307692307 0.47596153846153844 0.008413461538461538 0.015625
0 0.9014423076923077 0.5036057692307693 0.008413461538461538 0.016826923076923076
0 0.9194711538461539 0.4831730769230769 0.009615384615384616 0.015625
0 0.7307692307692307 0.5048076923076923 0.010817307692307692 0.016826923076923076
0 0.7463942307692307 0.5805288461538461 0.007211538461538462 0.013221153846153846
0 0.8052884615384616 0.5973557692307693 0.008413461538461538 0.015625
0 0.7908653846153846 0.5144230769230769 0.008413461538461538 0.014423076923076924
0 0.8173076923076923 0.5612980769230769 0.007211538461538462 0.013221153846153846
0 0.8653846153846154 0.5733173076923077 0.008413461538461538 0.014423076923076924
0 0.8509615384615384 0.6045673076923077 0.01201923076923077 0.016826923076923076
0 0.6923076923076923 0.4579326923076923 0.010817307692307692 0.016826923076923076
0 0.6502403846153846 0.4362980769230769 0.007211538461538462 0.015625
0 0.6670673076923077 0.45913461538461536 0.010817307692307692 0.019230769230769232
0 0.04447115384615385 0.9519230769230769 0.014423076923076924 0.020432692307692308
0 0.02403846153846154 0.9507211538461539 0.013221153846153846 0.028846153846153848
0 0.057692307692307696 0.5625 0.007211538461538462 0.013221153846153846