0 0.953125 0.5985576923076923 0.09134615384615384 0.19591346153846154
0 0.6802884615384616 0.48677884615384615 0.09975961538461539 0.18990384615384615
0 0.5528846153846154 0.4963942307692308 0.09134615384615384 0.15504807692307693
0 0.42908653846153844 0.46634615384615385 0.08653846153846154 0.13942307692307693
0 0.2824519230769231 0.37740384615384615 0.06850961538461539 0.11057692307692307
0 0.3798076923076923 0.41225961538461536 0.06971153846153846 0.1201923076923077
0 0.22235576923076922 0.3581730769230769 0.06009615384615385 0.109375
0 0.16947115384615385 0.3449519230769231 0.04447115384615385 0.09975961538461539
0 0.052884615384615384 0.33774038461538464 0.06009615384615385 0.09975961538461539
0 0.026442307692307692 0.20072115384615385 0.036057692307692304 0.06129807692307692
0 0.10576923076923077 0.19230769230769232 0.03245192307692308 0.06370192307692307
0 0.16466346153846154 0.09254807692307693 0.03365384615384615 0.054086538461538464
0 0.2620192307692308 0.22716346153846154 0.040865384615384616 0.06610576923076923
0 0.31490384615384615 0.23317307692307693 0.042067307692307696 0.07451923076923077
0 0.35096153846153844 0.22596153846153846 0.055288461538461536 0.08774038461538461
0 0.46875 0.22235576923076922 0.04927884615384615 0.09254807692307693
0 0.49158653846153844 0.25961538461538464 0.055288461538461536 0.10697115384615384
0 0.6442307692307693 0.24879807692307693 0.056490384615384616 0.08533653846153846
0 0.7019230769230769 0.28966346153846156 0.051682692307692304 0.08413461538461539
0 0.8689903846153846 0.3737980769230769 0.06971153846153846 0.11899038461538461
0 0.9663461538461539 0.2764423076923077 0.06490384615384616 0.1502403846153846
0 0.27884615384615385 0.10096153846153846 0.03365384615384615 0.06370192307692307
0 0.2980769230769231 0.06850961538461539 0.026442307692307692 0.057692307692307696
0 0.5252403846153846 0.140625 0.039663461538461536 0.06610576923076923
0 0.671875 0.12740384615384615 0.036057692307692304 0.06490384615384616
0 0.7283653846153846 0.13701923076923078 0.04567307692307692 0.08533653846153846
0 0.7680288461538461 0.11298076923076923 0.040865384615384616 0.0985576923076923
0 0.5288461538461539 0.052884615384615384 0.03365384615384615 0.05048076923076923
0 0.5817307692307693 0.027644230769230768 0.03245192307692308 0.051682692307692304
0 0.7668269230769231 0.3389423076923077 0.06971153846153846 0.109375