0 0 0 0 0
0 0.05615234375 0.38427947598253276 0.0810546875 0.6506550218340611
0 0.36279296875 0.1943231441048035 0.1064453125 0.2925764192139738
0 0.67822265625 0.31222707423580787 0.0927734375 0.259825327510917
0 0.0947265625 0.259825327510917 0.015625 0.043668122270742356
0 0.1015625 0.33624454148471616 0.025390625 0.06550218340611354
0 0.16162109375 0.16375545851528384 0.0087890625 0.028384279475982533
0 0.1279296875 0.29475982532751094 0.017578125 0.05021834061135371
0 0.154296875 0.2903930131004367 0.015625 0.039301310043668124
0 0.17578125 0.33406113537117904 0.017578125 0.05021834061135371
0 0.2099609375 0.29475982532751094 0.013671875 0.034934497816593885
0 0.20556640625 0.25327510917030566 0.0126953125 0.03056768558951965
0 0.16552734375 0.24672489082969432 0.0146484375 0.039301310043668124
0 0.2216796875 0.27292576419213976 0.01171875 0.03711790393013101
0 0.228515625 0.24672489082969432 0.01171875 0.03275109170305677
0 0.41357421875 0.2685589519650655 0.0126953125 0.039301310043668124
0 0.43896484375 0.27074235807860264 0.0107421875 0.03711790393013101
0 0.4755859375 0.2816593886462882 0.013671875 0.039301310043668124
0 0.4873046875 0.30131004366812225 0.017578125 0.04585152838427948
0 0.50048828125 0.2685589519650655 0.0126953125 0.034934497816593885
0 0.52099609375 0.2663755458515284 0.0126953125 0.03275109170305677
0 0.55029296875 0.3034934497816594 0.0126953125 0.039301310043668124
0 0.5625 0.2685589519650655 0.013671875 0.03711790393013101
0 0.56689453125 0.3231441048034934 0.0146484375 0.043668122270742356
0 0.53955078125 0.36681222707423583 0.0224609375 0.06768558951965066
0 0.5908203125 0.28820960698689957 0.015625 0.04148471615720524
0 0.60107421875 0.34279475982532753 0.0205078125 0.05895196506550218
0 0.62548828125 0.3558951965065502 0.0205078125 0.05895196506550218
0 0.931640625 0.4126637554585153 0.0234375 0.06331877729257641
0 0.61865234375 0.2576419213973799 0.0126953125 0.039301310043668124
0 0.1962890625 0.30131004366812225 0.013671875 0.04585152838427948
0 0.11669921875 0.33624454148471616 0.0146484375 0.04148471615720524