0 0.06971153846153846 0.43509615384615385 0.03365384615384615 0.056490384615384616
0 0.1935096153846154 0.43149038461538464 0.030048076923076924 0.052884615384615384
0 0.29927884615384615 0.43990384615384615 0.028846153846153848 0.052884615384615384
0 0.375 0.4963942307692308 0.030048076923076924 0.04447115384615385
0 0.6478365384615384 0.6550480769230769 0.042067307692307696 0.06971153846153846
0 0.7644230769230769 0.6394230769230769 0.038461538461538464 0.07451923076923077
0 0.8918269230769231 0.6911057692307693 0.04447115384615385 0.0625
0 0.9915865384615384 0.7391826923076923 0.014423076923076924 0.056490384615384616
0 0.9254807692307693 0.9170673076923077 0.0829326923076923 0.10697115384615384
0 0.5144230769230769 0.44711538461538464 0.026442307692307692 0.05048076923076923
0 0.5625 0.4519230769230769 0.026442307692307692 0.04567307692307692
0 0.6394230769230769 0.44350961538461536 0.028846153846153848 0.04326923076923077
0 0.71875 0.41346153846153844 0.02403846153846154 0.046875
0 0.8173076923076923 0.44350961538461536 0.028846153846153848 0.057692307692307696
0 0.9182692307692307 0.4807692307692308 0.028846153846153848 0.04807692307692308
0 0.9867788461538461 0.49759615384615385 0.025240384615384616 0.06009615384615385
0 0.027644230769230768 0.5036057692307693 0.03485576923076923 0.05889423076923077
0 0.16826923076923078 0.5024038461538461 0.03365384615384615 0.055288461538461536
0 0.26322115384615385 0.5264423076923077 0.03245192307692308 0.052884615384615384
0 0.3737980769230769 0.5612980769230769 0.036057692307692304 0.056490384615384616
0 0.4951923076923077 0.5480769230769231 0.030048076923076924 0.051682692307692304
0 0.5516826923076923 0.5913461538461539 0.030048076923076924 0.046875
0 0.7572115384615384 0.4951923076923077 0.025240384615384616 0.042067307692307696
0 0.8641826923076923 0.5120192307692307 0.028846153846153848 0.04807692307692308
0 0.703125 0.5793269230769231 0.03245192307692308 0.04807692307692308
0 0.6310096153846154 0.5973557692307693 0.028846153846153848 0.04567307692307692
0 0.8509615384615384 0.5745192307692307 0.03365384615384615 0.052884615384615384
0 0.9567307692307693 0.5745192307692307 0.03365384615384615 0.05048076923076923
0 0.9350961538461539 0.6598557692307693 0.037259615384615384 0.051682692307692304
0 0.796875 0.6286057692307693 0.02403846153846154 0.04927884615384615
0 0.054086538461538464 0.5721153846153846 0.03365384615384615 0.052884615384615384
0 0.08653846153846154 0.6274038461538461 0.04326923076923077 0.06850961538461539
0 0.21394230769230768 0.5949519230769231 0.039663461538461536 0.0733173076923077
0 0.06490384615384616 0.7043269230769231 0.040865384615384616 0.06610576923076923
0 0.15144230769230768 0.7487980769230769 0.040865384615384616 0.06850961538461539
0 0.26322115384615385 0.6875 0.040865384615384616 0.07211538461538461
0 0.33533653846153844 0.65625 0.036057692307692304 0.0625
0 0.40024038461538464 0.7199519230769231 0.040865384615384616 0.06850961538461539
0 0.4675480769230769 0.6225961538461539 0.03365384615384615 0.04927884615384615
0 0.5240384615384616 0.7175480769230769 0.046875 0.07932692307692307