0 0 0 0 0
0 0.08349609375 0.4431818181818182 0.0107421875 0.022727272727272728
0 0.138671875 0.4460227272727273 0.009765625 0.019886363636363636
0 0.18603515625 0.4559659090909091 0.0087890625 0.02130681818181818
0 0.23876953125 0.4431818181818182 0.0107421875 0.018465909090909092
0 0.32275390625 0.4303977272727273 0.0107421875 0.02130681818181818
0 0.37109375 0.42045454545454547 0.01171875 0.024147727272727272
0 0.39453125 0.42329545454545453 0.01171875 0.022727272727272728
0 0.44873046875 0.4147727272727273 0.0107421875 0.02556818181818182
0 0.55029296875 0.40482954545454547 0.0126953125 0.024147727272727272
0 0.6591796875 0.421875 0.013671875 0.024147727272727272
0 0.705078125 0.41761363636363635 0.01171875 0.024147727272727272
0 0.7841796875 0.421875 0.013671875 0.028409090909090908
0 0.81689453125 0.45454545454545453 0.0126953125 0.026988636363636364
0 0.8623046875 0.4375 0.013671875 0.028409090909090908
0 0.91015625 0.43607954545454547 0.01171875 0.02556818181818182
0 0.10400390625 0.7073863636363636 0.0400390625 0.08664772727272728
0 0.3779296875 0.5880681818181818 0.01953125 0.061079545454545456