0 0 0 0 0
0 0.36279296875 0.779320987654321 0.0361328125 0.06944444444444445
0 0.35791015625 0.6049382716049383 0.0439453125 0.07407407407407407
0 0.2255859375 0.625 0.037109375 0.06172839506172839
0 0.25732421875 0.8379629629629629 0.0341796875 0.06018518518518518
0 0.1357421875 0.8734567901234568 0.0390625 0.06018518518518518
0 0.10302734375 0.6219135802469136 0.0341796875 0.07407407407407407
0 0.40966796875 0.32407407407407407 0.0400390625 0.06481481481481481
0 0.25439453125 0.31635802469135804 0.0322265625 0.035493827160493825
0 0.091796875 0.3441358024691358 0.046875 0.08487654320987655
0 0.90625 0.22685185185185186 0.052734375 0.08487654320987655