0 0.9338942307692307 0.47596153846153844 0.037259615384615384 0.06610576923076923
0 0.8954326923076923 0.6057692307692307 0.040865384615384616 0.0733173076923077
0 0.8605769230769231 0.4579326923076923 0.021634615384615384 0.03125
0 0.8257211538461539 0.41586538461538464 0.016826923076923076 0.02283653846153846
0 0.9759615384615384 0.41947115384615385 0.014423076923076924 0.018028846153846152
0 0.9110576923076923 0.41466346153846156 0.009615384615384616 0.02283653846153846
0 0.7307692307692307 0.46153846153846156 0.018028846153846152 0.025240384615384616
0 0.7620192307692307 0.4098557692307692 0.015625 0.025240384615384616
0 0.7019230769230769 0.4170673076923077 0.016826923076923076 0.02283653846153846
0 0.671875 0.4326923076923077 0.010817307692307692 0.021634615384615384
0 0.5973557692307693 0.4110576923076923 0.013221153846153846 0.014423076923076924
0 0.5576923076923077 0.40625 0.010817307692307692 0.015625
0 0.5576923076923077 0.484375 0.03245192307692308 0.051682692307692304
0 0.5096153846153846 0.4879807692307692 0.020432692307692308 0.039663461538461536
0 0.48197115384615385 0.4963942307692308 0.027644230769230768 0.042067307692307696
0 0.4699519230769231 0.44591346153846156 0.019230769230769232 0.03125
0 0.515625 0.41466346153846156 0.015625 0.02283653846153846
0 0.5132211538461539 0.3954326923076923 0.013221153846153846 0.021634615384615384
0 0.6586538461538461 0.41466346153846156 0.013221153846153846 0.018028846153846152
0 0.6442307692307693 0.4230769230769231 0.013221153846153846 0.016826923076923076
0 0.5889423076923077 0.4375 0.014423076923076924 0.021634615384615384
0 0.40625 0.4831730769230769 0.018028846153846152 0.030048076923076924
0 0.37259615384615385 0.49158653846153844 0.027644230769230768 0.052884615384615384
0 0.34615384615384615 0.4675480769230769 0.016826923076923076 0.030048076923076924
0 0.4338942307692308 0.4026442307692308 0.013221153846153846 0.020432692307692308
0 0.4495192307692308 0.4254807692307692 0.015625 0.02403846153846154
0 0.6045673076923077 0.3269230769230769 0.009615384615384616 0.014423076923076924
0 0.47716346153846156 0.31971153846153844 0.010817307692307692 0.014423076923076924
0 0.4050480769230769 0.3545673076923077 0.013221153846153846 0.016826923076923076
0 0.3954326923076923 0.39783653846153844 0.010817307692307692 0.018028846153846152
0 0.3894230769230769 0.36177884615384615 0.01201923076923077 0.014423076923076924
0 0.5348557692307693 0.3401442307692308 0.008413461538461538 0.015625
0 0.3137019230769231 0.48197115384615385 0.025240384615384616 0.04567307692307692
0 0.2536057692307692 0.37740384615384615 0.020432692307692308 0.03125
0 0.234375 0.36899038461538464 0.013221153846153846 0.028846153846153848
0 0.2620192307692308 0.32091346153846156 0.01201923076923077 0.021634615384615384
0 0.29927884615384615 0.31490384615384615 0.013221153846153846 0.016826923076923076
0 0.3317307692307692 0.33052884615384615 0.009615384615384616 0.016826923076923076
0 0.36658653846153844 0.33413461538461536 0.009615384615384616 0.018028846153846152
0 0.33052884615384615 0.4050480769230769 0.013221153846153846 0.02283653846153846
0 0.21153846153846154 0.33653846153846156 0.010817307692307692 0.019230769230769232
0 0.18990384615384615 0.3233173076923077 0.010817307692307692 0.020432692307692308
0 0.171875 0.3293269230769231 0.010817307692307692 0.016826923076923076
0 0.14543269230769232 0.3173076923076923 0.013221153846153846 0.025240384615384616
0 0.11177884615384616 0.3161057692307692 0.013221153846153846 0.018028846153846152
0 0.19471153846153846 0.44711538461538464 0.015625 0.020432692307692308
0 0.054086538461538464 0.3245192307692308 0.010817307692307692 0.020432692307692308
0 0.04567307692307692 0.42427884615384615 0.015625 0.027644230769230768
0 0.46033653846153844 0.6105769230769231 0.026442307692307692 0.037259615384615384
0 0.33653846153846156 0.6346153846153846 0.03485576923076923 0.06610576923076923
0 0.3088942307692308 0.6646634615384616 0.037259615384615384 0.06610576923076923
0 0.265625 0.6646634615384616 0.025240384615384616 0.05048076923076923
0 0.17427884615384615 0.5 0.025240384615384616 0.042067307692307696
0 0.14903846153846154 0.5 0.019230769230769232 0.03245192307692308
0 0.13581730769230768 0.4855769230769231 0.016826923076923076 0.028846153846153848
0 0.08653846153846154 0.5168269230769231 0.021634615384615384 0.037259615384615384
0 0.05889423076923077 0.47115384615384615 0.018028846153846152 0.036057692307692304
0 0.028846153846153848 0.41586538461538464 0.013221153846153846 0.021634615384615384
0 0.5721153846153846 0.31850961538461536 0.013221153846153846 0.020432692307692308