0 0.7668269230769231 0.7079326923076923 0.018028846153846152 0.040865384615384616
0 0.7836538461538461 0.5588942307692307 0.013221153846153846 0.027644230769230768
0 0.7127403846153846 0.4723557692307692 0.015625 0.026442307692307692
0 0.6766826923076923 0.5925480769230769 0.01201923076923077 0.027644230769230768
0 0.953125 0.4387019230769231 0.013221153846153846 0.015625
0 0.7920673076923077 0.5 0.008413461538461538 0.019230769230769232
0 0.7776442307692307 0.49278846153846156 0.010817307692307692 0.019230769230769232
0 0.7295673076923077 0.4987980769230769 0.009615384615384616 0.020432692307692308
0 0.8329326923076923 0.4651442307692308 0.008413461538461538 0.015625
0 0.921875 0.41586538461538464 0.010817307692307692 0.019230769230769232
0 0.9519230769230769 0.40625 0.009615384615384616 0.014423076923076924
0 0.6069711538461539 0.7127403846153846 0.019230769230769232 0.036057692307692304
0 0.5264423076923077 0.9314903846153846 0.036057692307692304 0.06610576923076923
0 0.3485576923076923 0.9579326923076923 0.037259615384615384 0.07572115384615384
0 0.4579326923076923 0.5396634615384616 0.010817307692307692 0.015625
0 0.28846153846153844 0.6262019230769231 0.013221153846153846 0.03245192307692308
0 0.21875 0.6081730769230769 0.016826923076923076 0.03365384615384615
0 0.18509615384615385 0.5793269230769231 0.013221153846153846 0.038461538461538464
0 0.17307692307692307 0.5588942307692307 0.01201923076923077 0.019230769230769232
0 0.28725961538461536 0.5889423076923077 0.013221153846153846 0.025240384615384616
0 0.32091346153846156 0.5240384615384616 0.008413461538461538 0.014423076923076924
0 0.4014423076923077 0.5985576923076923 0.010817307692307692 0.019230769230769232
0 0.39663461538461536 0.5841346153846154 0.01201923076923077 0.02403846153846154
0 0.12740384615384615 0.5853365384615384 0.01201923076923077 0.027644230769230768
0 0.0889423076923077 0.6021634615384616 0.007211538461538462 0.013221153846153846