0 0.7548076923076923 0.5408653846153846 0.028846153846153848 0.055288461538461536
0 0.7175480769230769 0.4266826923076923 0.016826923076923076 0.03245192307692308
0 0.796875 0.3762019230769231 0.020432692307692308 0.03485576923076923
0 0.8954326923076923 0.4963942307692308 0.04807692307692308 0.07451923076923077
0 0.7235576923076923 0.3858173076923077 0.014423076923076924 0.025240384615384616
0 0.5901442307692307 0.40865384615384615 0.020432692307692308 0.037259615384615384
0 0.8798076923076923 0.3701923076923077 0.014423076923076924 0.025240384615384616
0 0.8653846153846154 0.3269230769230769 0.007211538461538462 0.014423076923076924
0 0.7836538461538461 0.3125 0.009615384615384616 0.013221153846153846
0 0.8233173076923077 0.28846153846153844 0.007211538461538462 0.009615384615384616
0 0.9254807692307693 0.2932692307692308 0.008413461538461538 0.01201923076923077
0 0.7007211538461539 0.34375 0.01201923076923077 0.018028846153846152
0 0.7319711538461539 0.3233173076923077 0.010817307692307692 0.016826923076923076
0 0.6382211538461539 0.2608173076923077 0.019230769230769232 0.037259615384615384
0 0.5300480769230769 0.3701923076923077 0.02403846153846154 0.040865384615384616
0 0.5576923076923077 0.4723557692307692 0.020432692307692308 0.042067307692307696
0 0.5600961538461539 0.2644230769230769 0.008413461538461538 0.014423076923076924
0 0.5240384615384616 0.28846153846153844 0.013221153846153846 0.019230769230769232
0 0.5012019230769231 0.2860576923076923 0.010817307692307692 0.014423076923076924
0 0.4519230769230769 0.3173076923076923 0.01201923076923077 0.019230769230769232
0 0.4254807692307692 0.26322115384615385 0.009615384615384616 0.015625
0 0.47115384615384615 0.3798076923076923 0.009615384615384616 0.013221153846153846
0 0.4831730769230769 0.41225961538461536 0.013221153846153846 0.020432692307692308
0 0.36177884615384615 0.25240384615384615 0.013221153846153846 0.016826923076923076
0 0.28125 0.2620192307692308 0.018028846153846152 0.025240384615384616
0 0.3076923076923077 0.28125 0.014423076923076924 0.025240384615384616
0 0.28725961538461536 0.30649038461538464 0.030048076923076924 0.06370192307692307
0 0.15625 0.4423076923076923 0.02283653846153846 0.038461538461538464
0 0.40865384615384615 0.6923076923076923 0.04927884615384615 0.06971153846153846
0 0.43028846153846156 0.6081730769230769 0.04927884615384615 0.056490384615384616
0 0.08052884615384616 0.5685096153846154 0.03485576923076923 0.052884615384615384
0 0.10576923076923077 0.5348557692307693 0.02403846153846154 0.051682692307692304
0 0.025240384615384616 0.8377403846153846 0.05048076923076923 0.11057692307692307
0 0.30408653846153844 0.7355769230769231 0.04927884615384615 0.10336538461538461
0 0.5600961538461539 0.6742788461538461 0.057692307692307696 0.12740384615384615
0 0.5661057692307693 0.23076923076923078 0.007211538461538462 0.009615384615384616
0 0.8305288461538461 0.33052884615384615 0.006009615384615385 0.009615384615384616
0 0.7572115384615384 0.2776442307692308 0.006009615384615385 0.007211538461538462
0 0.23317307692307693 0.39663461538461536 0.019230769230769232 0.036057692307692304
0 0.7992788461538461 0.3076923076923077 0.007211538461538462 0.015625