0 0.8918269230769231 0.6466346153846154 0.04567307692307692 0.10096153846153846
0 0.921875 0.5444711538461539 0.037259615384615384 0.078125
0 0.9735576923076923 0.8786057692307693 0.05048076923076923 0.109375
0 0.7524038461538461 0.6213942307692307 0.054086538461538464 0.11899038461538461
0 0.8088942307692307 0.5036057692307693 0.037259615384615384 0.08533653846153846
0 0.6286057692307693 0.4675480769230769 0.03365384615384615 0.09735576923076923
0 0.6322115384615384 0.3293269230769231 0.015625 0.037259615384615384
0 0.6538461538461539 0.31009615384615385 0.013221153846153846 0.040865384615384616
0 0.6538461538461539 0.27524038461538464 0.010817307692307692 0.025240384615384616
0 0.7524038461538461 0.32091346153846156 0.018028846153846152 0.054086538461538464
0 0.8161057692307693 0.39783653846153844 0.018028846153846152 0.052884615384615384
0 0.859375 0.35697115384615385 0.021634615384615384 0.054086538461538464
0 0.6550480769230769 0.7836538461538461 0.06129807692307692 0.12139423076923077
0 0.5889423076923077 0.5817307692307693 0.04447115384615385 0.1045673076923077
0 0.5048076923076923 0.33052884615384615 0.018028846153846152 0.052884615384615384
0 0.5036057692307693 0.2920673076923077 0.013221153846153846 0.03125
0 0.5865384615384616 0.2956730769230769 0.01201923076923077 0.03245192307692308
0 0.6514423076923077 0.21153846153846154 0.018028846153846152 0.03245192307692308
0 0.4795673076923077 0.36899038461538464 0.02283653846153846 0.054086538461538464
0 0.40384615384615385 0.3629807692307692 0.02403846153846154 0.04567307692307692
0 0.44350961538461536 0.4807692307692308 0.037259615384615384 0.09014423076923077
0 0.390625 0.40384615384615385 0.025240384615384616 0.056490384615384616
0 0.4411057692307692 0.20192307692307693 0.016826923076923076 0.03365384615384615
0 0.4639423076923077 0.45913461538461536 0.020432692307692308 0.06129807692307692
0 0.31009615384615385 0.5396634615384616 0.028846153846153848 0.06850961538461539
0 0.20793269230769232 0.46033653846153844 0.03245192307692308 0.07692307692307693
0 0.2439903846153846 0.5805288461538461 0.04807692307692308 0.11298076923076923
0 0.20192307692307693 0.5901442307692307 0.03245192307692308 0.07451923076923077
0 0.23317307692307693 0.36658653846153844 0.021634615384615384 0.042067307692307696
0 0.21634615384615385 0.3088942307692308 0.020432692307692308 0.040865384615384616
0 0.28966346153846156 0.28725961538461536 0.014423076923076924 0.036057692307692304
0 0.375 0.27163461538461536 0.015625 0.03365384615384615
0 0.3605769230769231 0.3401442307692308 0.018028846153846152 0.04447115384615385
0 0.5084134615384616 0.6298076923076923 0.056490384615384616 0.14302884615384615
0 0.46033653846153844 0.6995192307692307 0.06009615384615385 0.16346153846153846
0 0.4519230769230769 0.30408653846153844 0.014423076923076924 0.03125
0 0.17668269230769232 0.36658653846153844 0.021634615384615384 0.04927884615384615
0 0.31490384615384615 0.8449519230769231 0.06850961538461539 0.109375
0 0.0985576923076923 0.5961538461538461 0.04927884615384615 0.1045673076923077
0 0.056490384615384616 0.9591346153846154 0.109375 0.08052884615384616
0 0.1141826923076923 0.4639423076923077 0.028846153846153848 0.052884615384615384
0 0.04447115384615385 0.48677884615384615 0.025240384615384616 0.06370192307692307
0 0.03365384615384615 0.3894230769230769 0.025240384615384616 0.040865384615384616
0 0.5384615384615384 0.3581730769230769 0.018028846153846152 0.04927884615384615