0 0.25721153846153844 0.4651442307692308 0.028846153846153848 0.040865384615384616
0 0.2920673076923077 0.38461538461538464 0.018028846153846152 0.02403846153846154
0 0.12620192307692307 0.4098557692307692 0.019230769230769232 0.019230769230769232
0 0.40865384615384615 0.44350961538461536 0.025240384615384616 0.020432692307692308
0 0.3713942307692308 0.3245192307692308 0.013221153846153846 0.02403846153846154
0 0.46634615384615385 0.3545673076923077 0.016826923076923076 0.013221153846153846
0 0.43149038461538464 0.31009615384615385 0.007211538461538462 0.013221153846153846
0 0.46875 0.29086538461538464 0.008413461538461538 0.014423076923076924
0 0.5024038461538461 0.2980769230769231 0.007211538461538462 0.014423076923076924
0 0.6045673076923077 0.40384615384615385 0.018028846153846152 0.013221153846153846
0 0.6682692307692307 0.4182692307692308 0.019230769230769232 0.014423076923076924
0 0.7115384615384616 0.3557692307692308 0.019230769230769232 0.013221153846153846
0 0.7391826923076923 0.3269230769230769 0.008413461538461538 0.013221153846153846
0 0.6682692307692307 0.3088942307692308 0.007211538461538462 0.014423076923076924
0 0.6754807692307693 0.30288461538461536 0.008413461538461538 0.014423076923076924
0 0.703125 0.3137019230769231 0.006009615384615385 0.015625
0 0.6346153846153846 0.296875 0.010817307692307692 0.015625
0 0.5997596153846154 0.30649038461538464 0.008413461538461538 0.015625
0 0.8257211538461539 0.3173076923076923 0.010817307692307692 0.018028846153846152
0 0.8990384615384616 0.359375 0.01201923076923077 0.018028846153846152
0 0.9170673076923077 0.3425480769230769 0.03245192307692308 0.030048076923076924
0 0.5661057692307693 0.2932692307692308 0.008413461538461538 0.014423076923076924
0 0.5360576923076923 0.3004807692307692 0.008413461538461538 0.015625
0 0.18990384615384615 0.25240384615384615 0.007211538461538462 0.010817307692307692
0 0.13822115384615385 0.2644230769230769 0.006009615384615385 0.013221153846153846