0 0 0 0 0
0 0.82666015625 0.7568740955137482 0.0166015625 0.06367583212735166
0 0.9345703125 0.6483357452966715 0.03515625 0.05788712011577424
0 0.8837890625 0.7091172214182344 0.052734375 0.060781476121562955
0 0.78515625 0.6237337192474675 0.03515625 0.059334298118668596
0 0.77392578125 0.5426917510853835 0.0302734375 0.060781476121562955
0 0.8544921875 0.5253256150506512 0.033203125 0.05788712011577424
0 0.677734375 0.557163531114327 0.033203125 0.0723589001447178
0 0.59814453125 0.6338639652677279 0.0341796875 0.06657018813314038
0 0.583984375 0.4905933429811867 0.03515625 0.059334298118668596
0 0.74609375 0.46599131693198265 0.02734375 0.05209840810419682
0 0.6494140625 0.4312590448625181 0.029296875 0.05788712011577424
0 0.50146484375 0.6164978292329957 0.0322265625 0.06512301013024602
0 0.47265625 0.5296671490593343 0.025390625 0.059334298118668596
0 0.400390625 0.5759768451519537 0.03125 0.059334298118668596
0 0.4208984375 0.5123010130246021 0.03515625 0.05065123010130246
0 0.44140625 0.4717800289435601 0.02734375 0.053545586107091175
0 0.38671875 0.4240231548480463 0.0234375 0.04486251808972504
0 0.5322265625 0.4761215629522431 0.02734375 0.056439942112879886
0 0.4921875 0.4341534008683068 0.025390625 0.049204052098408106
0 0.4423828125 0.42547033285094066 0.025390625 0.049204052098408106
0 0.33251953125 0.532561505065123 0.0322265625 0.049204052098408106
0 0.25732421875 0.5918958031837916 0.0263671875 0.04341534008683068
0 0.28173828125 0.46888567293777134 0.0224609375 0.04486251808972504
0 0.32568359375 0.4558610709117221 0.0322265625 0.05209840810419682
0 0.310546875 0.3950795947901592 0.021484375 0.03762662807525326
0 0.37548828125 0.3921852387843705 0.0185546875 0.03907380607814761
0 0.23681640625 0.3921852387843705 0.0244140625 0.041968162083936326
0 0.18994140625 0.47756874095513746 0.0302734375 0.04775687409551375
0 0.158203125 0.4804630969609262 0.033203125 0.060781476121562955
0 0.09228515625 0.5441389290882779 0.0302734375 0.04486251808972504
0 0.02294921875 0.5817655571635311 0.0322265625 0.05065123010130246
0 0.00732421875 0.48191027496382055 0.0146484375 0.06222865412445731
0 0.01318359375 0.447178002894356 0.0166015625 0.03907380607814761
0 0.01416015625 0.3921852387843705 0.0205078125 0.041968162083936326
0 0.03515625 0.3878437047756874 0.01953125 0.04775687409551375
0 0.037109375 0.3154848046309696 0.025390625 0.03907380607814761
0 0.09619140625 0.32706222865412443 0.0224609375 0.0361794500723589
0 0.041015625 0.4370477568740955 0.033203125 0.03907380607814761
0 0.08935546875 0.4934876989869754 0.0322265625 0.049204052098408106
0 0.11181640625 0.45296671490593343 0.0302734375 0.049204052098408106
0 0.17919921875 0.43270622286541244 0.0224609375 0.0361794500723589
0 0.1279296875 0.3907380607814761 0.0234375 0.03762662807525326
0 0.1826171875 0.3704775687409551 0.021484375 0.03907380607814761
0 0.0751953125 0.3314037626628075 0.017578125 0.03183791606367583
0 0.1572265625 0.3183791606367583 0.021484375 0.027496382054992764
0 0.2021484375 0.35311143270622286 0.021484375 0.04052098408104197
0 0.24462890625 0.30824891461649784 0.0302734375 0.04486251808972504
0 0.22412109375 0.2778581765557164 0.0185546875 0.030390738060781478
0 0.27734375 0.3357452966714906 0.025390625 0.04630969609261939
0 0.32958984375 0.3183791606367583 0.0185546875 0.04052098408104197
0 0.08203125 0.2937771345875543 0.021484375 0.03762662807525326
0 0.10791015625 0.28075253256150506 0.0166015625 0.03183791606367583
0 0.0419921875 0.25180897250361794 0.01953125 0.03328509406657019
0 0.00732421875 0.2793053545586107 0.0126953125 0.023154848046309694
0 0.0263671875 0.2011577424023155 0.01171875 0.024602026049204053
0 0.0166015625 0.17800289435600578 0.01171875 0.02170767004341534
0 0.03564453125 0.16642547033285093 0.0126953125 0.023154848046309694
0 0.0419921875 0.1837916063675832 0.015625 0.02604920405209841
0 0.07861328125 0.23299565846599132 0.0126953125 0.024602026049204053
0 0.0859375 0.18668596237337193 0.01171875 0.01881331403762663
0 0.1318359375 0.20260492040520983 0.013671875 0.027496382054992764
0 0.13818359375 0.23733719247467439 0.0205078125 0.03183791606367583
0 0.1376953125 0.16931982633863965 0.01171875 0.023154848046309694
0 0.1474609375 0.1345875542691751 0.01171875 0.024602026049204053
0 0.1650390625 0.1678726483357453 0.009765625 0.020260492040520984
0 0.1767578125 0.18234442836468887 0.01953125 0.02604920405209841
0 0.1943359375 0.23299565846599132 0.01953125 0.030390738060781478
0 0.2294921875 0.15050651230101303 0.013671875 0.02604920405209841
0 0.24609375 0.2301013024602026 0.017578125 0.0361794500723589
0 0.22998046875 0.2199710564399421 0.0126953125 0.02604920405209841
0 0.24658203125 0.191027496382055 0.0126953125 0.023154848046309694
0 0.2490234375 0.16353111432706222 0.01171875 0.02170767004341534
0 0.25 0.14327062228654125 0.01171875 0.023154848046309694
0 0.2724609375 0.1808972503617945 0.013671875 0.023154848046309694
0 0.2666015625 0.2272069464544139 0.015625 0.03183791606367583
0 0.30908203125 0.23299565846599132 0.0166015625 0.03183791606367583
0 0.30224609375 0.15629522431259044 0.0107421875 0.02170767004341534
0 0.3037109375 0.12301013024602026 0.01171875 0.020260492040520984
0 0.32958984375 0.15050651230101303 0.0087890625 0.017366136034732273
0 0.3388671875 0.1476121562952243 0.01171875 0.020260492040520984
0 0.35595703125 0.15629522431259044 0.0107421875 0.020260492040520984
0 0.30029296875 0.2040520984081042 0.0107421875 0.023154848046309694
0 0.322265625 0.24312590448625182 0.013671875 0.024602026049204053
0 0.3642578125 0.30824891461649784 0.021484375 0.04630969609261939
0 0.37890625 0.276410998552822 0.01953125 0.03762662807525326
0 0.3857421875 0.191027496382055 0.013671875 0.027496382054992764
0 0.37255859375 0.14616497829232997 0.0107421875 0.023154848046309694
0 0.2255859375 0.18668596237337193 0.009765625 0.01881331403762663
0 0.36328125 0.2141823444283647 0.017578125 0.03328509406657019
0 0.322265625 0.2011577424023155 0.013671875 0.027496382054992764
0 0.33740234375 0.17800289435600578 0.0126953125 0.02170767004341534
0 0.32177734375 0.17800289435600578 0.0126953125 0.023154848046309694
0 0.392578125 0.15340086830680175 0.013671875 0.020260492040520984
0 0.3857421875 0.12156295224312591 0.01171875 0.01881331403762663
0 0.4013671875 0.23589001447178004 0.017578125 0.030390738060781478
0 0.39892578125 0.3183791606367583 0.0166015625 0.03328509406657019
0 0.203125 0.1287988422575977 0.01171875 0.02170767004341534
0 0.27783203125 0.2098408104196816 0.0126953125 0.023154848046309694
0 0.35595703125 0.1939218523878437 0.0126953125 0.020260492040520984
0 0.33642578125 0.11577424023154848 0.0107421875 0.02170767004341534
0 0.34716796875 0.11432706222865413 0.0126953125 0.02170767004341534
0 0.42236328125 0.15340086830680175 0.0126953125 0.024602026049204053
0 0.4013671875 0.13314037626628075 0.005859375 0.024602026049204053
0 0.41259765625 0.10998552821997105 0.0107421875 0.020260492040520984
0 0.44189453125 0.2040520984081042 0.0146484375 0.027496382054992764
0 0.47216796875 0.2040520984081042 0.0126953125 0.024602026049204053
0 0.43896484375 0.14327062228654125 0.0087890625 0.02170767004341534
0 0.44775390625 0.12735166425470332 0.0107421875 0.017366136034732273
0 0.46923828125 0.12445730824891461 0.0107421875 0.01881331403762663
0 0.41943359375 0.2272069464544139 0.0146484375 0.02604920405209841
0 0.453125 0.25615050651230103 0.015625 0.03183791606367583
0 0.4833984375 0.24746743849493488 0.01953125 0.03473227206946455
0 0.5029296875 0.1808972503617945 0.01171875 0.02604920405209841
0 0.46337890625 0.34442836468885674 0.0205078125 0.0361794500723589
0 0.49658203125 0.3096960926193922 0.0185546875 0.04052098408104197
0 0.5283203125 0.36324167872648333 0.021484375 0.041968162083936326
0 0.58544921875 0.3907380607814761 0.0283203125 0.05209840810419682
0 0.529296875 0.2995658465991317 0.021484375 0.04341534008683068
0 0.5634765625 0.29088277858176553 0.01953125 0.04052098408104197
0 0.55029296875 0.2793053545586107 0.0146484375 0.030390738060781478
0 0.58349609375 0.3154848046309696 0.0205078125 0.03473227206946455
0 0.51708984375 0.19826338639652677 0.0126953125 0.027496382054992764
0 0.5244140625 0.22286541244573083 0.017578125 0.02894356005788712
0 0.55615234375 0.22141823444283648 0.0185546875 0.03328509406657019
0 0.4951171875 0.1389290882778582 0.01171875 0.024602026049204053
0 0.5107421875 0.12011577424023155 0.01171875 0.024602026049204053
0 0.58447265625 0.15340086830680175 0.0107421875 0.023154848046309694
0 0.56689453125 0.12156295224312591 0.0126953125 0.023154848046309694
0 0.60595703125 0.15340086830680175 0.0126953125 0.027496382054992764
0 0.6044921875 0.11143270622286541 0.009765625 0.01881331403762663
0 0.61474609375 0.18523878437047755 0.0146484375 0.024602026049204053
0 0.53662109375 0.17510853835021709 0.0126953125 0.02170767004341534
0 0.52880859375 0.0955137481910275 0.0087890625 0.01881331403762663
0 0.640625 0.2199710564399421 0.017578125 0.030390738060781478
0 0.63671875 0.2633863965267728 0.017578125 0.03183791606367583
0 0.63818359375 0.19826338639652677 0.0166015625 0.02894356005788712
0 0.6298828125 0.15918958031837915 0.013671875 0.02170767004341534
0 0.63134765625 0.13024602026049203 0.0126953125 0.023154848046309694
0 0.6513671875 0.10564399421128799 0.009765625 0.02170767004341534
0 0.65478515625 0.19971056439942114 0.0087890625 0.02170767004341534
0 0.6181640625 0.30824891461649784 0.015625 0.04052098408104197
0 0.63232421875 0.3053545586107091 0.0224609375 0.04775687409551375
0 0.62255859375 0.3661360347322721 0.0244140625 0.05209840810419682
0 0.65625 0.29232995658465993 0.021484375 0.03762662807525326
0 0.66259765625 0.3256150506512301 0.0185546875 0.03907380607814761
0 0.73388671875 0.2937771345875543 0.0224609375 0.03762662807525326
0 0.712890625 0.24457308248914617 0.021484375 0.0361794500723589
0 0.76953125 0.3053545586107091 0.013671875 0.030390738060781478
0 0.7919921875 0.30824891461649784 0.01953125 0.0361794500723589
0 0.78662109375 0.3545586107091172 0.0205078125 0.03473227206946455
0 0.8203125 0.3719247467438495 0.0234375 0.04341534008683068
0 0.66845703125 0.19681620839363242 0.0146484375 0.024602026049204053
0 0.66845703125 0.1476121562952243 0.0107421875 0.024602026049204053
0 0.6875 0.12301013024602026 0.01171875 0.020260492040520984
0 0.72509765625 0.22575976845151954 0.0185546875 0.03762662807525326
0 0.71923828125 0.17221418234442837 0.0126953125 0.024602026049204053
0 0.75048828125 0.20839363241678727 0.0166015625 0.024602026049204053
0 0.75341796875 0.23589001447178004 0.0126953125 0.03762662807525326
0 0.78466796875 0.21273516642547033 0.0146484375 0.02894356005788712
0 0.826171875 0.2141823444283647 0.017578125 0.03328509406657019
0 0.81689453125 0.27496382054992763 0.0166015625 0.03473227206946455
0 0.83251953125 0.18958031837916064 0.0166015625 0.02894356005788712
0 0.81494140625 0.17510853835021709 0.0146484375 0.024602026049204053
0 0.7333984375 0.1085383502170767 0.01171875 0.01881331403762663
0 0.85107421875 0.3950795947901592 0.0244140625 0.05065123010130246
0 0.875 0.4240231548480463 0.029296875 0.05788712011577424
0 0.865234375 0.36468885672937773 0.02734375 0.04486251808972504
0 0.85888671875 0.2793053545586107 0.0166015625 0.030390738060781478
0 0.8828125 0.27496382054992763 0.025390625 0.05209840810419682
0 0.9130859375 0.44138929088277856 0.0234375 0.04341534008683068
0 0.7763671875 0.1649782923299566 0.009765625 0.01881331403762663
0 0.85400390625 0.23444283646888567 0.0146484375 0.02604920405209841
0 0.873046875 0.22575976845151954 0.017578125 0.03183791606367583
0 0.89404296875 0.2301013024602026 0.0205078125 0.04052098408104197
0 0.96240234375 0.29667149059334297 0.0244140625 0.04341534008683068
0 0.93408203125 0.24891461649782923 0.0166015625 0.027496382054992764
0 0.951171875 0.2503617945007236 0.015625 0.030390738060781478
0 0.91064453125 0.1678726483357453 0.0146484375 0.024602026049204053
0 0.88623046875 0.15340086830680175 0.0126953125 0.023154848046309694
0 0.94287109375 0.17221418234442837 0.0126953125 0.02170767004341534
0 0.9716796875 0.1649782923299566 0.01171875 0.023154848046309694
0 0.99169921875 0.2098408104196816 0.0146484375 0.03328509406657019
0 0.98974609375 0.36034732272069464 0.0185546875 0.05209840810419682
0 0.77685546875 0.13024602026049203 0.0126953125 0.023154848046309694
0 0.7666015625 0.15918958031837915 0.009765625 0.02170767004341534
0 0.8515625 0.13024602026049203 0.009765625 0.020260492040520984
0 0.70166015625 0.516642547033285 0.0146484375 0.041968162083936326
0 0.697265625 0.19681620839363242 0.015625 0.02604920405209841
0 0.82080078125 0.1085383502170767 0.0126953125 0.027496382054992764
0 0.83642578125 0.10419681620839363 0.0107421875 0.020260492040520984
0 0.953125 0.13748191027496381 0.01171875 0.02604920405209841
0 0.9833984375 0.12735166425470332 0.01171875 0.02170767004341534
0 0.896484375 0.12445730824891461 0.01171875 0.023154848046309694
0 0.91650390625 0.14037626628075253 0.0087890625 0.01881331403762663
0 0.4736328125 0.1736613603473227 0.015625 0.030390738060781478
0 0.45166015625 0.1837916063675832 0.0146484375 0.02604920405209841