0 0.3918269230769231 0.4326923076923077 0.028846153846153848 0.042067307692307696
0 0.46875 0.421875 0.028846153846153848 0.04447115384615385
0 0.38822115384615385 0.31971153846153844 0.030048076923076924 0.056490384615384616
0 0.4014423076923077 0.2668269230769231 0.030048076923076924 0.046875
0 0.4891826923076923 0.2980769230769231 0.03245192307692308 0.05048076923076923
0 0.5360576923076923 0.25721153846153844 0.030048076923076924 0.04326923076923077
0 0.5841346153846154 0.31971153846153844 0.027644230769230768 0.04447115384615385
0 0.6538461538461539 0.3088942307692308 0.028846153846153848 0.04326923076923077
0 0.6971153846153846 0.28125 0.030048076923076924 0.04447115384615385
0 0.5649038461538461 0.3870192307692308 0.03125 0.04447115384615385
0 0.6766826923076923 0.3629807692307692 0.03125 0.04447115384615385
0 0.5516826923076923 0.4951923076923077 0.028846153846153848 0.042067307692307696
0 0.6514423076923077 0.49759615384615385 0.028846153846153848 0.042067307692307696
0 0.7403846153846154 0.34975961538461536 0.028846153846153848 0.04927884615384615
0 0.7872596153846154 0.27884615384615385 0.03125 0.055288461538461536
0 0.7740384615384616 0.38461538461538464 0.03365384615384615 0.04447115384615385
0 0.8377403846153846 0.3581730769230769 0.030048076923076924 0.046875
0 0.18509615384615385 0.26322115384615385 0.030048076923076924 0.05048076923076923
0 0.12980769230769232 0.36899038461538464 0.03245192307692308 0.036057692307692304
0 0.22716346153846154 0.33413461538461536 0.037259615384615384 0.05048076923076923
0 0.28846153846153844 0.3137019230769231 0.03365384615384615 0.052884615384615384
0 0.14903846153846154 0.5384615384615384 0.03485576923076923 0.057692307692307696
0 0.24759615384615385 0.46153846153846156 0.028846153846153848 0.042067307692307696
0 0.359375 0.3317307692307692 0.036057692307692304 0.05889423076923077