0 0.06370192307692307 0.4014423076923077 0.036057692307692304 0.057692307692307696
0 0.14302884615384615 0.34134615384615385 0.03485576923076923 0.057692307692307696
0 0.046875 0.33774038461538464 0.03365384615384615 0.04567307692307692
0 0.203125 0.3629807692307692 0.03365384615384615 0.057692307692307696
0 0.26322115384615385 0.3449519230769231 0.03365384615384615 0.056490384615384616
0 0.3245192307692308 0.3858173076923077 0.027644230769230768 0.04927884615384615
0 0.33774038461538464 0.3485576923076923 0.028846153846153848 0.04567307692307692
0 0.38822115384615385 0.4651442307692308 0.027644230769230768 0.05048076923076923
0 0.39903846153846156 0.34615384615384615 0.028846153846153848 0.05048076923076923
0 0.46153846153846156 0.3605769230769231 0.027644230769230768 0.04927884615384615
0 0.5024038461538461 0.328125 0.03125 0.051682692307692304
0 0.5733173076923077 0.3425480769230769 0.028846153846153848 0.04567307692307692
0 0.6538461538461539 0.31490384615384615 0.028846153846153848 0.04927884615384615
0 0.7055288461538461 0.30408653846153844 0.030048076923076924 0.05048076923076923
0 0.5516826923076923 0.4411057692307692 0.027644230769230768 0.036057692307692304
0 0.5733173076923077 0.48677884615384615 0.026442307692307692 0.042067307692307696
0 0.578125 0.6802884615384616 0.03245192307692308 0.04807692307692308
0 0.7427884615384616 0.7632211538461539 0.03125 0.042067307692307696
0 0.016826923076923076 0.7524038461538461 0.03245192307692308 0.06009615384615385
0 0.15625 0.7668269230769231 0.040865384615384616 0.057692307692307696
0 0.2920673076923077 0.7415865384615384 0.039663461538461536 0.06129807692307692
0 0.3473557692307692 0.765625 0.03245192307692308 0.04567307692307692
0 0.640625 0.7896634615384616 0.03245192307692308 0.036057692307692304
0 0.46634615384615385 0.7079326923076923 0.03365384615384615 0.04567307692307692
0 0.7536057692307693 0.3641826923076923 0.028846153846153848 0.04567307692307692
0 0.7764423076923077 0.3125 0.03125 0.04567307692307692
0 0.8088942307692307 0.33052884615384615 0.03245192307692308 0.05048076923076923
0 0.890625 0.3389423076923077 0.03365384615384615 0.054086538461538464
0 0.9663461538461539 0.3557692307692308 0.03485576923076923 0.046875