0 0.07451923076923077 0.24759615384615385 0.055288461538461536 0.07932692307692307
0 0.28966346153846156 0.078125 0.039663461538461536 0.06490384615384616
0 0.26322115384615385 0.2932692307692308 0.039663461538461536 0.0625
0 0.3329326923076923 0.2776442307692308 0.04447115384615385 0.0733173076923077
0 0.5024038461538461 0.2956730769230769 0.04927884615384615 0.08052884615384616
0 0.6634615384615384 0.23076923076923078 0.04927884615384615 0.08533653846153846
0 0.35697115384615385 0.4567307692307692 0.04927884615384615 0.0733173076923077
0 0.48197115384615385 0.5360576923076923 0.057692307692307696 0.1201923076923077
0 0.3329326923076923 0.5384615384615384 0.06490384615384616 0.10817307692307693
0 0.19831730769230768 0.6838942307692307 0.054086538461538464 0.0889423076923077
0 0.1935096153846154 0.49759615384615385 0.04927884615384615 0.08173076923076923
0 0.16947115384615385 0.375 0.04447115384615385 0.06129807692307692
0 0.03485576923076923 0.5961538461538461 0.06009615384615385 0.0889423076923077
0 0.6370192307692307 0.6442307692307693 0.06850961538461539 0.13221153846153846
0 0.7764423076923077 0.7788461538461539 0.0733173076923077 0.11177884615384616
0 0.859375 0.7451923076923077 0.039663461538461536 0.057692307692307696
0 0.7319711538461539 0.5396634615384616 0.056490384615384616 0.08653846153846154
0 0.5480769230769231 0.2860576923076923 0.039663461538461536 0.06971153846153846
0 0.6225961538461539 0.5120192307692307 0.046875 0.0673076923076923
0 0.7620192307692307 0.4567307692307692 0.051682692307692304 0.078125
0 0.8016826923076923 0.1201923076923077 0.042067307692307696 0.06610576923076923
0 0.9711538461538461 0.33533653846153844 0.021634615384615384 0.052884615384615384
0 0.8918269230769231 0.5012019230769231 0.04927884615384615 0.08052884615384616