0 0.12259615384615384 0.1935096153846154 0.038461538461538464 0.05889423076923077
0 0.20432692307692307 0.2800480769230769 0.039663461538461536 0.0625
0 0.25 0.21875 0.03245192307692308 0.05889423076923077
0 0.3161057692307692 0.2932692307692308 0.037259615384615384 0.06009615384615385
0 0.34375 0.22716346153846154 0.03365384615384615 0.06009615384615385
0 0.3713942307692308 0.3269230769230769 0.027644230769230768 0.039663461538461536
0 0.4230769230769231 0.23677884615384615 0.03365384615384615 0.06129807692307692
0 0.453125 0.2800480769230769 0.03365384615384615 0.0625
0 0.5420673076923077 0.2824519230769231 0.030048076923076924 0.05889423076923077
0 0.5204326923076923 0.22956730769230768 0.030048076923076924 0.06009615384615385
0 0.45072115384615385 0.3954326923076923 0.036057692307692304 0.057692307692307696
0 0.6298076923076923 0.28365384615384615 0.03365384615384615 0.06129807692307692
0 0.625 0.22235576923076922 0.030048076923076924 0.05889423076923077
0 0.7163461538461539 0.23918269230769232 0.03245192307692308 0.0625
0 0.7199519230769231 0.3713942307692308 0.026442307692307692 0.039663461538461536
0 0.7632211538461539 0.3088942307692308 0.03485576923076923 0.0625
0 0.8353365384615384 0.25600961538461536 0.03365384615384615 0.06009615384615385
0 0.8641826923076923 0.33774038461538464 0.038461538461538464 0.06971153846153846
0 0.6454326923076923 0.4807692307692308 0.03245192307692308 0.051682692307692304
0 0.5625 0.484375 0.03365384615384615 0.057692307692307696
0 0.6298076923076923 0.5949519230769231 0.028846153846153848 0.04927884615384615
0 0.2536057692307692 0.35697115384615385 0.037259615384615384 0.06610576923076923
0 0.17908653846153846 0.4495192307692308 0.02403846153846154 0.036057692307692304