0 0.10216346153846154 0.45913461538461536 0.03485576923076923 0.04807692307692308
0 0.13581730769230768 0.41586538461538464 0.03245192307692308 0.052884615384615384
0 0.1778846153846154 0.41225961538461536 0.03245192307692308 0.04807692307692308
0 0.2283653846153846 0.4651442307692308 0.028846153846153848 0.051682692307692304
0 0.2608173076923077 0.4266826923076923 0.03245192307692308 0.04807692307692308
0 0.3329326923076923 0.39903846153846156 0.026442307692307692 0.04447115384615385
0 0.36538461538461536 0.4579326923076923 0.026442307692307692 0.04447115384615385
0 0.43990384615384615 0.4230769230769231 0.026442307692307692 0.042067307692307696
0 0.4723557692307692 0.4387019230769231 0.027644230769230768 0.04807692307692308
0 0.5492788461538461 0.4651442307692308 0.02403846153846154 0.036057692307692304
0 0.5576923076923077 0.5216346153846154 0.036057692307692304 0.06009615384615385
0 0.27283653846153844 0.5492788461538461 0.03365384615384615 0.055288461538461536
0 0.3605769230769231 0.6105769230769231 0.03365384615384615 0.052884615384615384
0 0.46033653846153844 0.5444711538461539 0.028846153846153848 0.04807692307692308
0 0.5949519230769231 0.5649038461538461 0.03365384615384615 0.057692307692307696
0 0.7007211538461539 0.5516826923076923 0.030048076923076924 0.05048076923076923
0 0.6322115384615384 0.4639423076923077 0.025240384615384616 0.037259615384615384
0 0.6610576923076923 0.42427884615384615 0.026442307692307692 0.04326923076923077
0 0.7403846153846154 0.5288461538461539 0.026442307692307692 0.04447115384615385
0 0.7680288461538461 0.47115384615384615 0.027644230769230768 0.038461538461538464
0 0.8269230769230769 0.47475961538461536 0.03245192307692308 0.04927884615384615
0 0.7920673076923077 0.5612980769230769 0.038461538461538464 0.055288461538461536
0 0.8930288461538461 0.46274038461538464 0.03365384615384615 0.05048076923076923