0 0.11899038461538461 0.7259615384615384 0.02403846153846154 0.020432692307692308
0 0.35697115384615385 0.7872596153846154 0.027644230769230768 0.02403846153846154
0 0.2608173076923077 0.7848557692307693 0.02403846153846154 0.025240384615384616
0 0.17307692307692307 0.7908653846153846 0.027644230769230768 0.025240384615384616
0 0.8701923076923077 0.2548076923076923 0.042067307692307696 0.037259615384615384
0 0.8016826923076923 0.23557692307692307 0.038461538461538464 0.03485576923076923
0 0.7572115384615384 0.2824519230769231 0.038461538461538464 0.03485576923076923
0 0.6935096153846154 0.22716346153846154 0.04326923076923077 0.03365384615384615
0 0.7487980769230769 0.19110576923076922 0.036057692307692304 0.028846153846153848
0 0.6862980769230769 0.19951923076923078 0.039663461538461536 0.03125
0 0.6430288461538461 0.1971153846153846 0.03365384615384615 0.03365384615384615
0 0.6117788461538461 0.1778846153846154 0.03365384615384615 0.028846153846153848
0 0.6742788461538461 0.1502403846153846 0.02403846153846154 0.020432692307692308
0 0.7115384615384616 0.15504807692307693 0.028846153846153848 0.030048076923076924
0 0.6634615384615384 0.12259615384615384 0.03365384615384615 0.027644230769230768
0 0.5685096153846154 0.2247596153846154 0.03485576923076923 0.03365384615384615
0 0.5913461538461539 0.27524038461538464 0.036057692307692304 0.03365384615384615
0 0.4831730769230769 0.22115384615384615 0.037259615384615384 0.037259615384615384
0 0.5132211538461539 0.17067307692307693 0.03485576923076923 0.03125
0 0.5384615384615384 0.17427884615384615 0.027644230769230768 0.028846153846153848
0 0.4423076923076923 0.1346153846153846 0.03365384615384615 0.030048076923076924
0 0.4326923076923077 0.21875 0.038461538461538464 0.03125
0 0.4074519230769231 0.18870192307692307 0.028846153846153848 0.028846153846153848
0 0.36899038461538464 0.18509615384615385 0.030048076923076924 0.02283653846153846
0 0.36899038461538464 0.2247596153846154 0.036057692307692304 0.03125
0 0.38221153846153844 0.28125 0.040865384615384616 0.036057692307692304
0 0.28846153846153844 0.23918269230769232 0.03485576923076923 0.03245192307692308
0 0.31850961538461536 0.2091346153846154 0.03245192307692308 0.028846153846153848
0 0.2920673076923077 0.17548076923076922 0.030048076923076924 0.026442307692307692
0 0.3137019230769231 0.125 0.03125 0.028846153846153848
0 0.22956730769230768 0.2512019230769231 0.039663461538461536 0.03485576923076923
0 0.203125 0.18870192307692307 0.03365384615384615 0.03125
0 0.15745192307692307 0.22355769230769232 0.03365384615384615 0.03125
0 0.12139423076923077 0.2247596153846154 0.040865384615384616 0.037259615384615384
0 0.2512019230769231 0.3894230769230769 0.037259615384615384 0.038461538461538464
0 0.18269230769230768 0.3894230769230769 0.036057692307692304 0.028846153846153848
0 0.125 0.38822115384615385 0.036057692307692304 0.03365384615384615
0 0.5793269230769231 0.38822115384615385 0.038461538461538464 0.038461538461538464
0 0.8473557692307693 0.6526442307692307 0.026442307692307692 0.025240384615384616
0 0.8197115384615384 0.6490384615384616 0.02403846153846154 0.02283653846153846
0 0.8028846153846154 0.6923076923076923 0.02403846153846154 0.02403846153846154
0 0.7367788461538461 0.6850961538461539 0.02283653846153846 0.02283653846153846
0 0.7608173076923077 0.6754807692307693 0.014423076923076924 0.018028846153846152
0 0.7295673076923077 0.6490384615384616 0.02403846153846154 0.02403846153846154
0 0.6742788461538461 0.6670673076923077 0.028846153846153848 0.02283653846153846
0 0.6478365384615384 0.6538461538461539 0.02283653846153846 0.02283653846153846
0 0.6057692307692307 0.6502403846153846 0.02403846153846154 0.02283653846153846
0 0.5685096153846154 0.6742788461538461 0.028846153846153848 0.021634615384615384
0 0.5540865384615384 0.6358173076923077 0.02403846153846154 0.021634615384615384
0 0.8125 0.796875 0.026442307692307692 0.025240384615384616
0 0.734375 0.8004807692307693 0.026442307692307692 0.02283653846153846
0 0.6430288461538461 0.7932692307692307 0.027644230769230768 0.027644230769230768
0 0.5036057692307693 0.7247596153846154 0.018028846153846152 0.019230769230769232
0 0.5108173076923077 0.7776442307692307 0.03245192307692308 0.02403846153846154
0 0.4519230769230769 0.7884615384615384 0.027644230769230768 0.027644230769230768
0 0.4963942307692308 0.6466346153846154 0.02403846153846154 0.02403846153846154
0 0.4579326923076923 0.6382211538461539 0.021634615384615384 0.025240384615384616
0 0.43149038461538464 0.6478365384615384 0.02403846153846154 0.02403846153846154
0 0.39783653846153844 0.671875 0.02283653846153846 0.02283653846153846
0 0.359375 0.6538461538461539 0.026442307692307692 0.025240384615384616
0 0.3112980769230769 0.6334134615384616 0.025240384615384616 0.02283653846153846
0 0.3161057692307692 0.6670673076923077 0.028846153846153848 0.02283653846153846
0 0.2704326923076923 0.671875 0.026442307692307692 0.02283653846153846
0 0.23798076923076922 0.6634615384615384 0.020432692307692308 0.021634615384615384
0 0.21394230769230768 0.6634615384615384 0.027644230769230768 0.02283653846153846
0 0.14182692307692307 0.6694711538461539 0.021634615384615384 0.021634615384615384
0 0.09975961538461539 0.6610576923076923 0.027644230769230768 0.021634615384615384