0 0 0 0 0
0 0.1953125 0.3325526932084309 0.013671875 0.053864168618266976
0 0.27001953125 0.2857142857142857 0.0166015625 0.053864168618266976
0 0.30126953125 0.23653395784543327 0.0146484375 0.04215456674473068
0 0.34619140625 0.25995316159250587 0.0126953125 0.03981264637002342
0 0.38818359375 0.2786885245901639 0.0146484375 0.03278688524590164
0 0.42724609375 0.297423887587822 0.0126953125 0.0351288056206089
0 0.46142578125 0.2646370023419204 0.0146484375 0.03747072599531616
0 0.50439453125 0.2693208430913349 0.0146484375 0.03747072599531616
0 0.5478515625 0.2459016393442623 0.013671875 0.03044496487119438
0 0.6142578125 0.27634660421545665 0.015625 0.03747072599531616
0 0.6552734375 0.2997658079625293 0.013671875 0.03981264637002342
0 0.72216796875 0.27400468384074944 0.0146484375 0.03981264637002342
0 0.703125 0.22482435597189696 0.013671875 0.03747072599531616
0 0.76220703125 0.3231850117096019 0.0107421875 0.04918032786885246
0 0.79345703125 0.21311475409836064 0.0146484375 0.0351288056206089
0 0.82568359375 0.21779859484777517 0.0126953125 0.05620608899297424
0 0.875 0.2529274004683841 0.01953125 0.0468384074941452
0 0.93310546875 0.18266978922716628 0.0166015625 0.0468384074941452