0 0.16947115384615385 0.36538461538461536 0.007211538461538462 0.013221153846153846
0 0.19230769230769232 0.359375 0.007211538461538462 0.014423076923076924
0 0.21153846153846154 0.33413461538461536 0.006009615384615385 0.01201923076923077
0 0.20793269230769232 0.3870192307692308 0.010817307692307692 0.02283653846153846
0 0.25961538461538464 0.39302884615384615 0.013221153846153846 0.015625
0 0.23197115384615385 0.35697115384615385 0.008413461538461538 0.016826923076923076
0 0.26802884615384615 0.4182692307692308 0.009615384615384616 0.020432692307692308
0 0.29447115384615385 0.39302884615384615 0.013221153846153846 0.025240384615384616
0 0.2860576923076923 0.3485576923076923 0.007211538461538462 0.015625
0 0.3004807692307692 0.3401442307692308 0.007211538461538462 0.015625
0 0.3317307692307692 0.33653846153846156 0.007211538461538462 0.013221153846153846
0 0.3581730769230769 0.39663461538461536 0.01201923076923077 0.021634615384615384
0 0.3317307692307692 0.3798076923076923 0.010817307692307692 0.021634615384615384
0 0.34615384615384615 0.36778846153846156 0.007211538461538462 0.019230769230769232
0 0.375 0.35216346153846156 0.007211538461538462 0.015625
0 0.3954326923076923 0.37740384615384615 0.009615384615384616 0.016826923076923076
0 0.4254807692307692 0.42908653846153844 0.013221153846153846 0.026442307692307692
0 0.4014423076923077 0.4891826923076923 0.014423076923076924 0.03485576923076923
0 0.3389423076923077 0.42908653846153844 0.010817307692307692 0.016826923076923076
0 0.4110576923076923 0.3485576923076923 0.007211538461538462 0.015625
0 0.4266826923076923 0.33533653846153844 0.007211538461538462 0.015625
0 0.45072115384615385 0.34975961538461536 0.006009615384615385 0.016826923076923076
0 0.47475961538461536 0.3473557692307692 0.007211538461538462 0.014423076923076924
0 0.4639423076923077 0.36778846153846156 0.008413461538461538 0.013221153846153846
0 0.4567307692307692 0.3918269230769231 0.01201923076923077 0.015625
0 0.5576923076923077 0.39663461538461536 0.009615384615384616 0.020432692307692308
0 0.5841346153846154 0.38221153846153844 0.008413461538461538 0.019230769230769232
0 0.6117788461538461 0.38341346153846156 0.010817307692307692 0.013221153846153846
0 0.6514423076923077 0.4951923076923077 0.013221153846153846 0.026442307692307692
0 0.6514423076923077 0.41466346153846156 0.010817307692307692 0.020432692307692308
0 0.6923076923076923 0.43509615384615385 0.010817307692307692 0.026442307692307692
0 0.6959134615384616 0.3557692307692308 0.007211538461538462 0.014423076923076924
0 0.7283653846153846 0.3641826923076923 0.007211538461538462 0.014423076923076924
0 0.6201923076923077 0.3245192307692308 0.004807692307692308 0.008413461538461538
0 0.8040865384615384 0.38221153846153844 0.05889423076923077 0.15504807692307693
0 0.7680288461538461 0.4074519230769231 0.004807692307692308 0.009615384615384616
0 0.7584134615384616 0.4423076923076923 0.006009615384615385 0.009615384615384616
0 0.7475961538461539 0.38221153846153844 0.004807692307692308 0.009615384615384616
0 0.7572115384615384 0.3942307692307692 0.002403846153846154 0.006009615384615385
0 0.020432692307692308 0.546875 0.009615384615384616 0.056490384615384616
0 0.025240384615384616 0.5240384615384616 0.018028846153846152 0.037259615384615384
0 0.0625 0.5372596153846154 0.016826923076923076 0.040865384615384616
0 0.08052884615384616 0.5228365384615384 0.018028846153846152 0.03485576923076923
0 0.10096153846153846 0.4831730769230769 0.015625 0.020432692307692308
0 0.05889423076923077 0.44471153846153844 0.01201923076923077 0.02283653846153846
0 0.078125 0.40625 0.007211538461538462 0.015625
0 0.10096153846153846 0.41947115384615385 0.010817307692307692 0.019230769230769232
0 0.125 0.4050480769230769 0.008413461538461538 0.020432692307692308
0 0.14182692307692307 0.38461538461538464 0.008413461538461538 0.016826923076923076
0 0.125 0.38461538461538464 0.007211538461538462 0.01201923076923077
0 0.171875 0.3942307692307692 0.009615384615384616 0.020432692307692308
0 0.18028846153846154 0.42427884615384615 0.009615384615384616 0.016826923076923076
0 0.1875 0.4206730769230769 0.010817307692307692 0.019230769230769232
0 0.16826923076923078 0.49038461538461536 0.014423076923076924 0.02283653846153846
0 0.17548076923076922 0.5588942307692307 0.019230769230769232 0.039663461538461536
0 0.22596153846153846 0.5084134615384616 0.015625 0.037259615384615384
0 0.23677884615384615 0.5048076923076923 0.013221153846153846 0.037259615384615384
0 0.2548076923076923 0.5360576923076923 0.014423076923076924 0.037259615384615384
0 0.16105769230769232 0.36778846153846156 0.006009615384615385 0.014423076923076924
0 0.49278846153846156 0.2512019230769231 0.004807692307692308 0.008413461538461538
0 0.6514423076923077 0.3545673076923077 0.007211538461538462 0.014423076923076924
0 0.7512019230769231 0.41225961538461536 0.003605769230769231 0.009615384615384616
0 0.6454326923076923 0.3798076923076923 0.007211538461538462 0.009615384615384616
0 0.47115384615384615 0.390625 0.007211538461538462 0.014423076923076924
0 0.43990384615384615 0.3798076923076923 0.007211538461538462 0.019230769230769232
0 0.28846153846153844 0.4411057692307692 0.013221153846153846 0.026442307692307692
0 0.21875 0.44471153846153844 0.008413461538461538 0.021634615384615384