0 0.9579326923076923 0.27884615384615385 0.004807692307692308 0.010817307692307692
0 0.921875 0.2644230769230769 0.004807692307692308 0.009615384615384616
0 0.8641826923076923 0.24278846153846154 0.008413461538461538 0.020432692307692308
0 0.8149038461538461 0.26322115384615385 0.009615384615384616 0.016826923076923076
0 0.7908653846153846 0.25721153846153844 0.008413461538461538 0.016826923076923076
0 0.7451923076923077 0.2512019230769231 0.008413461538461538 0.014423076923076924
0 0.7259615384615384 0.25600961538461536 0.007211538461538462 0.016826923076923076
0 0.6971153846153846 0.265625 0.009615384615384616 0.015625
0 0.5588942307692307 0.25961538461538464 0.004807692307692308 0.01201923076923077
0 0.5528846153846154 0.2512019230769231 0.007211538461538462 0.010817307692307692
0 0.5408653846153846 0.24759615384615385 0.006009615384615385 0.014423076923076924
0 0.5324519230769231 0.25600961538461536 0.007211538461538462 0.013221153846153846
0 0.5096153846153846 0.2536057692307692 0.008413461538461538 0.014423076923076924
0 0.48677884615384615 0.25721153846153844 0.006009615384615385 0.009615384615384616
0 0.41466346153846156 0.25721153846153844 0.007211538461538462 0.014423076923076924
0 0.38341346153846156 0.2512019230769231 0.004807692307692308 0.013221153846153846
0 0.35096153846153844 0.24278846153846154 0.008413461538461538 0.014423076923076924
0 0.31971153846153844 0.2608173076923077 0.007211538461538462 0.014423076923076924
0 0.22716346153846154 0.2512019230769231 0.007211538461538462 0.013221153846153846
0 0.18990384615384615 0.2644230769230769 0.009615384615384616 0.015625
0 0.15985576923076922 0.26802884615384615 0.008413461538461538 0.013221153846153846
0 0.171875 0.25961538461538464 0.008413461538461538 0.010817307692307692
0 0.11538461538461539 0.2644230769230769 0.008413461538461538 0.018028846153846152
0 0.1045673076923077 0.2439903846153846 0.009615384615384616 0.019230769230769232
0 0.07211538461538461 0.265625 0.010817307692307692 0.015625
0 0.29447115384615385 0.2620192307692308 0.015625 0.021634615384615384
0 0.23918269230769232 0.3245192307692308 0.007211538461538462 0.01201923076923077
0 0.4795673076923077 0.25721153846153844 0.004807692307692308 0.01201923076923077