0 0.109375 0.9819711538461539 0.015625 0.014423076923076924
0 0.0829326923076923 0.9771634615384616 0.01201923076923077 0.010817307692307692
0 0.04927884615384615 0.9735576923076923 0.01201923076923077 0.010817307692307692
0 0.046875 0.984375 0.013221153846153846 0.010817307692307692
0 0.042067307692307696 0.9939903846153846 0.016826923076923076 0.007211538461538462
0 0.03365384615384615 0.984375 0.007211538461538462 0.010817307692307692
0 0.14423076923076922 0.9423076923076923 0.013221153846153846 0.01201923076923077
0 0.08173076923076923 0.9387019230769231 0.01201923076923077 0.010817307692307692
0 0.04447115384615385 0.9447115384615384 0.013221153846153846 0.013221153846153846
0 0.04447115384615385 0.9326923076923077 0.013221153846153846 0.008413461538461538
0 0.06610576923076923 0.9350961538461539 0.01201923076923077 0.01201923076923077
0 0.08173076923076923 0.921875 0.009615384615384616 0.008413461538461538
0 0.1622596153846154 0.9338942307692307 0.01201923076923077 0.010817307692307692
0 0.11658653846153846 0.9242788461538461 0.009615384615384616 0.010817307692307692
0 0.11538461538461539 0.9074519230769231 0.010817307692307692 0.009615384615384616
0 0.1045673076923077 0.9146634615384616 0.01201923076923077 0.009615384615384616
0 0.08413461538461539 0.9038461538461539 0.010817307692307692 0.010817307692307692
0 0.06850961538461539 0.9050480769230769 0.013221153846153846 0.01201923076923077
0 0.054086538461538464 0.9098557692307693 0.009615384615384616 0.007211538461538462
0 0.055288461538461536 0.8918269230769231 0.01201923076923077 0.010817307692307692
0 0.20552884615384615 0.9423076923076923 0.007211538461538462 0.010817307692307692
0 0.12860576923076922 0.9038461538461539 0.009615384615384616 0.010817307692307692
0 0.17668269230769232 0.9014423076923077 0.01201923076923077 0.008413461538461538
0 0.16105769230769232 0.9146634615384616 0.010817307692307692 0.008413461538461538
0 0.02403846153846154 0.859375 0.013221153846153846 0.010817307692307692
0 0.013221153846153846 0.8774038461538461 0.007211538461538462 0.01201923076923077
0 0.10216346153846154 0.8605769230769231 0.014423076923076924 0.010817307692307692
0 0.125 0.8725961538461539 0.008413461538461538 0.008413461538461538
0 0.14423076923076922 0.8653846153846154 0.010817307692307692 0.010817307692307692
0 0.02403846153846154 0.8137019230769231 0.009615384615384616 0.009615384615384616
0 0.14783653846153846 0.8473557692307693 0.013221153846153846 0.010817307692307692
0 0.11177884615384616 0.8209134615384616 0.013221153846153846 0.010817307692307692
0 0.046875 0.8064903846153846 0.009615384615384616 0.009615384615384616
0 0.04447115384615385 0.7884615384615384 0.007211538461538462 0.007211538461538462
0 0.056490384615384616 0.7800480769230769 0.007211538461538462 0.006009615384615385
0 0.019230769230769232 0.7740384615384616 0.007211538461538462 0.006009615384615385
0 0.014423076923076924 0.7740384615384616 0.004807692307692308 0.008413461538461538
0 0.027644230769230768 0.7668269230769231 0.008413461538461538 0.006009615384615385
0 0.09495192307692307 0.8040865384615384 0.009615384615384616 0.008413461538461538
0 0.09735576923076923 0.7884615384615384 0.008413461538461538 0.008413461538461538
0 0.08413461538461539 0.7740384615384616 0.007211538461538462 0.007211538461538462
0 0.09615384615384616 0.7704326923076923 0.007211538461538462 0.008413461538461538
0 0.1141826923076923 0.7776442307692307 0.009615384615384616 0.007211538461538462
0 0.11899038461538461 0.7728365384615384 0.007211538461538462 0.006009615384615385
0 0.12259615384615384 0.7716346153846154 0.008413461538461538 0.006009615384615385
0 0.12980769230769232 0.7908653846153846 0.008413461538461538 0.008413461538461538
0 0.13942307692307693 0.7836538461538461 0.008413461538461538 0.008413461538461538
0 0.12860576923076922 0.8088942307692307 0.009615384615384616 0.008413461538461538
0 0.16105769230769232 0.8004807692307693 0.009615384615384616 0.009615384615384616
0 0.15144230769230768 0.8233173076923077 0.008413461538461538 0.008413461538461538
0 0.1814903846153846 0.8377403846153846 0.008413461538461538 0.009615384615384616
0 0.19471153846153846 0.8365384615384616 0.008413461538461538 0.008413461538461538
0 0.20072115384615385 0.8317307692307693 0.01201923076923077 0.008413461538461538
0 0.16947115384615385 0.8870192307692307 0.01201923076923077 0.01201923076923077
0 0.19230769230769232 0.8497596153846154 0.008413461538461538 0.008413461538461538
0 0.21875 0.8257211538461539 0.008413461538461538 0.008413461538461538
0 0.17548076923076922 0.8197115384615384 0.009615384615384616 0.008413461538461538
0 0.17908653846153846 0.8161057692307693 0.007211538461538462 0.006009615384615385
0 0.1971153846153846 0.7992788461538461 0.008413461538461538 0.008413461538461538
0 0.16346153846153846 0.7872596153846154 0.007211538461538462 0.007211538461538462
0 0.17908653846153846 0.7860576923076923 0.008413461538461538 0.008413461538461538
0 0.1935096153846154 0.7872596153846154 0.010817307692307692 0.008413461538461538
0 0.16706730769230768 0.7740384615384616 0.009615384615384616 0.008413461538461538
0 0.17427884615384615 0.7668269230769231 0.009615384615384616 0.010817307692307692
0 0.20432692307692307 0.7848557692307693 0.009615384615384616 0.009615384615384616
0 0.2091346153846154 0.7776442307692307 0.009615384615384616 0.009615384615384616
0 0.20072115384615385 0.7704326923076923 0.009615384615384616 0.008413461538461538
0 0.22956730769230768 0.7764423076923077 0.010817307692307692 0.008413461538461538
0 0.2247596153846154 0.7668269230769231 0.007211538461538462 0.008413461538461538
0 0.21153846153846154 0.7632211538461539 0.009615384615384616 0.007211538461538462
0 0.23557692307692307 0.7596153846153846 0.008413461538461538 0.007211538461538462
0 0.23918269230769232 0.7728365384615384 0.009615384615384616 0.008413461538461538
0 0.24639423076923078 0.7692307692307693 0.010817307692307692 0.009615384615384616
0 0.25841346153846156 0.7620192307692307 0.009615384615384616 0.008413461538461538
0 0.16346153846153846 0.8762019230769231 0.015625 0.01201923076923077
0 0.04567307692307692 0.7139423076923077 0.007211538461538462 0.006009615384615385
0 0.0625 0.7115384615384616 0.009615384615384616 0.008413461538461538
0 0.0673076923076923 0.7115384615384616 0.008413461538461538 0.006009615384615385
0 0.07572115384615384 0.7067307692307693 0.007211538461538462 0.006009615384615385
0 0.07692307692307693 0.7560096153846154 0.007211538461538462 0.006009615384615385
0 0.1045673076923077 0.75 0.008413461538461538 0.009615384615384616
0 0.11899038461538461 0.7451923076923077 0.007211538461538462 0.006009615384615385
0 0.13221153846153846 0.7427884615384616 0.007211538461538462 0.006009615384615385
0 0.15384615384615385 0.75 0.007211538461538462 0.007211538461538462
0 0.10576923076923077 0.7319711538461539 0.008413461538461538 0.008413461538461538
0 0.19110576923076922 0.7596153846153846 0.007211538461538462 0.007211538461538462
0 0.20673076923076922 0.7475961538461539 0.007211538461538462 0.008413461538461538
0 0.1814903846153846 0.7536057692307693 0.007211538461538462 0.007211538461538462
0 0.21634615384615385 0.7487980769230769 0.006009615384615385 0.007211538461538462
0 0.23677884615384615 0.7475961538461539 0.008413461538461538 0.006009615384615385
0 0.2536057692307692 0.7427884615384616 0.007211538461538462 0.007211538461538462
0 0.25600961538461536 0.7295673076923077 0.007211538461538462 0.006009615384615385
0 0.20793269230769232 0.7235576923076923 0.008413461538461538 0.006009615384615385
0 0.21875 0.7199519230769231 0.007211538461538462 0.006009615384615385
0 0.1814903846153846 0.7331730769230769 0.004807692307692308 0.007211538461538462
0 0.10697115384615384 0.7007211538461539 0.009615384615384616 0.006009615384615385
0 0.19831730769230768 0.7127403846153846 0.007211538461538462 0.004807692307692308
0 0.03365384615384615 0.6081730769230769 0.006009615384615385 0.004807692307692308
0 0.036057692307692304 0.5853365384615384 0.004807692307692308 0.004807692307692308
0 0.25600961538461536 0.7079326923076923 0.006009615384615385 0.007211538461538462
0 0.2620192307692308 0.7079326923076923 0.007211538461538462 0.004807692307692308
0 0.23197115384615385 0.7007211538461539 0.008413461538461538 0.007211538461538462
0 0.25240384615384615 0.6959134615384616 0.007211538461538462 0.006009615384615385
0 0.2548076923076923 0.6971153846153846 0.004807692307692308 0.004807692307692308
0 0.2704326923076923 0.7007211538461539 0.008413461538461538 0.006009615384615385
0 0.2283653846153846 0.6875 0.007211538461538462 0.006009615384615385
0 0.23918269230769232 0.6887019230769231 0.007211538461538462 0.004807692307692308
0 0.22596153846153846 0.6899038461538461 0.003605769230769231 0.003605769230769231
0 0.203125 0.6899038461538461 0.007211538461538462 0.006009615384615385
0 0.19230769230769232 0.7055288461538461 0.007211538461538462 0.007211538461538462
0 0.19110576923076922 0.6706730769230769 0.004807692307692308 0.008413461538461538
0 0.20072115384615385 0.671875 0.007211538461538462 0.004807692307692308
0 0.2548076923076923 0.6766826923076923 0.007211538461538462 0.006009615384615385
0 0.3088942307692308 0.6862980769230769 0.009615384615384616 0.009615384615384616
0 0.2644230769230769 0.6634615384615384 0.006009615384615385 0.004807692307692308
0 0.25600961538461536 0.6634615384615384 0.006009615384615385 0.004807692307692308
0 0.28365384615384615 0.6598557692307693 0.007211538461538462 0.007211538461538462
0 0.2764423076923077 0.6502403846153846 0.007211538461538462 0.007211538461538462
0 0.25721153846153844 0.6394230769230769 0.007211538461538462 0.006009615384615385
0 0.2860576923076923 0.6430288461538461 0.006009615384615385 0.004807692307692308
0 0.20793269230769232 0.6394230769230769 0.006009615384615385 0.006009615384615385
0 0.14423076923076922 0.640625 0.007211538461538462 0.004807692307692308
0 0.3004807692307692 0.6346153846153846 0.007211538461538462 0.004807692307692308
0 0.27524038461538464 0.6274038461538461 0.006009615384615385 0.004807692307692308
0 0.22596153846153846 0.6189903846153846 0.007211538461538462 0.004807692307692308
0 0.2608173076923077 0.6153846153846154 0.007211538461538462 0.006009615384615385
0 0.27524038461538464 0.6117788461538461 0.008413461538461538 0.006009615384615385
0 0.2980769230769231 0.625 0.007211538461538462 0.006009615384615385
0 0.30649038461538464 0.6225961538461539 0.007211538461538462 0.004807692307692308
0 0.3233173076923077 0.6105769230769231 0.007211538461538462 0.006009615384615385
0 0.33774038461538464 0.6105769230769231 0.006009615384615385 0.003605769230769231
0 0.30408653846153844 0.6033653846153846 0.007211538461538462 0.006009615384615385
0 0.29447115384615385 0.6021634615384616 0.007211538461538462 0.004807692307692308
0 0.26322115384615385 0.6069711538461539 0.004807692307692308 0.004807692307692308
0 0.25240384615384615 0.6033653846153846 0.006009615384615385 0.004807692307692308
0 0.24278846153846154 0.6021634615384616 0.006009615384615385 0.004807692307692308
0 0.22235576923076922 0.6033653846153846 0.007211538461538462 0.004807692307692308
0 0.17668269230769232 0.6033653846153846 0.004807692307692308 0.006009615384615385
0 0.21394230769230768 0.6237980769230769 0.007211538461538462 0.006009615384615385
0 0.19951923076923078 0.6298076923076923 0.007211538461538462 0.004807692307692308
0 0.2848557692307692 0.6069711538461539 0.006009615384615385 0.004807692307692308
0 0.2776442307692308 0.6021634615384616 0.006009615384615385 0.006009615384615385
0 0.28365384615384615 0.5985576923076923 0.006009615384615385 0.004807692307692308
0 0.29447115384615385 0.5949519230769231 0.007211538461538462 0.004807692307692308
0 0.3004807692307692 0.59375 0.006009615384615385 0.004807692307692308
0 0.3076923076923077 0.5889423076923077 0.007211538461538462 0.006009615384615385
0 0.2824519230769231 0.5925480769230769 0.007211538461538462 0.004807692307692308
0 0.2764423076923077 0.5961538461538461 0.007211538461538462 0.004807692307692308
0 0.25600961538461536 0.59375 0.004807692307692308 0.004807692307692308
0 0.2608173076923077 0.5877403846153846 0.006009615384615385 0.003605769230769231
0 0.2548076923076923 0.5853365384615384 0.006009615384615385 0.004807692307692308
0 0.21394230769230768 0.5793269230769231 0.006009615384615385 0.006009615384615385
0 0.27403846153846156 0.5841346153846154 0.007211538461538462 0.006009615384615385
0 0.2920673076923077 0.5829326923076923 0.007211538461538462 0.004807692307692308
0 0.2860576923076923 0.5829326923076923 0.006009615384615385 0.004807692307692308
0 0.31971153846153844 0.5805288461538461 0.006009615384615385 0.004807692307692308
0 0.32572115384615385 0.5757211538461539 0.006009615384615385 0.007211538461538462
0 0.2860576923076923 0.5757211538461539 0.004807692307692308 0.003605769230769231
0 0.23076923076923078 0.5600961538461539 0.007211538461538462 0.006009615384615385
0 0.21754807692307693 0.5661057692307693 0.008413461538461538 0.004807692307692308
0 0.22596153846153846 0.5576923076923077 0.006009615384615385 0.007211538461538462
0 0.2548076923076923 0.5576923076923077 0.007211538461538462 0.004807692307692308
0 0.3233173076923077 0.6021634615384616 0.007211538461538462 0.004807692307692308
0 0.53125 0.9471153846153846 0.013221153846153846 0.010817307692307692
0 0.30528846153846156 0.9723557692307693 0.008413461538461538 0.010817307692307692
0 0.38221153846153844 0.9555288461538461 0.009615384615384616 0.010817307692307692
0 0.5444711538461539 0.9771634615384616 0.009615384615384616 0.01201923076923077
0 0.8870192307692307 0.9771634615384616 0.016826923076923076 0.014423076923076924
0 0.8617788461538461 0.9807692307692307 0.013221153846153846 0.01201923076923077
0 0.7836538461538461 0.9915865384615384 0.01201923076923077 0.010817307692307692
0 0.7608173076923077 0.9711538461538461 0.013221153846153846 0.010817307692307692
0 0.7872596153846154 0.9495192307692307 0.013221153846153846 0.013221153846153846
0 0.7427884615384616 0.96875 0.013221153846153846 0.009615384615384616
0 0.7139423076923077 0.9879807692307693 0.010817307692307692 0.010817307692307692
0 0.6899038461538461 0.9915865384615384 0.015625 0.01201923076923077
0 0.6574519230769231 0.9915865384615384 0.010817307692307692 0.009615384615384616
0 0.6165865384615384 0.984375 0.010817307692307692 0.010817307692307692
0 0.6514423076923077 0.9807692307692307 0.013221153846153846 0.009615384615384616
0 0.6875 0.9723557692307693 0.013221153846153846 0.013221153846153846
0 0.6923076923076923 0.9519230769230769 0.013221153846153846 0.01201923076923077
0 0.6586538461538461 0.9507211538461539 0.009615384615384616 0.014423076923076924
0 0.6454326923076923 0.9615384615384616 0.010817307692307692 0.008413461538461538
0 0.7572115384615384 0.9435096153846154 0.013221153846153846 0.01201923076923077
0 0.7151442307692307 0.9399038461538461 0.01201923076923077 0.010817307692307692
0 0.6730769230769231 0.9362980769230769 0.01201923076923077 0.009615384615384616
0 0.6298076923076923 0.9278846153846154 0.013221153846153846 0.01201923076923077
0 0.6538461538461539 0.9302884615384616 0.01201923076923077 0.009615384615384616
0 0.59375 0.9338942307692307 0.01201923076923077 0.009615384615384616
0 0.6213942307692307 0.9110576923076923 0.013221153846153846 0.013221153846153846
0 0.6165865384615384 0.9074519230769231 0.008413461538461538 0.009615384615384616
0 0.6490384615384616 0.9230769230769231 0.008413461538461538 0.008413461538461538
0 0.7043269230769231 0.9242788461538461 0.01201923076923077 0.008413461538461538
0 0.7379807692307693 0.9302884615384616 0.010817307692307692 0.009615384615384616
0 0.7620192307692307 0.9014423076923077 0.01201923076923077 0.014423076923076924
0 0.6983173076923077 0.8978365384615384 0.009615384615384616 0.010817307692307692
0 0.6598557692307693 0.9026442307692307 0.007211538461538462 0.010817307692307692
0 0.6045673076923077 0.9038461538461539 0.010817307692307692 0.009615384615384616
0 0.5841346153846154 0.8894230769230769 0.013221153846153846 0.010817307692307692
0 0.5661057692307693 0.8846153846153846 0.013221153846153846 0.009615384615384616
0 0.6177884615384616 0.8810096153846154 0.01201923076923077 0.010817307692307692
0 0.6430288461538461 0.8810096153846154 0.01201923076923077 0.01201923076923077
0 0.6658653846153846 0.8882211538461539 0.008413461538461538 0.009615384615384616
0 0.6875 0.8786057692307693 0.009615384615384616 0.008413461538461538
0 0.7307692307692307 0.8786057692307693 0.01201923076923077 0.009615384615384616
0 0.7524038461538461 0.8822115384615384 0.01201923076923077 0.013221153846153846
0 0.7163461538461539 0.8677884615384616 0.01201923076923077 0.01201923076923077
0 0.6322115384615384 0.8653846153846154 0.010817307692307692 0.010817307692307692
0 0.5865384615384616 0.8569711538461539 0.013221153846153846 0.010817307692307692
0 0.6346153846153846 0.8497596153846154 0.009615384615384616 0.008413461538461538
0 0.6538461538461539 0.8533653846153846 0.007211538461538462 0.010817307692307692
0 0.7103365384615384 0.8605769230769231 0.010817307692307692 0.010817307692307692
0 0.65625 0.8389423076923077 0.008413461538461538 0.008413461538461538
0 0.7079326923076923 0.8245192307692307 0.009615384615384616 0.009615384615384616
0 0.71875 0.8137019230769231 0.007211538461538462 0.006009615384615385
0 0.7379807692307693 0.8064903846153846 0.007211538461538462 0.008413461538461538
0 0.6754807692307693 0.8125 0.01201923076923077 0.01201923076923077
0 0.6923076923076923 0.8100961538461539 0.007211538461538462 0.006009615384615385
0 0.6838942307692307 0.7920673076923077 0.008413461538461538 0.010817307692307692
0 0.6694711538461539 0.7896634615384616 0.010817307692307692 0.009615384615384616
0 0.6454326923076923 0.78125 0.008413461538461538 0.006009615384615385
0 0.6262019230769231 0.7872596153846154 0.009615384615384616 0.007211538461538462
0 0.5985576923076923 0.7932692307692307 0.009615384615384616 0.006009615384615385
0 0.6274038461538461 0.8161057692307693 0.008413461538461538 0.007211538461538462
0 0.5841346153846154 0.7944711538461539 0.008413461538461538 0.008413461538461538
0 0.6766826923076923 0.7728365384615384 0.010817307692307692 0.008413461538461538
0 0.6358173076923077 0.7692307692307693 0.010817307692307692 0.010817307692307692
0 0.5973557692307693 0.7680288461538461 0.009615384615384616 0.009615384615384616
0 0.5793269230769231 0.7752403846153846 0.007211538461538462 0.006009615384615385
0 0.6177884615384616 0.7536057692307693 0.009615384615384616 0.006009615384615385
0 0.5649038461538461 0.7524038461538461 0.008413461538461538 0.006009615384615385
0 0.5625 0.7379807692307693 0.008413461538461538 0.006009615384615385
0 0.5757211538461539 0.7403846153846154 0.007211538461538462 0.007211538461538462
0 0.59375 0.7403846153846154 0.008413461538461538 0.007211538461538462
0 0.6141826923076923 0.7439903846153846 0.009615384615384616 0.008413461538461538
0 0.6778846153846154 0.7524038461538461 0.007211538461538462 0.008413461538461538
0 0.6875 0.7427884615384616 0.007211538461538462 0.006009615384615385
0 0.6766826923076923 0.7367788461538461 0.007211538461538462 0.008413461538461538
0 0.6358173076923077 0.7355769230769231 0.010817307692307692 0.009615384615384616
0 0.5949519230769231 0.7307692307692307 0.007211538461538462 0.006009615384615385
0 0.609375 0.7199519230769231 0.008413461538461538 0.007211538461538462
0 0.6213942307692307 0.7223557692307693 0.007211538461538462 0.006009615384615385
0 0.5877403846153846 0.7259615384615384 0.008413461538461538 0.008413461538461538
0 0.5649038461538461 0.7235576923076923 0.006009615384615385 0.004807692307692308
0 0.5480769230769231 0.7199519230769231 0.008413461538461538 0.006009615384615385
0 0.5612980769230769 0.7151442307692307 0.007211538461538462 0.007211538461538462
0 0.5697115384615384 0.7019230769230769 0.007211538461538462 0.006009615384615385
0 0.5913461538461539 0.6995192307692307 0.008413461538461538 0.006009615384615385
0 0.6033653846153846 0.7067307692307693 0.007211538461538462 0.006009615384615385
0 0.6298076923076923 0.6923076923076923 0.007211538461538462 0.004807692307692308
0 0.6538461538461539 0.6947115384615384 0.007211538461538462 0.006009615384615385
0 0.6057692307692307 0.6911057692307693 0.007211538461538462 0.007211538461538462
0 0.6189903846153846 0.6826923076923077 0.007211538461538462 0.006009615384615385
0 0.5973557692307693 0.6887019230769231 0.008413461538461538 0.006009615384615385
0 0.5805288461538461 0.6778846153846154 0.007211538461538462 0.006009615384615385
0 0.5877403846153846 0.6658653846153846 0.007211538461538462 0.006009615384615385
0 0.5985576923076923 0.6694711538461539 0.007211538461538462 0.004807692307692308
0 0.6153846153846154 0.6730769230769231 0.007211538461538462 0.006009615384615385
0 0.6213942307692307 0.6730769230769231 0.006009615384615385 0.004807692307692308
0 0.640625 0.6766826923076923 0.007211538461538462 0.004807692307692308
0 0.6286057692307693 0.6778846153846154 0.007211538461538462 0.006009615384615385
0 0.6430288461538461 0.6838942307692307 0.006009615384615385 0.004807692307692308
0 0.5829326923076923 0.6502403846153846 0.007211538461538462 0.004807692307692308
0 0.6117788461538461 0.6586538461538461 0.007211538461538462 0.006009615384615385
0 0.6201923076923077 0.6622596153846154 0.007211538461538462 0.006009615384615385
0 0.6358173076923077 0.6538461538461539 0.006009615384615385 0.004807692307692308
0 0.6274038461538461 0.6514423076923077 0.007211538461538462 0.004807692307692308
0 0.5264423076923077 0.671875 0.007211538461538462 0.006009615384615385
0 0.5336538461538461 0.6358173076923077 0.007211538461538462 0.006009615384615385
0 0.5637019230769231 0.6394230769230769 0.006009615384615385 0.007211538461538462
0 0.578125 0.6370192307692307 0.004807692307692308 0.004807692307692308
0 0.5961538461538461 0.6430288461538461 0.006009615384615385 0.006009615384615385
0 0.5889423076923077 0.6442307692307693 0.007211538461538462 0.004807692307692308
0 0.5865384615384616 0.640625 0.006009615384615385 0.004807692307692308
0 0.6225961538461539 0.6394230769230769 0.006009615384615385 0.006009615384615385
0 0.5973557692307693 0.6346153846153846 0.006009615384615385 0.004807692307692308
0 0.5733173076923077 0.6117788461538461 0.007211538461538462 0.006009615384615385
0 0.3389423076923077 0.5516826923076923 0.003605769230769231 0.003605769230769231
0 0.34615384615384615 0.5480769230769231 0.003605769230769231 0.003605769230769231
0 0.84375 0.9014423076923077 0.01201923076923077 0.009615384615384616
0 0.8834134615384616 0.8882211538461539 0.013221153846153846 0.015625
0 0.9278846153846154 0.8509615384615384 0.010817307692307692 0.010817307692307692
0 0.9675480769230769 0.8545673076923077 0.009615384615384616 0.009615384615384616
0 0.9014423076923077 0.8365384615384616 0.010817307692307692 0.009615384615384616
0 0.8557692307692307 0.8641826923076923 0.008413461538461538 0.009615384615384616
0 0.8209134615384616 0.8040865384615384 0.01201923076923077 0.01201923076923077
0 0.8137019230769231 0.8028846153846154 0.01201923076923077 0.008413461538461538
0 0.8076923076923077 0.78125 0.008413461538461538 0.008413461538461538
0 0.8233173076923077 0.7764423076923077 0.009615384615384616 0.009615384615384616
0 0.9555288461538461 0.7716346153846154 0.009615384615384616 0.010817307692307692
0 0.8713942307692307 0.7560096153846154 0.007211538461538462 0.008413461538461538
0 0.90625 0.7295673076923077 0.008413461538461538 0.008413461538461538
0 0.7788461538461539 0.7463942307692307 0.010817307692307692 0.009615384615384616
0 0.796875 0.7439903846153846 0.010817307692307692 0.008413461538461538
0 0.8125 0.7391826923076923 0.008413461538461538 0.008413461538461538
0 0.8293269230769231 0.7175480769230769 0.007211538461538462 0.008413461538461538
0 0.828125 0.7067307692307693 0.007211538461538462 0.006009615384615385
0 0.8137019230769231 0.6995192307692307 0.007211538461538462 0.007211538461538462
0 0.8052884615384616 0.6935096153846154 0.007211538461538462 0.006009615384615385
0 0.8557692307692307 0.6658653846153846 0.007211538461538462 0.006009615384615385
0 0.7824519230769231 0.7139423076923077 0.007211538461538462 0.006009615384615385
0 0.7740384615384616 0.7091346153846154 0.007211538461538462 0.006009615384615385
0 0.7536057692307693 0.7019230769230769 0.007211538461538462 0.006009615384615385
0 0.7740384615384616 0.6983173076923077 0.007211538461538462 0.006009615384615385
0 0.7548076923076923 0.6923076923076923 0.007211538461538462 0.007211538461538462
0 0.7331730769230769 0.6995192307692307 0.007211538461538462 0.006009615384615385
0 0.7415865384615384 0.6802884615384616 0.007211538461538462 0.006009615384615385
0 0.734375 0.6730769230769231 0.007211538461538462 0.007211538461538462
0 0.7596153846153846 0.6634615384615384 0.006009615384615385 0.006009615384615385
0 0.7848557692307693 0.6418269230769231 0.006009615384615385 0.004807692307692308
0 0.8088942307692307 0.6394230769230769 0.004807692307692308 0.006009615384615385
0 0.7259615384615384 0.6634615384615384 0.006009615384615385 0.004807692307692308
0 0.7151442307692307 0.6610576923076923 0.007211538461538462 0.007211538461538462
0 0.6983173076923077 0.6598557692307693 0.006009615384615385 0.006009615384615385
0 0.6983173076923077 0.6502403846153846 0.007211538461538462 0.006009615384615385
0 0.71875 0.6454326923076923 0.006009615384615385 0.006009615384615385
0 0.6899038461538461 0.6502403846153846 0.006009615384615385 0.004807692307692308
0 0.7067307692307693 0.6394230769230769 0.006009615384615385 0.006009615384615385
0 0.7007211538461539 0.6310096153846154 0.006009615384615385 0.003605769230769231
0 0.6850961538461539 0.6201923076923077 0.007211538461538462 0.006009615384615385
0 0.6586538461538461 0.6310096153846154 0.006009615384615385 0.006009615384615385
0 0.7115384615384616 0.6129807692307693 0.006009615384615385 0.006009615384615385
0 0.6766826923076923 0.6189903846153846 0.004807692307692308 0.006009615384615385
0 0.6694711538461539 0.6310096153846154 0.006009615384615385 0.004807692307692308
0 0.6646634615384616 0.6262019230769231 0.006009615384615385 0.003605769230769231
0 0.6574519230769231 0.6225961538461539 0.004807692307692308 0.004807692307692308
0 0.6634615384615384 0.6069711538461539 0.004807692307692308 0.004807692307692308
0 0.625 0.6189903846153846 0.006009615384615385 0.004807692307692308
0 0.6165865384615384 0.5961538461538461 0.006009615384615385 0.004807692307692308
0 0.6346153846153846 0.5985576923076923 0.004807692307692308 0.003605769230769231
0 0.6478365384615384 0.6045673076923077 0.004807692307692308 0.003605769230769231
0 0.6802884615384616 0.6069711538461539 0.006009615384615385 0.004807692307692308
0 0.6766826923076923 0.6033653846153846 0.004807692307692308 0.004807692307692308
0 0.6802884615384616 0.59375 0.006009615384615385 0.004807692307692308
0 0.6646634615384616 0.5925480769230769 0.006009615384615385 0.006009615384615385
0 0.6502403846153846 0.5829326923076923 0.006009615384615385 0.004807692307692308
0 0.6790865384615384 0.5865384615384616 0.006009615384615385 0.004807692307692308
0 0.6899038461538461 0.578125 0.004807692307692308 0.003605769230769231
0 0.6262019230769231 0.6117788461538461 0.004807692307692308 0.004807692307692308
0 0.6310096153846154 0.6105769230769231 0.004807692307692308 0.004807692307692308
0 0.6382211538461539 0.609375 0.006009615384615385 0.003605769230769231
0 0.640625 0.6033653846153846 0.004807692307692308 0.004807692307692308
0 0.6850961538461539 0.609375 0.004807692307692308 0.004807692307692308
0 0.6899038461538461 0.5985576923076923 0.004807692307692308 0.004807692307692308
0 0.6514423076923077 0.5949519230769231 0.006009615384615385 0.003605769230769231
0 0.6081730769230769 0.5793269230769231 0.004807692307692308 0.004807692307692308
0 0.625 0.5697115384615384 0.006009615384615385 0.004807692307692308
0 0.5757211538461539 0.5661057692307693 0.003605769230769231 0.003605769230769231
0 0.6358173076923077 0.5721153846153846 0.004807692307692308 0.004807692307692308
0 0.6610576923076923 0.5685096153846154 0.003605769230769231 0.003605769230769231
0 0.6730769230769231 0.5793269230769231 0.006009615384615385 0.003605769230769231
0 0.6334134615384616 0.5576923076923077 0.004807692307692308 0.003605769230769231
0 0.6298076923076923 0.5649038461538461 0.006009615384615385 0.003605769230769231
0 0.3605769230769231 0.7319711538461539 0.008413461538461538 0.008413461538461538
0 0.44591346153846156 0.7427884615384616 0.007211538461538462 0.007211538461538462
0 0.5180288461538461 0.7367788461538461 0.008413461538461538 0.006009615384615385
0 0.43509615384615385 0.7127403846153846 0.007211538461538462 0.004807692307692308
0 0.5 0.5961538461538461 0.004807692307692308 0.004807692307692308
0 0.4987980769230769 0.5901442307692307 0.004807692307692308 0.004807692307692308
0 0.48677884615384615 0.5925480769230769 0.003605769230769231 0.004807692307692308
0 0.609375 0.8557692307692307 0.009615384615384616 0.01201923076923077
0 0.004807692307692308 0.9783653846153846 0.009615384615384616 0.010817307692307692
0 0.003605769230769231 0.9326923076923077 0.007211538461538462 0.014423076923076924
0 0.12139423076923077 0.6814903846153846 0.007211538461538462 0.007211538461538462
0 0.11177884615384616 0.6754807692307693 0.007211538461538462 0.007211538461538462
0 0.10697115384615384 0.6730769230769231 0.006009615384615385 0.006009615384615385
0 0.10336538461538461 0.6658653846153846 0.007211538461538462 0.007211538461538462
0 0.12740384615384615 0.6490384615384616 0.007211538461538462 0.006009615384615385
0 0.10096153846153846 0.6430288461538461 0.006009615384615385 0.006009615384615385