0 0.07091346153846154 0.6322115384615384 0.013221153846153846 0.030048076923076924
0 0.056490384615384616 0.6298076923076923 0.01201923076923077 0.026442307692307692
0 0.039663461538461536 0.6322115384615384 0.010817307692307692 0.02403846153846154
0 0.3161057692307692 0.8509615384615384 0.008413461538461538 0.016826923076923076
0 0.31490384615384615 0.7067307692307693 0.009615384615384616 0.020432692307692308
0 0.5925480769230769 0.5240384615384616 0.0829326923076923 0.17668269230769232
0 0.5492788461538461 0.7043269230769231 0.007211538461538462 0.016826923076923076
0 0.5733173076923077 0.6911057692307693 0.008413461538461538 0.019230769230769232
0 0.5997596153846154 0.6911057692307693 0.007211538461538462 0.016826923076923076
0 0.6201923076923077 0.7127403846153846 0.007211538461538462 0.016826923076923076
0 0.6334134615384616 0.6983173076923077 0.007211538461538462 0.019230769230769232
0 0.6586538461538461 0.7067307692307693 0.007211538461538462 0.016826923076923076
0 0.6538461538461539 0.6995192307692307 0.007211538461538462 0.014423076923076924
0 0.6826923076923077 0.6983173076923077 0.006009615384615385 0.014423076923076924
0 0.7199519230769231 0.27524038461538464 0.013221153846153846 0.025240384615384616
0 0.8125 0.22596153846153846 0.009615384615384616 0.020432692307692308
0 0.8461538461538461 0.2283653846153846 0.008413461538461538 0.020432692307692308
0 0.8557692307692307 0.234375 0.008413461538461538 0.020432692307692308
0 0.9266826923076923 0.23076923076923078 0.010817307692307692 0.021634615384615384
0 0.35216346153846156 0.8365384615384616 0.006009615384615385 0.01201923076923077
0 0.40625 0.8533653846153846 0.007211538461538462 0.01201923076923077
0 0.3701923076923077 0.8629807692307693 0.007211538461538462 0.01201923076923077
0 0.35216346153846156 0.8629807692307693 0.006009615384615385 0.014423076923076924
0 0.390625 0.8377403846153846 0.007211538461538462 0.01201923076923077
0 0.9266826923076923 0.3786057692307692 0.004807692307692308 0.009615384615384616
0 0.8858173076923077 0.44471153846153844 0.004807692307692308 0.009615384615384616
0 0.8353365384615384 0.19831730769230768 0.004807692307692308 0.009615384615384616
0 0.8617788461538461 0.19230769230769232 0.006009615384615385 0.010817307692307692