0 0.06490384615384616 0.3798076923076923 0.009615384615384616 0.016826923076923076
0 0.09375 0.36177884615384615 0.013221153846153846 0.019230769230769232
0 0.03365384615384615 0.2824519230769231 0.009615384615384616 0.018028846153846152
0 0.05048076923076923 0.2860576923076923 0.009615384615384616 0.014423076923076924
0 0.0625 0.27884615384615385 0.007211538461538462 0.01201923076923077
0 0.0829326923076923 0.2848557692307692 0.009615384615384616 0.01201923076923077
0 0.0985576923076923 0.27884615384615385 0.007211538461538462 0.010817307692307692
0 0.12259615384615384 0.27884615384615385 0.007211538461538462 0.013221153846153846
0 0.12860576923076922 0.3076923076923077 0.008413461538461538 0.014423076923076924
0 0.13822115384615385 0.2824519230769231 0.008413461538461538 0.015625
0 0.14903846153846154 0.2800480769230769 0.006009615384615385 0.01201923076923077
0 0.17307692307692307 0.28725961538461536 0.009615384615384616 0.018028846153846152
0 0.19230769230769232 0.2848557692307692 0.009615384615384616 0.014423076923076924
0 0.2091346153846154 0.27163461538461536 0.007211538461538462 0.014423076923076924
0 0.22355769230769232 0.27884615384615385 0.007211538461538462 0.010817307692307692
0 0.23197115384615385 0.2980769230769231 0.008413461538461538 0.014423076923076924
0 0.25240384615384615 0.27524038461538464 0.007211538461538462 0.010817307692307692
0 0.25721153846153844 0.28846153846153844 0.007211538461538462 0.01201923076923077
0 0.28125 0.27163461538461536 0.008413461538461538 0.014423076923076924
0 0.2860576923076923 0.28365384615384615 0.010817307692307692 0.018028846153846152
0 0.2980769230769231 0.2776442307692308 0.009615384615384616 0.014423076923076924
0 0.3317307692307692 0.2776442307692308 0.007211538461538462 0.010817307692307692
0 0.3473557692307692 0.28725961538461536 0.008413461538461538 0.010817307692307692
0 0.359375 0.2776442307692308 0.007211538461538462 0.01201923076923077
0 0.3629807692307692 0.29086538461538464 0.008413461538461538 0.016826923076923076
0 0.3713942307692308 0.2764423076923077 0.007211538461538462 0.013221153846153846
0 0.3786057692307692 0.29447115384615385 0.008413461538461538 0.015625
0 0.3076923076923077 0.3485576923076923 0.008413461538461538 0.01201923076923077
0 0.390625 0.29447115384615385 0.007211538461538462 0.009615384615384616
0 0.39783653846153844 0.2920673076923077 0.007211538461538462 0.014423076923076924
0 0.43990384615384615 0.2848557692307692 0.008413461538461538 0.016826923076923076
0 0.421875 0.36538461538461536 0.010817307692307692 0.01201923076923077
0 0.47115384615384615 0.28725961538461536 0.009615384615384616 0.015625
0 0.47716346153846156 0.29447115384615385 0.006009615384615385 0.010817307692307692
0 0.484375 0.28846153846153844 0.007211538461538462 0.013221153846153846
0 0.5108173076923077 0.2920673076923077 0.008413461538461538 0.014423076923076924
0 0.5372596153846154 0.30288461538461536 0.008413461538461538 0.014423076923076924
0 0.5709134615384616 0.28725961538461536 0.007211538461538462 0.013221153846153846
0 0.5865384615384616 0.3004807692307692 0.007211538461538462 0.013221153846153846
0 0.6201923076923077 0.2980769230769231 0.008413461538461538 0.013221153846153846
0 0.6310096153846154 0.3329326923076923 0.020432692307692308 0.03245192307692308
0 0.6694711538461539 0.30288461538461536 0.008413461538461538 0.014423076923076924
0 0.6694711538461539 0.3641826923076923 0.007211538461538462 0.01201923076923077
0 0.6790865384615384 0.28725961538461536 0.008413461538461538 0.013221153846153846
0 0.6959134615384616 0.296875 0.008413461538461538 0.013221153846153846
0 0.7055288461538461 0.2932692307692308 0.009615384615384616 0.014423076923076924
0 0.75 0.3918269230769231 0.009615384615384616 0.015625
0 0.7307692307692307 0.28725961538461536 0.010817307692307692 0.018028846153846152
0 0.765625 0.28725961538461536 0.007211538461538462 0.016826923076923076
0 0.8064903846153846 0.2932692307692308 0.008413461538461538 0.016826923076923076
0 0.8233173076923077 0.3016826923076923 0.009615384615384616 0.014423076923076924
0 0.84375 0.296875 0.009615384615384616 0.015625
0 0.8569711538461539 0.3016826923076923 0.009615384615384616 0.016826923076923076
0 0.8798076923076923 0.3004807692307692 0.008413461538461538 0.013221153846153846
0 0.8966346153846154 0.31009615384615385 0.009615384615384616 0.020432692307692308
0 0.9290865384615384 0.3004807692307692 0.007211538461538462 0.014423076923076924
0 0.9507211538461539 0.2932692307692308 0.010817307692307692 0.015625
0 0.9783653846153846 0.3161057692307692 0.010817307692307692 0.014423076923076924
0 0.8245192307692307 0.3641826923076923 0.013221153846153846 0.014423076923076924
0 0.8858173076923077 0.375 0.021634615384615384 0.03245192307692308
0 0.008413461538461538 0.25961538461538464 0.01201923076923077 0.015625
0 0.8822115384615384 0.31971153846153844 0.008413461538461538 0.013221153846153846
0 0.4026442307692308 0.27524038461538464 0.006009615384615385 0.010817307692307692