0 0 0 0 0
0 0.6484375 0.7393225331369662 0.0078125 0.023564064801178203
0 0.75390625 0.8350515463917526 0.015625 0.03240058910162003
0 0.68603515625 0.8615611192930781 0.0087890625 0.01914580265095729
0 0.017578125 0.8173784977908689 0.017578125 0.033873343151693665
0 0.111328125 0.7069219440353461 0.009765625 0.01914580265095729
0 0.06787109375 0.7142857142857143 0.0107421875 0.022091310751104567
0 0.05078125 0.6126656848306333 0.01171875 0.023564064801178203
0 0.1044921875 0.6111929307805597 0.0078125 0.016200294550810016
0 0.4130859375 0.6627393225331369 0.0078125 0.014727540500736377
0 0.29833984375 0.8895434462444771 0.0107421875 0.023564064801178203
0 0.39111328125 0.6539027982326951 0.0068359375 0.011782032400589101
0 0.38671875 0.6377025036818851 0.0078125 0.013254786450662739
0 0.39404296875 0.7157584683357879 0.0068359375 0.013254786450662739
0 0.4052734375 0.6907216494845361 0.005859375 0.013254786450662739
0 0.2412109375 0.6391752577319587 0.005859375 0.013254786450662739
0 0.15625 0.845360824742268 0.015625 0.027982326951399118
0 0.02685546875 0.6701030927835051 0.0087890625 0.017673048600883652
0 0.3251953125 0.6391752577319587 0.005859375 0.016200294550810016
0 0.33349609375 0.6347569955817378 0.0087890625 0.01914580265095729
0 0.36376953125 0.7157584683357879 0.0087890625 0.01914580265095729
0 0.37158203125 0.7069219440353461 0.0087890625 0.014727540500736377
0 0.47119140625 0.6936671575846833 0.0068359375 0.020618556701030927
0 0.03759765625 0.8497790868924889 0.0087890625 0.033873343151693665
0 0.06298828125 0.845360824742268 0.0166015625 0.033873343151693665
0 0.1513671875 0.6332842415316642 0.01171875 0.01914580265095729
0 0.20166015625 0.7407952871870398 0.0126953125 0.023564064801178203
0 0.19091796875 0.7643593519882179 0.0087890625 0.020618556701030927
0 0.2001953125 0.8070692194403535 0.01171875 0.022091310751104567
0 0.27685546875 0.9322533136966127 0.0126953125 0.029455081001472753
0 0.72119140625 0.8748159057437408 0.0146484375 0.029455081001472753
0 0.78076171875 0.7997054491899853 0.0146484375 0.023564064801178203
0 0.73388671875 0.9101620029455081 0.0107421875 0.029455081001472753
0 0.14306640625 0.7378497790868925 0.0126953125 0.023564064801178203
0 0.13623046875 0.8203240058910162 0.0126953125 0.022091310751104567
0 0.25439453125 0.7658321060382917 0.0087890625 0.01914580265095729
0 0.28662109375 0.7511045655375552 0.0087890625 0.01914580265095729
0 0.34033203125 0.7407952871870398 0.0087890625 0.01914580265095729
0 0.29150390625 0.7010309278350515 0.0068359375 0.017673048600883652
0 0.27392578125 0.7142857142857143 0.0068359375 0.014727540500736377
0 0.33984375 0.7010309278350515 0.0078125 0.014727540500736377
0 0.3056640625 0.6671575846833578 0.01171875 0.020618556701030927
0 0.3515625 0.6730486008836525 0.01171875 0.017673048600883652
0 0.38671875 0.7201767304860088 0.0078125 0.016200294550810016
0 0.22021484375 0.7643593519882179 0.0087890625 0.022091310751104567
0 0.29296875 0.7422680412371134 0.009765625 0.022091310751104567
0 0.845703125 0.7643593519882179 0.01171875 0.023564064801178203
0 0.69189453125 0.7128129602356407 0.0068359375 0.014727540500736377
0 0.74951171875 0.6656848306332842 0.0068359375 0.016200294550810016
0 0.82568359375 0.6686303387334315 0.0068359375 0.014727540500736377
0 0.8798828125 0.6848306332842415 0.009765625 0.01914580265095729
0 0.787109375 0.9705449189985272 0.015625 0.030927835051546393
0 0.8857421875 0.9837997054491899 0.015625 0.030927835051546393
0 0.90576171875 0.7997054491899853 0.0126953125 0.017673048600883652
0 0.95556640625 0.7496318114874816 0.0087890625 0.01914580265095729
0 0.93359375 0.7835051546391752 0.009765625 0.026509572901325478
0 0.85546875 0.6892488954344624 0.0078125 0.016200294550810016
0 0.84814453125 0.7393225331369662 0.0087890625 0.020618556701030927
0 0.87841796875 0.7260677466863034 0.0087890625 0.020618556701030927
0 0.9423828125 0.801178203240059 0.009765625 0.029455081001472753
0 0.94384765625 0.9646539027982327 0.0146484375 0.035346097201767304
0 0.982421875 0.6759941089837997 0.0078125 0.016200294550810016
0 0.96875 0.7083946980854198 0.009765625 0.020618556701030927
0 0.89013671875 0.7290132547864506 0.0087890625 0.017673048600883652
0 0.05712890625 0.6715758468335787 0.0087890625 0.023564064801178203
0 0.21826171875 0.678939617083947 0.0087890625 0.022091310751104567
0 0.20556640625 0.6509572901325479 0.0087890625 0.017673048600883652
0 0.24365234375 0.6921944035346097 0.0087890625 0.017673048600883652
0 0.17724609375 0.7334315169366715 0.0087890625 0.016200294550810016
0 0.619140625 0.6627393225331369 0.009765625 0.01914580265095729
0 0.65185546875 0.6833578792341679 0.0107421875 0.01914580265095729
0 0.67236328125 0.6863033873343152 0.0087890625 0.017673048600883652
0 0.67822265625 0.7569955817378498 0.0107421875 0.022091310751104567
0 0.70361328125 0.7614138438880707 0.0107421875 0.01914580265095729
0 0.7529296875 0.833578792341679 0.013671875 0.029455081001472753
0 0.70654296875 0.8689248895434463 0.0126953125 0.027982326951399118
0 0.01171875 0.7157584683357879 0.0078125 0.023564064801178203
0 0.0146484375 0.711340206185567 0.009765625 0.022091310751104567
0 0.0654296875 0.7555228276877761 0.0078125 0.020618556701030927
0 0.05908203125 0.7569955817378498 0.0087890625 0.022091310751104567
0 0.03271484375 0.6980854197349042 0.0126953125 0.010309278350515464
0 0.0859375 0.7098674521354934 0.009765625 0.016200294550810016
0 0.16748046875 0.8321060382916053 0.0087890625 0.025036818851251842
0 0.333984375 0.780559646539028 0.013671875 0.020618556701030927
0 0.24169921875 0.8365243004418262 0.0087890625 0.029455081001472753
0 0.24755859375 0.8718703976435935 0.0126953125 0.025036818851251842
0 0.26171875 0.8350515463917526 0.009765625 0.023564064801178203
0 0.25927734375 0.6715758468335787 0.0068359375 0.013254786450662739
0 0.49755859375 0.658321060382916 0.0068359375 0.016200294550810016
0 0.037109375 0.9926362297496318 0.0234375 0.014727540500736377
0 0.02587890625 0.9455081001472754 0.0126953125 0.029455081001472753
0 0.0771484375 0.8865979381443299 0.015625 0.035346097201767304
0 0.1376953125 0.8792341678939617 0.013671875 0.026509572901325478
0 0.12841796875 0.9219440353460973 0.0087890625 0.025036818851251842
0 0.03271484375 0.7407952871870398 0.0126953125 0.023564064801178203
0 0.0439453125 0.7172312223858616 0.01171875 0.01914580265095729
0 0.0498046875 0.6995581737849779 0.009765625 0.017673048600883652
0 0.2109375 0.8910162002945509 0.013671875 0.027982326951399118
0 0.37890625 0.7466863033873343 0.009765625 0.014727540500736377
0 0.25341796875 0.7216494845360825 0.0087890625 0.020618556701030927
0 0.0078125 0.614138438880707 0.0078125 0.016200294550810016
0 0.0361328125 0.6701030927835051 0.005859375 0.016200294550810016
0 0.08544921875 0.6185567010309279 0.0087890625 0.017673048600883652
0 0.1943359375 0.6450662739322534 0.013671875 0.020618556701030927
0 0.21826171875 0.678939617083947 0.0087890625 0.022091310751104567
0 0.20556640625 0.6509572901325479 0.0087890625 0.01914580265095729
0 0.24560546875 0.6921944035346097 0.0068359375 0.017673048600883652
0 0.16943359375 0.9425625920471281 0.0224609375 0.035346097201767304
0 0.2109375 0.9425625920471281 0.025390625 0.041237113402061855
0 0.11279296875 0.6156111929307806 0.0087890625 0.014727540500736377
0 0.90966796875 0.8807069219440353 0.0126953125 0.030927835051546393
0 0.107421875 0.8041237113402062 0.01171875 0.025036818851251842
0 0.94091796875 0.6568483063328424 0.0068359375 0.016200294550810016
0 0.6875 0.8217967599410898 0.009765625 0.022091310751104567
0 0.236328125 0.7982326951399117 0.013671875 0.01914580265095729
0 0.14111328125 0.7083946980854198 0.0107421875 0.017673048600883652
0 0.1572265625 0.6730486008836525 0.0078125 0.017673048600883652