0 0.03365384615384615 0.5588942307692307 0.008413461538461538 0.016826923076923076
0 0.2644230769230769 0.6394230769230769 0.009615384615384616 0.02403846153846154
0 0.3004807692307692 0.5576923076923077 0.007211538461538462 0.015625
0 0.25841346153846156 0.47716346153846156 0.007211538461538462 0.01201923076923077
0 0.3173076923076923 0.46875 0.007211538461538462 0.014423076923076924
0 0.3485576923076923 0.671875 0.013221153846153846 0.026442307692307692
0 0.22235576923076922 0.8978365384615384 0.036057692307692304 0.08653846153846154
0 0.3173076923076923 0.8858173076923077 0.02403846153846154 0.0673076923076923
0 0.33413461538461536 0.78125 0.019230769230769232 0.038461538461538464
0 0.35216346153846156 0.7980769230769231 0.015625 0.042067307692307696
0 0.38822115384615385 0.47716346153846156 0.006009615384615385 0.010817307692307692
0 0.40384615384615385 0.4723557692307692 0.004807692307692308 0.010817307692307692
0 0.44350961538461536 0.4699519230769231 0.007211538461538462 0.01201923076923077
0 0.5192307692307693 0.6165865384615384 0.010817307692307692 0.02403846153846154
0 0.8677884615384616 0.8112980769230769 0.014423076923076924 0.039663461538461536
0 0.8990384615384616 0.7079326923076923 0.01201923076923077 0.03125
0 0.8942307692307693 0.7427884615384616 0.01201923076923077 0.030048076923076924
0 0.9194711538461539 0.7487980769230769 0.018028846153846152 0.036057692307692304
0 0.8701923076923077 0.6634615384615384 0.008413461538461538 0.020432692307692308
0 0.9579326923076923 0.8798076923076923 0.018028846153846152 0.039663461538461536
0 0.9891826923076923 0.859375 0.014423076923076924 0.038461538461538464
0 0.6947115384615384 0.34375 0.006009615384615385 0.010817307692307692
0 0.6141826923076923 0.3641826923076923 0.007211538461538462 0.01201923076923077
0 0.421875 0.3605769230769231 0.006009615384615385 0.014423076923076924
0 0.5685096153846154 0.3713942307692308 0.006009615384615385 0.008413461538461538
0 0.2764423076923077 0.7584134615384616 0.014423076923076924 0.042067307692307696
0 0.1971153846153846 0.4891826923076923 0.009615384615384616 0.020432692307692308