0 0.03125 0.84375 0.009615384615384616 0.013221153846153846
0 0.06490384615384616 0.9747596153846154 0.013221153846153846 0.02283653846153846
0 0.1502403846153846 0.8737980769230769 0.009615384615384616 0.015625
0 0.28125 0.8966346153846154 0.009615384615384616 0.02283653846153846
0 0.33774038461538464 0.9074519230769231 0.007211538461538462 0.021634615384615384
0 0.4014423076923077 0.84375 0.008413461538461538 0.014423076923076924
0 0.3629807692307692 0.8365384615384616 0.007211538461538462 0.014423076923076924
0 0.4206730769230769 0.8473557692307693 0.008413461538461538 0.018028846153846152
0 0.2127403846153846 0.8125 0.007211538461538462 0.013221153846153846
0 0.24158653846153846 0.8401442307692307 0.006009615384615385 0.014423076923076924
0 0.22596153846153846 0.8677884615384616 0.006009615384615385 0.015625
0 0.2932692307692308 0.8052884615384616 0.007211538461538462 0.018028846153846152
0 0.5084134615384616 0.8329326923076923 0.008413461538461538 0.014423076923076924
0 0.5168269230769231 0.8930288461538461 0.007211538461538462 0.018028846153846152
0 0.5757211538461539 0.8004807692307693 0.007211538461538462 0.013221153846153846
0 0.7127403846153846 0.8617788461538461 0.007211538461538462 0.019230769230769232
0 0.8365384615384616 0.9182692307692307 0.010817307692307692 0.020432692307692308
0 0.7764423076923077 0.8125 0.007211538461538462 0.014423076923076924
0 0.5961538461538461 0.9050480769230769 0.008413461538461538 0.02283653846153846
0 0.3233173076923077 0.8605769230769231 0.007211538461538462 0.015625
0 0.052884615384615384 0.8112980769230769 0.006009615384615385 0.014423076923076924
0 0.11538461538461539 0.8317307692307693 0.007211538461538462 0.013221153846153846
0 0.18990384615384615 0.8942307692307693 0.007211538461538462 0.019230769230769232
0 0.21754807692307693 0.9350961538461539 0.013221153846153846 0.020432692307692308
0 0.21394230769230768 0.9002403846153846 0.010817307692307692 0.014423076923076924
0 0.14903846153846154 0.7692307692307693 0.006009615384615385 0.010817307692307692
0 0.5709134615384616 0.828125 0.008413461538461538 0.014423076923076924
0 0.008413461538461538 0.765625 0.006009615384615385 0.01201923076923077
0 0.078125 0.7644230769230769 0.006009615384615385 0.010817307692307692
0 0.3641826923076923 0.8677884615384616 0.004807692307692308 0.015625