0 0.7716346153846154 0.016826923076923076 0.007211538461538462 0.016826923076923076
0 0.8052884615384616 0.03485576923076923 0.007211538461538462 0.019230769230769232
0 0.7800480769230769 0.01201923076923077 0.006009615384615385 0.010817307692307692
0 0.6622596153846154 0.05048076923076923 0.007211538461538462 0.015625
0 0.5240384615384616 0.028846153846153848 0.006009615384615385 0.018028846153846152
0 0.5516826923076923 0.057692307692307696 0.004807692307692308 0.013221153846153846
0 0.6057692307692307 0.016826923076923076 0.007211538461538462 0.015625
0 0.17427884615384615 0.9651442307692307 0.010817307692307692 0.019230769230769232
0 0.051682692307692304 0.9110576923076923 0.010817307692307692 0.026442307692307692
0 0.71875 0.052884615384615384 0.006009615384615385 0.01201923076923077
0 0.36658653846153844 0.055288461538461536 0.002403846153846154 0.01201923076923077
0 0.25721153846153844 0.056490384615384616 0.004807692307692308 0.010817307692307692
0 0.24519230769230768 0.06129807692307692 0.007211538461538462 0.01201923076923077
0 0.28846153846153844 0.21634615384615385 0.007211538461538462 0.016826923076923076
0 0.24639423076923078 0.25961538461538464 0.010817307692307692 0.019230769230769232
0 0.0985576923076923 0.06370192307692307 0.007211538461538462 0.016826923076923076
0 0.13822115384615385 0.08173076923076923 0.004807692307692308 0.010817307692307692
0 0.051682692307692304 0.07451923076923077 0.009615384615384616 0.018028846153846152
0 0.29086538461538464 0.2764423076923077 0.007211538461538462 0.013221153846153846
0 0.34134615384615385 0.33413461538461536 0.009615384615384616 0.015625
0 0.3233173076923077 0.33653846153846156 0.008413461538461538 0.016826923076923076
0 0.359375 0.3786057692307692 0.008413461538461538 0.018028846153846152
0 0.38100961538461536 0.390625 0.007211538461538462 0.016826923076923076
0 0.41586538461538464 0.4423076923076923 0.007211538461538462 0.021634615384615384
0 0.4423076923076923 0.47115384615384615 0.004807692307692308 0.015625
0 0.47596153846153844 0.5036057692307693 0.007211538461538462 0.019230769230769232
0 0.4963942307692308 0.4951923076923077 0.008413461538461538 0.021634615384615384
0 0.6394230769230769 0.47836538461538464 0.007211538461538462 0.015625
0 0.7043269230769231 0.5228365384615384 0.009615384615384616 0.02283653846153846
0 0.7355769230769231 0.4326923076923077 0.007211538461538462 0.015625
0 0.7427884615384616 0.44711538461538464 0.004807692307692308 0.016826923076923076
0 0.6201923076923077 0.5120192307692307 0.007211538461538462 0.013221153846153846
0 0.6141826923076923 0.4831730769230769 0.004807692307692308 0.016826923076923076
0 0.5552884615384616 0.5072115384615384 0.004807692307692308 0.015625
0 0.7475961538461539 0.28846153846153844 0.003605769230769231 0.007211538461538462
0 0.8016826923076923 0.3485576923076923 0.007211538461538462 0.013221153846153846
0 0.828125 0.34615384615384615 0.004807692307692308 0.01201923076923077
0 0.8161057692307693 0.3701923076923077 0.007211538461538462 0.013221153846153846
0 0.9002403846153846 0.5180288461538461 0.007211538461538462 0.018028846153846152
0 0.8269230769230769 0.4963942307692308 0.009615384615384616 0.021634615384615384
0 0.05889423076923077 0.47115384615384615 0.007211538461538462 0.013221153846153846
0 0.08173076923076923 0.5012019230769231 0.007211538461538462 0.013221153846153846
0 0.05889423076923077 0.5 0.007211538461538462 0.013221153846153846
0 0.14302884615384615 0.5360576923076923 0.009615384615384616 0.016826923076923076
0 0.18269230769230768 0.5901442307692307 0.007211538461538462 0.021634615384615384
0 0.2776442307692308 0.6213942307692307 0.007211538461538462 0.019230769230769232
0 0.46634615384615385 0.8317307692307693 0.003605769230769231 0.01201923076923077
0 0.4891826923076923 0.8882211538461539 0.007211538461538462 0.015625
0 0.44471153846153844 0.8629807692307693 0.007211538461538462 0.018028846153846152
0 0.359375 0.7331730769230769 0.004807692307692308 0.010817307692307692
0 0.7355769230769231 0.8858173076923077 0.008413461538461538 0.018028846153846152
0 0.6983173076923077 0.9242788461538461 0.010817307692307692 0.018028846153846152
0 0.8341346153846154 0.8629807692307693 0.006009615384615385 0.018028846153846152
0 0.12980769230769232 0.8088942307692307 0.007211538461538462 0.015625
0 0.19951923076923078 0.8461538461538461 0.007211538461538462 0.015625
0 0.040865384615384616 0.9302884615384616 0.009615384615384616 0.015625
0 0.07932692307692307 0.8353365384615384 0.007211538461538462 0.015625
0 0.46875 0.021634615384615384 0.007211538461538462 0.016826923076923076
0 0.4723557692307692 0.08533653846153846 0.007211538461538462 0.015625
0 0.3112980769230769 0.07451923076923077 0.006009615384615385 0.013221153846153846
0 0.33413461538461536 0.08413461538461539 0.006009615384615385 0.01201923076923077
0 0.35697115384615385 0.06129807692307692 0.004807692307692308 0.010817307692307692
0 0.1622596153846154 0.15504807692307693 0.010817307692307692 0.019230769230769232
0 0.19831730769230768 0.19110576923076922 0.008413461538461538 0.019230769230769232
0 0.23317307692307693 0.15745192307692307 0.007211538461538462 0.015625
0 0.06490384615384616 0.4362980769230769 0.006009615384615385 0.01201923076923077
0 0.018028846153846152 0.46033653846153844 0.007211538461538462 0.016826923076923076