0 0.1141826923076923 0.15865384615384615 0.010817307692307692 0.021634615384615384
0 0.10576923076923077 0.1622596153846154 0.009615384615384616 0.018028846153846152
0 0.13581730769230768 0.16947115384615385 0.007211538461538462 0.020432692307692308
0 0.3329326923076923 0.18389423076923078 0.004807692307692308 0.009615384615384616
0 0.3701923076923077 0.17307692307692307 0.004807692307692308 0.009615384615384616
0 0.7668269230769231 0.171875 0.007211538461538462 0.013221153846153846
0 0.8004807692307693 0.18269230769230768 0.007211538461538462 0.013221153846153846
0 0.7608173076923077 0.14543269230769232 0.007211538461538462 0.01201923076923077
0 0.7848557692307693 0.16706730769230768 0.007211538461538462 0.013221153846153846
0 0.40024038461538464 0.39302884615384615 0.003605769230769231 0.007211538461538462
0 0.3942307692307692 0.35336538461538464 0.002403846153846154 0.007211538461538462
0 0.45913461538461536 0.4110576923076923 0.004807692307692308 0.010817307692307692
0 0.4411057692307692 0.4014423076923077 0.004807692307692308 0.009615384615384616
0 0.6862980769230769 0.484375 0.007211538461538462 0.015625
0 0.25240384615384615 0.5673076923076923 0.006009615384615385 0.010817307692307692
0 0.27283653846153844 0.5685096153846154 0.007211538461538462 0.014423076923076924
0 0.30288461538461536 0.5504807692307693 0.007211538461538462 0.013221153846153846
0 0.31971153846153844 0.5480769230769231 0.006009615384615385 0.01201923076923077
0 0.2512019230769231 0.6490384615384616 0.010817307692307692 0.018028846153846152
0 0.5420673076923077 0.7367788461538461 0.004807692307692308 0.010817307692307692
0 0.6610576923076923 0.7211538461538461 0.004807692307692308 0.010817307692307692
0 0.6490384615384616 0.7223557692307693 0.003605769230769231 0.007211538461538462
0 0.6598557692307693 0.7788461538461539 0.004807692307692308 0.010817307692307692
0 0.6754807692307693 0.7764423076923077 0.006009615384615385 0.009615384615384616
0 0.5637019230769231 0.6346153846153846 0.002403846153846154 0.006009615384615385
0 0.6418269230769231 0.6826923076923077 0.004807692307692308 0.007211538461538462
0 0.6574519230769231 0.6598557692307693 0.003605769230769231 0.01201923076923077
0 0.6478365384615384 0.6466346153846154 0.003605769230769231 0.007211538461538462