0 0.8209134615384616 0.5721153846153846 0.03245192307692308 0.057692307692307696
0 0.875 0.671875 0.030048076923076924 0.06009615384615385
0 0.9447115384615384 0.4411057692307692 0.02283653846153846 0.036057692307692304
0 0.8725961538461539 0.48677884615384615 0.03125 0.04927884615384615
0 0.8125 0.44711538461538464 0.02403846153846154 0.03365384615384615
0 0.7728365384615384 0.4795673076923077 0.030048076923076924 0.04807692307692308
0 0.7379807692307693 0.43990384615384615 0.027644230769230768 0.04927884615384615
0 0.7199519230769231 0.4519230769230769 0.019230769230769232 0.03365384615384615
0 0.8004807692307693 0.5432692307692307 0.030048076923076924 0.052884615384615384
0 0.6634615384615384 0.4723557692307692 0.02403846153846154 0.038461538461538464
0 0.6189903846153846 0.4519230769230769 0.02403846153846154 0.037259615384615384
0 0.5757211538461539 0.3942307692307692 0.021634615384615384 0.03125
0 0.5600961538461539 0.48197115384615385 0.02403846153846154 0.036057692307692304
0 0.5456730769230769 0.4026442307692308 0.02283653846153846 0.036057692307692304
0 0.5048076923076923 0.4639423076923077 0.026442307692307692 0.038461538461538464
0 0.6358173076923077 0.45552884615384615 0.016826923076923076 0.03245192307692308
0 0.421875 0.5024038461538461 0.025240384615384616 0.040865384615384616
0 0.4411057692307692 0.45913461538461536 0.02283653846153846 0.038461538461538464
0 0.41225961538461536 0.36899038461538464 0.02283653846153846 0.037259615384615384
0 0.36899038461538464 0.45072115384615385 0.02403846153846154 0.03365384615384615
0 0.29927884615384615 0.4170673076923077 0.026442307692307692 0.04567307692307692
0 0.2800480769230769 0.46153846153846156 0.030048076923076924 0.05048076923076923
0 0.2704326923076923 0.40384615384615385 0.026442307692307692 0.042067307692307696
0 0.24278846153846154 0.3293269230769231 0.025240384615384616 0.038461538461538464
0 0.11658653846153846 0.20673076923076922 0.028846153846153848 0.07211538461538461