0 0.06129807692307692 0.4651442307692308 0.013221153846153846 0.03125
0 0.3641826923076923 0.4495192307692308 0.013221153846153846 0.028846153846153848
0 0.3701923076923077 0.4831730769230769 0.01201923076923077 0.028846153846153848
0 0.390625 0.4699519230769231 0.010817307692307692 0.027644230769230768
0 0.4110576923076923 0.47836538461538464 0.013221153846153846 0.026442307692307692
0 0.43509615384615385 0.4987980769230769 0.008413461538461538 0.025240384615384616
0 0.453125 0.4723557692307692 0.010817307692307692 0.027644230769230768
0 0.47115384615384615 0.4831730769230769 0.013221153846153846 0.03125
0 0.5144230769230769 0.47716346153846156 0.010817307692307692 0.02283653846153846
0 0.53125 0.47115384615384615 0.013221153846153846 0.026442307692307692
0 0.5564903846153846 0.5096153846153846 0.013221153846153846 0.025240384615384616
0 0.5685096153846154 0.4879807692307692 0.015625 0.03125
0 0.6069711538461539 0.4831730769230769 0.014423076923076924 0.03125
0 0.6298076923076923 0.4723557692307692 0.018028846153846152 0.028846153846153848
0 0.6646634615384616 0.47596153846153844 0.015625 0.03245192307692308
0 0.6899038461538461 0.48197115384615385 0.016826923076923076 0.038461538461538464
0 0.7115384615384616 0.46153846153846156 0.019230769230769232 0.04567307692307692
0 0.7235576923076923 0.4951923076923077 0.013221153846153846 0.03485576923076923
0 0.7764423076923077 0.46875 0.018028846153846152 0.039663461538461536
0 0.7920673076923077 0.4483173076923077 0.016826923076923076 0.039663461538461536
0 0.8233173076923077 0.47596153846153844 0.014423076923076924 0.040865384615384616
0 0.8473557692307693 0.46153846153846156 0.015625 0.03365384615384615
0 0.8725961538461539 0.49759615384615385 0.018028846153846152 0.04567307692307692
0 0.8954326923076923 0.46875 0.013221153846153846 0.036057692307692304