0 0.054086538461538464 0.40384615384615385 0.008413461538461538 0.03245192307692308
0 0.0985576923076923 0.4098557692307692 0.007211538461538462 0.03245192307692308
0 0.1141826923076923 0.3798076923076923 0.007211538461538462 0.030048076923076924
0 0.12860576923076922 0.3713942307692308 0.009615384615384616 0.03245192307692308
0 0.17427884615384615 0.35096153846153844 0.008413461538461538 0.040865384615384616
0 0.21394230769230768 0.3449519230769231 0.013221153846153846 0.04807692307692308
0 0.24278846153846154 0.3473557692307692 0.01201923076923077 0.04567307692307692
0 0.27283653846153844 0.32572115384615385 0.013221153846153846 0.04807692307692308
0 0.30408653846153844 0.2776442307692308 0.014423076923076924 0.04807692307692308
0 0.3449519230769231 0.30408653846153844 0.014423076923076924 0.04807692307692308
0 0.3870192307692308 0.3233173076923077 0.010817307692307692 0.03245192307692308
0 0.43149038461538464 0.29927884615384615 0.01201923076923077 0.04567307692307692
0 0.4735576923076923 0.28846153846153844 0.013221153846153846 0.04326923076923077
0 0.53125 0.28846153846153844 0.010817307692307692 0.037259615384615384
0 0.5444711538461539 0.2776442307692308 0.013221153846153846 0.04567307692307692
0 0.5769230769230769 0.2512019230769231 0.013221153846153846 0.04326923076923077
0 0.5985576923076923 0.2668269230769231 0.009615384615384616 0.040865384615384616
0 0.6213942307692307 0.2512019230769231 0.01201923076923077 0.04326923076923077
0 0.6634615384615384 0.23197115384615385 0.01201923076923077 0.04326923076923077
0 0.6911057692307693 0.22956730769230768 0.013221153846153846 0.04807692307692308
0 0.7175480769230769 0.2403846153846154 0.010817307692307692 0.03485576923076923
0 0.7716346153846154 0.1971153846153846 0.013221153846153846 0.04326923076923077
0 0.8221153846153846 0.18629807692307693 0.013221153846153846 0.04567307692307692
0 0.9290865384615384 0.15625 0.01201923076923077 0.04567307692307692
0 0.19230769230769232 0.33653846153846156 0.007211538461538462 0.037259615384615384
0 0.36538461538461536 0.32091346153846156 0.008413461538461538 0.03485576923076923
0 0.4026442307692308 0.3317307692307692 0.007211538461538462 0.026442307692307692
0 0.4987980769230769 0.25841346153846156 0.008413461538461538 0.037259615384615384
0 0.6514423076923077 0.23677884615384615 0.007211538461538462 0.037259615384615384
0 0.8521634615384616 0.2668269230769231 0.007211538461538462 0.021634615384615384