0 0.2644230769230769 0.5697115384615384 0.03485576923076923 0.06129807692307692
0 0.16706730769230768 0.7548076923076923 0.019230769230769232 0.038461538461538464
0 0.07091346153846154 0.7668269230769231 0.02403846153846154 0.04567307692307692
0 0.030048076923076924 0.3269230769230769 0.010817307692307692 0.027644230769230768
0 0.046875 0.34975961538461536 0.013221153846153846 0.03125
0 0.06129807692307692 0.37740384615384615 0.010817307692307692 0.025240384615384616
0 0.0889423076923077 0.4074519230769231 0.014423076923076924 0.03125
0 0.12620192307692307 0.3918269230769231 0.013221153846153846 0.026442307692307692
0 0.14783653846153846 0.4230769230769231 0.015625 0.03245192307692308
0 0.19591346153846154 0.42908653846153844 0.013221153846153846 0.025240384615384616
0 0.2848557692307692 0.4519230769230769 0.013221153846153846 0.02283653846153846
0 0.3112980769230769 0.4651442307692308 0.01201923076923077 0.025240384615384616
0 0.3858173076923077 0.46153846153846156 0.010817307692307692 0.02283653846153846
0 0.4699519230769231 0.46875 0.01201923076923077 0.020432692307692308
0 0.9242788461538461 0.6682692307692307 0.007211538461538462 0.021634615384615384
0 0.9098557692307693 0.7055288461538461 0.010817307692307692 0.025240384615384616
0 0.5997596153846154 0.5961538461538461 0.007211538461538462 0.013221153846153846
0 0.4855769230769231 0.5997596153846154 0.007211538461538462 0.013221153846153846
0 0.49759615384615385 0.5793269230769231 0.007211538461538462 0.018028846153846152
0 0.5048076923076923 0.5637019230769231 0.004807692307692308 0.013221153846153846
0 0.0625 0.3004807692307692 0.01201923076923077 0.02283653846153846
0 0.07211538461538461 0.3629807692307692 0.01201923076923077 0.026442307692307692
0 0.07692307692307693 0.33413461538461536 0.010817307692307692 0.025240384615384616
0 0.08774038461538461 0.3401442307692308 0.010817307692307692 0.016826923076923076
0 0.08533653846153846 0.36538461538461536 0.009615384615384616 0.025240384615384616
0 0.0985576923076923 0.33052884615384615 0.016826923076923076 0.038461538461538464
0 0.13581730769230768 0.3545673076923077 0.009615384615384616 0.02283653846153846
0 0.14423076923076922 0.36177884615384615 0.007211538461538462 0.016826923076923076
0 0.17548076923076922 0.39302884615384615 0.009615384615384616 0.028846153846153848
0 0.1875 0.390625 0.007211538461538462 0.014423076923076924
0 0.19591346153846154 0.39783653846153844 0.003605769230769231 0.013221153846153846
0 0.21995192307692307 0.41346153846153844 0.01201923076923077 0.02283653846153846
0 0.31971153846153844 0.44471153846153844 0.01201923076923077 0.020432692307692308
0 0.33774038461538464 0.46274038461538464 0.007211538461538462 0.021634615384615384
0 0.32572115384615385 0.46153846153846156 0.007211538461538462 0.016826923076923076
0 0.6310096153846154 0.5949519230769231 0.007211538461538462 0.013221153846153846
0 0.6141826923076923 0.59375 0.008413461538461538 0.015625
0 0.5745192307692307 0.5973557692307693 0.007211538461538462 0.014423076923076924
0 0.8161057692307693 0.7307692307692307 0.010817307692307692 0.02283653846153846
0 0.875 0.734375 0.014423076923076924 0.03125
0 0.8449519230769231 0.6875 0.013221153846153846 0.02283653846153846
0 0.6971153846153846 0.7668269230769231 0.013221153846153846 0.027644230769230768
0 0.6514423076923077 0.7403846153846154 0.010817307692307692 0.03125
0 0.8317307692307693 0.7199519230769231 0.010817307692307692 0.02283653846153846
0 0.8521634615384616 0.7259615384615384 0.01201923076923077 0.027644230769230768
0 0.25 0.41947115384615385 0.010817307692307692 0.021634615384615384
0 0.7355769230769231 0.6730769230769231 0.008413461538461538 0.020432692307692308
0 0.7524038461538461 0.6610576923076923 0.009615384615384616 0.020432692307692308
0 0.7920673076923077 0.6550480769230769 0.007211538461538462 0.021634615384615384
0 0.5504807692307693 0.5973557692307693 0.008413461538461538 0.013221153846153846
0 0.6694711538461539 0.6081730769230769 0.007211538461538462 0.015625
0 0.6814903846153846 0.5961538461538461 0.006009615384615385 0.019230769230769232
0 0.6947115384615384 0.59375 0.007211538461538462 0.016826923076923076
0 0.09375 0.6550480769230769 0.018028846153846152 0.030048076923076924
0 0.042067307692307696 0.6105769230769231 0.021634615384615384 0.038461538461538464
0 0.03245192307692308 0.6730769230769231 0.02403846153846154 0.037259615384615384