0 0.7944711538461539 0.3894230769230769 0.02403846153846154 0.037259615384615384
0 0.8449519230769231 0.39663461538461536 0.021634615384615384 0.036057692307692304
0 0.1045673076923077 0.35096153846153844 0.013221153846153846 0.037259615384615384
0 0.8557692307692307 0.3449519230769231 0.019230769230769232 0.036057692307692304
0 0.9110576923076923 0.390625 0.028846153846153848 0.04447115384615385
0 0.9411057692307693 0.4026442307692308 0.02403846153846154 0.038461538461538464
0 0.953125 0.3233173076923077 0.019230769230769232 0.03245192307692308
0 0.9879807692307693 0.36538461538461536 0.021634615384615384 0.051682692307692304
0 0.8245192307692307 0.3786057692307692 0.018028846153846152 0.037259615384615384
0 0.35096153846153844 0.31009615384615385 0.013221153846153846 0.016826923076923076
0 0.09254807692307693 0.28846153846153844 0.014423076923076924 0.021634615384615384
0 0.12740384615384615 0.3233173076923077 0.016826923076923076 0.027644230769230768
0 0.015625 0.3605769230769231 0.02283653846153846 0.03365384615384615
0 0.04567307692307692 0.37259615384615385 0.021634615384615384 0.03485576923076923
0 0.06850961538461539 0.3485576923076923 0.018028846153846152 0.037259615384615384
0 0.042067307692307696 0.33413461538461536 0.013221153846153846 0.021634615384615384
0 0.08533653846153846 0.3581730769230769 0.02403846153846154 0.036057692307692304
0 0.13341346153846154 0.3605769230769231 0.020432692307692308 0.03245192307692308
0 0.15264423076923078 0.3389423076923077 0.015625 0.030048076923076924
0 0.16346153846153846 0.35096153846153844 0.015625 0.026442307692307692
0 0.17548076923076922 0.3641826923076923 0.02403846153846154 0.037259615384615384
0 0.17067307692307693 0.28725961538461536 0.013221153846153846 0.025240384615384616
0 0.18028846153846154 0.3076923076923077 0.015625 0.027644230769230768
0 0.21754807692307693 0.28365384615384615 0.015625 0.020432692307692308
0 0.21995192307692307 0.3137019230769231 0.014423076923076924 0.030048076923076924
0 0.11778846153846154 0.29927884615384615 0.013221153846153846 0.021634615384615384
0 0.2283653846153846 0.35697115384615385 0.018028846153846152 0.03125
0 0.25 0.35336538461538464 0.021634615384615384 0.038461538461538464
0 0.5216346153846154 0.3629807692307692 0.014423076923076924 0.03125
0 0.5348557692307693 0.36778846153846156 0.021634615384615384 0.037259615384615384
0 0.5733173076923077 0.3737980769230769 0.02283653846153846 0.038461538461538464
0 0.6057692307692307 0.3737980769230769 0.021634615384615384 0.037259615384615384
0 0.6153846153846154 0.43149038461538464 0.02403846153846154 0.038461538461538464
0 0.6298076923076923 0.38461538461538464 0.02283653846153846 0.03365384615384615
0 0.640625 0.3173076923076923 0.013221153846153846 0.019230769230769232
0 0.6670673076923077 0.2956730769230769 0.008413461538461538 0.019230769230769232
0 0.6766826923076923 0.3004807692307692 0.013221153846153846 0.020432692307692308
0 0.6875 0.3786057692307692 0.02403846153846154 0.038461538461538464
0 0.5072115384615384 0.3641826923076923 0.019230769230769232 0.036057692307692304
0 0.47475961538461536 0.4206730769230769 0.02403846153846154 0.037259615384615384
0 0.6826923076923077 0.3389423076923077 0.020432692307692308 0.03125
0 0.71875 0.3894230769230769 0.025240384615384616 0.04326923076923077
0 0.7548076923076923 0.3401442307692308 0.019230769230769232 0.03245192307692308
0 0.7524038461538461 0.4411057692307692 0.02283653846153846 0.037259615384615384
0 0.7740384615384616 0.3701923076923077 0.019230769230769232 0.03245192307692308
0 0.2512019230769231 0.2920673076923077 0.013221153846153846 0.02403846153846154
0 0.29927884615384615 0.28725961538461536 0.01201923076923077 0.021634615384615384
0 0.3269230769230769 0.296875 0.016826923076923076 0.02403846153846154
0 0.3701923076923077 0.2956730769230769 0.013221153846153846 0.020432692307692308
0 0.3016826923076923 0.359375 0.02283653846153846 0.03365384615384615
0 0.31971153846153844 0.35096153846153844 0.013221153846153846 0.03245192307692308
0 0.3329326923076923 0.36177884615384615 0.014423076923076924 0.036057692307692304
0 0.3449519230769231 0.35096153846153844 0.02283653846153846 0.042067307692307696
0 0.27884615384615385 0.4014423076923077 0.02403846153846154 0.042067307692307696
0 0.38100961538461536 0.2932692307692308 0.010817307692307692 0.020432692307692308
0 0.4014423076923077 0.2620192307692308 0.013221153846153846 0.020432692307692308
0 0.3954326923076923 0.30649038461538464 0.013221153846153846 0.02403846153846154
0 0.43509615384615385 0.296875 0.015625 0.02403846153846154
0 0.44471153846153844 0.296875 0.009615384615384616 0.020432692307692308
0 0.46875 0.3088942307692308 0.01201923076923077 0.020432692307692308
0 0.49038461538461536 0.3016826923076923 0.013221153846153846 0.020432692307692308
0 0.48197115384615385 0.32572115384615385 0.013221153846153846 0.025240384615384616
0 0.38822115384615385 0.359375 0.019230769230769232 0.03365384615384615
0 0.41947115384615385 0.35096153846153844 0.015625 0.03365384615384615
0 0.43028846153846156 0.35697115384615385 0.018028846153846152 0.03485576923076923
0 0.4483173076923077 0.3713942307692308 0.02283653846153846 0.037259615384615384
0 0.5204326923076923 0.2956730769230769 0.013221153846153846 0.018028846153846152
0 0.5757211538461539 0.3076923076923077 0.010817307692307692 0.019230769230769232
0 0.5925480769230769 0.30288461538461536 0.013221153846153846 0.018028846153846152
0 0.5865384615384616 0.3269230769230769 0.01201923076923077 0.020432692307692308
0 0.056490384615384616 0.28846153846153844 0.016826923076923076 0.026442307692307692
0 0.04927884615384615 0.3004807692307692 0.015625 0.021634615384615384
0 0.051682692307692304 0.3173076923076923 0.016826923076923076 0.025240384615384616
0 0.7067307692307693 0.35697115384615385 0.019230769230769232 0.03245192307692308