0 0.375 0.6574519230769231 0.020432692307692308 0.07091346153846154
0 0.4362980769230769 0.4951923076923077 0.018028846153846152 0.056490384615384616
0 0.44471153846153844 0.3605769230769231 0.014423076923076924 0.04447115384615385
0 0.49158653846153844 0.2668269230769231 0.009615384615384616 0.028846153846153848
0 0.5769230769230769 0.21754807692307693 0.007211538461538462 0.021634615384615384
0 0.5901442307692307 0.2920673076923077 0.014423076923076924 0.039663461538461536
0 0.6141826923076923 0.3894230769230769 0.013221153846153846 0.04927884615384615
0 0.8713942307692307 0.37259615384615385 0.007211538461538462 0.037259615384615384
0 0.9242788461538461 0.421875 0.01201923076923077 0.04447115384615385
0 0.9074519230769231 0.5168269230769231 0.02283653846153846 0.0829326923076923
0 0.9447115384615384 0.3701923076923077 0.009615384615384616 0.037259615384615384
0 0.9519230769230769 0.49278846153846156 0.016826923076923076 0.056490384615384616
0 0.9663461538461539 0.49759615384615385 0.015625 0.04447115384615385
0 0.9242788461538461 0.28725961538461536 0.007211538461538462 0.028846153846153848
0 0.9483173076923077 0.28966346153846156 0.007211538461538462 0.028846153846153848
0 0.9951923076923077 0.3125 0.007211538461538462 0.039663461538461536
0 0.9387019230769231 0.6766826923076923 0.018028846153846152 0.0829326923076923
0 0.9927884615384616 0.71875 0.013221153846153846 0.09615384615384616
0 0.9711538461538461 0.3942307692307692 0.01201923076923077 0.046875
0 0.8846153846153846 0.4579326923076923 0.014423076923076924 0.06850961538461539
0 0.8810096153846154 0.6370192307692307 0.02283653846153846 0.09014423076923077
0 0.9050480769230769 0.5612980769230769 0.013221153846153846 0.06610576923076923
0 0.23798076923076922 0.17427884615384615 0.007211538461538462 0.03125
0 0.19471153846153846 0.20072115384615385 0.008413461538461538 0.02403846153846154