0 0 0 0 0
0 0.0263671875 0.24736842105263157 0.021484375 0.04736842105263158
0 0.07568359375 0.256140350877193 0.0185546875 0.0456140350877193
0 0.09912109375 0.25263157894736843 0.0205078125 0.043859649122807015
0 0.11669921875 0.2596491228070175 0.0126953125 0.028070175438596492
0 0.13134765625 0.2824561403508772 0.0185546875 0.03684210526315789
0 0.1689453125 0.26842105263157895 0.01953125 0.03684210526315789
0 0.20849609375 0.24210526315789474 0.0205078125 0.04912280701754386
0 0.28271484375 0.22631578947368422 0.0244140625 0.056140350877192984
0 0.38427734375 0.21929824561403508 0.0244140625 0.05087719298245614
0 0.40869140625 0.19298245614035087 0.0283203125 0.06491228070175438
0 0.51904296875 0.1736842105263158 0.0341796875 0.07192982456140351
0 0.61376953125 0.19649122807017544 0.0283203125 0.06491228070175438
0 0.7177734375 0.21052631578947367 0.033203125 0.07894736842105263
0 0.908203125 0.23508771929824562 0.03515625 0.07543859649122807