0 0.3473557692307692 0.44591346153846156 0.018028846153846152 0.027644230769230768
0 0.29086538461538464 0.359375 0.010817307692307692 0.02403846153846154
0 0.32572115384615385 0.37259615384615385 0.013221153846153846 0.02403846153846154
0 0.3581730769230769 0.34975961538461536 0.018028846153846152 0.027644230769230768
0 0.3545673076923077 0.3112980769230769 0.018028846153846152 0.028846153846153848
0 0.4026442307692308 0.28125 0.016826923076923076 0.028846153846153848
0 0.41947115384615385 0.33533653846153844 0.020432692307692308 0.03245192307692308
0 0.44350961538461536 0.3112980769230769 0.019230769230769232 0.03485576923076923
0 0.4375 0.5180288461538461 0.016826923076923076 0.027644230769230768
0 0.5012019230769231 0.46634615384615385 0.018028846153846152 0.03245192307692308
0 0.5 0.43509615384615385 0.016826923076923076 0.025240384615384616
0 0.5576923076923077 0.4963942307692308 0.014423076923076924 0.025240384615384616
0 0.5889423076923077 0.5396634615384616 0.016826923076923076 0.030048076923076924
0 0.6274038461538461 0.46634615384615385 0.018028846153846152 0.03245192307692308
0 0.6189903846153846 0.38341346153846156 0.018028846153846152 0.03125
0 0.6610576923076923 0.3473557692307692 0.014423076923076924 0.025240384615384616
0 0.671875 0.3269230769230769 0.013221153846153846 0.02403846153846154
0 0.6274038461538461 0.2704326923076923 0.020432692307692308 0.026442307692307692
0 0.34134615384615385 0.265625 0.019230769230769232 0.02403846153846154
0 0.45552884615384615 0.2668269230769231 0.016826923076923076 0.021634615384615384
0 0.31490384615384615 0.2980769230769231 0.015625 0.027644230769230768
0 0.6117788461538461 0.43509615384615385 0.007211538461538462 0.015625
0 0.5384615384615384 0.29447115384615385 0.013221153846153846 0.018028846153846152