0 0.02283653846153846 0.15745192307692307 0.027644230769230768 0.0673076923076923
0 0.09014423076923077 0.14783653846153846 0.03365384615384615 0.078125
0 0.12980769230769232 0.13701923076923078 0.036057692307692304 0.078125
0 0.10697115384615384 0.3076923076923077 0.0733173076923077 0.17307692307692307
0 0.2283653846153846 0.23918269230769232 0.051682692307692304 0.10817307692307693
0 0.33413461538461536 0.22596153846153846 0.051682692307692304 0.12620192307692307
0 0.46274038461538464 0.14783653846153846 0.042067307692307696 0.10216346153846154
0 0.5012019230769231 0.375 0.10697115384615384 0.23317307692307693
0 0.43509615384615385 0.09254807692307693 0.02403846153846154 0.06370192307692307
0 0.40625 0.11778846153846154 0.02403846153846154 0.05889423076923077
0 0.7860576923076923 0.5036057692307693 0.12740384615384615 0.2932692307692308
0 0.6274038461538461 0.15745192307692307 0.052884615384615384 0.12379807692307693
0 0.5793269230769231 0.055288461538461536 0.028846153846153848 0.057692307692307696
0 0.7283653846153846 0.1045673076923077 0.03245192307692308 0.07692307692307693
0 0.7716346153846154 0.16466346153846154 0.04927884615384615 0.1141826923076923
0 0.8725961538461539 0.0625 0.03365384615384615 0.08173076923076923
0 0.9194711538461539 0.10817307692307693 0.040865384615384616 0.09254807692307693
0 0.9483173076923077 0.17067307692307693 0.04927884615384615 0.11298076923076923
0 0.17307692307692307 0.19831730769230768 0.05048076923076923 0.11298076923076923
0 0.46875 0.06610576923076923 0.028846153846153848 0.06129807692307692
0 0.5024038461538461 0.10576923076923077 0.028846153846153848 0.046875
0 0.5817307692307693 0.12620192307692307 0.028846153846153848 0.078125
0 0.5144230769230769 0.19951923076923078 0.04927884615384615 0.12620192307692307
0 0.8004807692307693 0.06370192307692307 0.026442307692307692 0.0625
0 0.6622596153846154 0.07932692307692307 0.025240384615384616 0.0625
0 0.7259615384615384 0.04807692307692308 0.03485576923076923 0.054086538461538464
0 0.9783653846153846 0.09254807692307693 0.03365384615384615 0.05889423076923077