0 0.9038461538461539 0.21634615384615385 0.0829326923076923 0.13341346153846154
0 0.6730769230769231 0.3798076923076923 0.10697115384615384 0.19591346153846154
0 0.5817307692307693 0.23918269230769232 0.08533653846153846 0.14783653846153846
0 0.31850961538461536 0.2536057692307692 0.07572115384615384 0.13221153846153846
0 0.2127403846153846 0.3245192307692308 0.10096153846153846 0.16346153846153846
0 0.06370192307692307 0.26322115384615385 0.0733173076923077 0.1141826923076923
0 0.9495192307692307 0.052884615384615384 0.06490384615384616 0.09615384615384616
0 0.8485576923076923 0.08052884615384616 0.08173076923076923 0.12620192307692307
0 0.7211538461538461 0.039663461538461536 0.06009615384615385 0.07932692307692307
0 0.7668269230769231 0.04447115384615385 0.051682692307692304 0.08173076923076923
0 0.07932692307692307 0.027644230769230768 0.03485576923076923 0.054086538461538464
0 0.03365384615384615 0.13822115384615385 0.05889423076923077 0.09254807692307693
0 0.12259615384615384 0.04807692307692308 0.05889423076923077 0.08774038461538461
0 0.18028846153846154 0.0733173076923077 0.05048076923076923 0.078125
0 0.21875 0.0733173076923077 0.04326923076923077 0.06850961538461539
0 0.2860576923076923 0.08653846153846154 0.07091346153846154 0.11538461538461539
0 0.34615384615384615 0.08052884615384616 0.054086538461538464 0.08653846153846154
0 0.41947115384615385 0.039663461538461536 0.04447115384615385 0.06610576923076923
0 0.5252403846153846 0.04326923076923077 0.0733173076923077 0.08653846153846154
0 0.5721153846153846 0.04567307692307692 0.04326923076923077 0.09134615384615384
0 0.6574519230769231 0.03125 0.037259615384615384 0.06129807692307692
0 0.49038461538461536 0.06610576923076923 0.03365384615384615 0.05889423076923077