0 0.9290865384615384 0.6983173076923077 0.02403846153846154 0.039663461538461536
0 0.875 0.6622596153846154 0.019230769230769232 0.030048076923076924
0 0.8341346153846154 0.6790865384615384 0.020432692307692308 0.037259615384615384
0 0.7908653846153846 0.6742788461538461 0.018028846153846152 0.038461538461538464
0 0.7632211538461539 0.6478365384615384 0.019230769230769232 0.03245192307692308
0 0.7055288461538461 0.6165865384615384 0.019230769230769232 0.038461538461538464
0 0.6658653846153846 0.6454326923076923 0.018028846153846152 0.03365384615384615
0 0.6189903846153846 0.6286057692307693 0.018028846153846152 0.03485576923076923
0 0.5697115384615384 0.6490384615384616 0.015625 0.03245192307692308
0 0.5396634615384616 0.6298076923076923 0.018028846153846152 0.03245192307692308
0 0.5288461538461539 0.6911057692307693 0.015625 0.030048076923076924
0 0.49399038461538464 0.6983173076923077 0.018028846153846152 0.03245192307692308
0 0.48677884615384615 0.6334134615384616 0.015625 0.030048076923076924
0 0.4699519230769231 0.7151442307692307 0.016826923076923076 0.028846153846153848
0 0.4519230769230769 0.703125 0.013221153846153846 0.020432692307692308
0 0.43149038461538464 0.6622596153846154 0.016826923076923076 0.02283653846153846
0 0.4254807692307692 0.7055288461538461 0.010817307692307692 0.02283653846153846
0 0.39783653846153844 0.6959134615384616 0.013221153846153846 0.020432692307692308
0 0.3870192307692308 0.6935096153846154 0.013221153846153846 0.025240384615384616
0 0.36177884615384615 0.6983173076923077 0.018028846153846152 0.028846153846153848
0 0.3401442307692308 0.7307692307692307 0.018028846153846152 0.028846153846153848
0 0.31009615384615385 0.7235576923076923 0.014423076923076924 0.028846153846153848
0 0.2848557692307692 0.7211538461538461 0.016826923076923076 0.028846153846153848
0 0.25 0.7151442307692307 0.016826923076923076 0.028846153846153848
0 0.2704326923076923 0.6033653846153846 0.016826923076923076 0.030048076923076924