0 0.23918269230769232 0.36778846153846156 0.03365384615384615 0.08653846153846154
0 0.2692307692307692 0.3629807692307692 0.02403846153846154 0.055288461538461536
0 0.28966346153846156 0.3641826923076923 0.018028846153846152 0.039663461538461536
0 0.38221153846153844 0.359375 0.02403846153846154 0.0673076923076923
0 0.4423076923076923 0.4338942307692308 0.02283653846153846 0.07932692307692307
0 0.5168269230769231 0.296875 0.013221153846153846 0.03125
0 0.49399038461538464 0.31490384615384615 0.007211538461538462 0.01201923076923077
0 0.4855769230769231 0.30408653846153844 0.006009615384615385 0.01201923076923077
0 0.53125 0.29086538461538464 0.006009615384615385 0.01201923076923077
0 0.5492788461538461 0.30408653846153844 0.006009615384615385 0.010817307692307692
0 0.5564903846153846 0.29447115384615385 0.004807692307692308 0.010817307692307692
0 0.5649038461538461 0.2956730769230769 0.006009615384615385 0.01201923076923077
0 0.703125 0.2956730769230769 0.007211538461538462 0.014423076923076924
0 0.7211538461538461 0.28966346153846156 0.008413461538461538 0.015625
0 0.7415865384615384 0.29086538461538464 0.004807692307692308 0.010817307692307692
0 0.7536057692307693 0.29086538461538464 0.007211538461538462 0.013221153846153846
0 0.7680288461538461 0.27403846153846156 0.006009615384615385 0.010817307692307692
0 0.796875 0.32211538461538464 0.006009615384615385 0.010817307692307692
0 0.7451923076923077 0.328125 0.007211538461538462 0.019230769230769232
0 0.16346153846153846 0.36658653846153844 0.013221153846153846 0.03125