0 0.9867788461538461 0.875 0.019230769230769232 0.039663461538461536
0 0.9158653846153846 0.8173076923076923 0.021634615384615384 0.037259615384615384
0 0.8677884615384616 0.8125 0.020432692307692308 0.037259615384615384
0 0.90625 0.7295673076923077 0.018028846153846152 0.03365384615384615
0 0.8545673076923077 0.6983173076923077 0.016826923076923076 0.03245192307692308
0 0.9639423076923077 0.6598557692307693 0.018028846153846152 0.03365384615384615
0 0.9471153846153846 0.6394230769230769 0.013221153846153846 0.030048076923076924
0 0.7764423076923077 0.8581730769230769 0.014423076923076924 0.026442307692307692
0 0.7584134615384616 0.8137019230769231 0.020432692307692308 0.037259615384615384
0 0.7752403846153846 0.7355769230769231 0.018028846153846152 0.03245192307692308
0 0.7391826923076923 0.7367788461538461 0.015625 0.03365384615384615
0 0.7632211538461539 0.6814903846153846 0.016826923076923076 0.03125
0 0.7752403846153846 0.6634615384615384 0.014423076923076924 0.027644230769230768
0 0.7379807692307693 0.6370192307692307 0.016826923076923076 0.030048076923076924
0 0.6754807692307693 0.7163461538461539 0.014423076923076924 0.030048076923076924
0 0.6754807692307693 0.6790865384615384 0.013221153846153846 0.030048076923076924
0 0.9831730769230769 0.9747596153846154 0.018028846153846152 0.038461538461538464
0 0.6586538461538461 0.8233173076923077 0.015625 0.03245192307692308
0 0.5661057692307693 0.8305288461538461 0.019230769230769232 0.03245192307692308
0 0.5805288461538461 0.7439903846153846 0.018028846153846152 0.03125
0 0.6370192307692307 0.7235576923076923 0.015625 0.03245192307692308
0 0.5973557692307693 0.6911057692307693 0.016826923076923076 0.030048076923076924
0 0.6129807692307693 0.6598557692307693 0.018028846153846152 0.03485576923076923
0 0.5132211538461539 0.7019230769230769 0.019230769230769232 0.03125
0 0.5144230769230769 0.7692307692307693 0.018028846153846152 0.020432692307692308
0 0.453125 0.7728365384615384 0.016826923076923076 0.03245192307692308
0 0.4639423076923077 0.7283653846153846 0.016826923076923076 0.03125
0 0.49038461538461536 0.6754807692307693 0.016826923076923076 0.030048076923076924
0 0.47475961538461536 0.6442307692307693 0.016826923076923076 0.027644230769230768
0 0.5180288461538461 0.8521634615384616 0.018028846153846152 0.03485576923076923
0 0.36658653846153844 0.8798076923076923 0.020432692307692308 0.037259615384615384
0 0.41346153846153844 0.7896634615384616 0.019230769230769232 0.03365384615384615
0 0.39783653846153844 0.7668269230769231 0.016826923076923076 0.03365384615384615
0 0.40625 0.7211538461538461 0.015625 0.030048076923076924
0 0.41346153846153844 0.6730769230769231 0.018028846153846152 0.027644230769230768
0 0.3545673076923077 0.7211538461538461 0.013221153846153846 0.026442307692307692
0 0.33653846153846156 0.7728365384615384 0.015625 0.027644230769230768
0 0.3137019230769231 0.7415865384615384 0.016826923076923076 0.03365384615384615
0 0.2824519230769231 0.7536057692307693 0.018028846153846152 0.03365384615384615
0 0.23557692307692307 0.7403846153846154 0.018028846153846152 0.030048076923076924
0 0.24759615384615385 0.7175480769230769 0.018028846153846152 0.03245192307692308
0 0.27403846153846156 0.7043269230769231 0.013221153846153846 0.026442307692307692
0 0.27884615384615385 0.6622596153846154 0.013221153846153846 0.027644230769230768
0 0.34975961538461536 0.6826923076923077 0.016826923076923076 0.026442307692307692
0 0.3737980769230769 0.6394230769230769 0.015625 0.027644230769230768
0 0.3473557692307692 0.6274038461538461 0.018028846153846152 0.03125
0 0.4266826923076923 0.6237980769230769 0.018028846153846152 0.027644230769230768
0 0.2704326923076923 0.8653846153846154 0.015625 0.027644230769230768
0 0.2980769230769231 0.9831730769230769 0.02283653846153846 0.03125
0 0.23197115384615385 0.9795673076923077 0.020432692307692308 0.039663461538461536
0 0.17427884615384615 0.7728365384615384 0.016826923076923076 0.03125
0 0.12259615384615384 0.7740384615384616 0.02283653846153846 0.03245192307692308
0 0.12980769230769232 0.8173076923076923 0.018028846153846152 0.03245192307692308
0 0.14903846153846154 0.9375 0.018028846153846152 0.03125
0 0.16826923076923078 0.96875 0.021634615384615384 0.03365384615384615
0 0.11298076923076923 0.8798076923076923 0.018028846153846152 0.03125
0 0.02283653846153846 0.859375 0.019230769230769232 0.03485576923076923
0 0.006009615384615385 0.9122596153846154 0.01201923076923077 0.03125
0 0.03125 0.7800480769230769 0.018028846153846152 0.03125
0 0.0673076923076923 0.7427884615384616 0.018028846153846152 0.027644230769230768
0 0.0889423076923077 0.6959134615384616 0.016826923076923076 0.030048076923076924
0 0.12620192307692307 0.7139423076923077 0.015625 0.027644230769230768
0 0.16105769230769232 0.7151442307692307 0.016826923076923076 0.03125
0 0.19591346153846154 0.6538461538461539 0.018028846153846152 0.03245192307692308
0 0.14903846153846154 0.6177884615384616 0.015625 0.026442307692307692
0 0.10096153846153846 0.6430288461538461 0.015625 0.026442307692307692
0 0.026442307692307692 0.6586538461538461 0.018028846153846152 0.026442307692307692
0 0.019230769230769232 0.6322115384615384 0.016826923076923076 0.030048076923076924
0 0.030048076923076924 0.7163461538461539 0.016826923076923076 0.030048076923076924
0 0.41346153846153844 0.8653846153846154 0.013221153846153846 0.027644230769230768
0 0.9939903846153846 0.6394230769230769 0.009615384615384616 0.025240384615384616
0 0.9747596153846154 0.5925480769230769 0.018028846153846152 0.03125
0 0.8822115384615384 0.6177884615384616 0.014423076923076924 0.030048076923076924
0 0.875 0.5853365384615384 0.014423076923076924 0.030048076923076924
0 0.8894230769230769 0.5540865384615384 0.013221153846153846 0.026442307692307692
0 0.8341346153846154 0.6262019230769231 0.018028846153846152 0.03245192307692308
0 0.8161057692307693 0.6105769230769231 0.015625 0.027644230769230768
0 0.7824519230769231 0.5961538461538461 0.014423076923076924 0.026442307692307692
0 0.7403846153846154 0.5480769230769231 0.014423076923076924 0.025240384615384616
0 0.9711538461538461 0.5072115384615384 0.013221153846153846 0.027644230769230768
0 0.9795673076923077 0.4831730769230769 0.013221153846153846 0.026442307692307692
0 0.9435096153846154 0.47716346153846156 0.013221153846153846 0.025240384615384616
0 0.9579326923076923 0.453125 0.013221153846153846 0.021634615384615384
0 0.8834134615384616 0.4699519230769231 0.014423076923076924 0.025240384615384616
0 0.8305288461538461 0.5012019230769231 0.013221153846153846 0.021634615384615384
0 0.796875 0.5420673076923077 0.014423076923076924 0.025240384615384616
0 0.7752403846153846 0.4963942307692308 0.014423076923076924 0.019230769230769232
0 0.8233173076923077 0.47596153846153844 0.014423076923076924 0.02403846153846154
0 0.7295673076923077 0.5048076923076923 0.015625 0.025240384615384616
0 0.7451923076923077 0.48197115384615385 0.01201923076923077 0.020432692307692308
0 0.7019230769230769 0.4567307692307692 0.013221153846153846 0.026442307692307692
0 0.6742788461538461 0.5889423076923077 0.015625 0.027644230769230768
0 0.6923076923076923 0.625 0.014423076923076924 0.027644230769230768
0 0.6862980769230769 0.49038461538461536 0.014423076923076924 0.026442307692307692
0 0.6454326923076923 0.47836538461538464 0.013221153846153846 0.025240384615384616
0 0.6538461538461539 0.5360576923076923 0.013221153846153846 0.025240384615384616
0 0.6262019230769231 0.6201923076923077 0.016826923076923076 0.026442307692307692
0 0.6201923076923077 0.5913461538461539 0.015625 0.030048076923076924
0 0.65625 0.578125 0.013221153846153846 0.027644230769230768
0 0.6105769230769231 0.5444711538461539 0.013221153846153846 0.026442307692307692
0 0.5973557692307693 0.5024038461538461 0.013221153846153846 0.025240384615384616
0 0.5769230769230769 0.4951923076923077 0.014423076923076924 0.025240384615384616
0 0.5637019230769231 0.46634615384615385 0.013221153846153846 0.025240384615384616
0 0.5733173076923077 0.4362980769230769 0.013221153846153846 0.021634615384615384
0 0.6057692307692307 0.46033653846153844 0.013221153846153846 0.027644230769230768
0 0.5180288461538461 0.45913461538461536 0.01201923076923077 0.016826923076923076
0 0.5300480769230769 0.49038461538461536 0.013221153846153846 0.025240384615384616
0 0.5576923076923077 0.421875 0.013221153846153846 0.02403846153846154
0 0.46634615384615385 0.5637019230769231 0.015625 0.025240384615384616
0 0.4519230769230769 0.5372596153846154 0.013221153846153846 0.02403846153846154
0 0.4951923076923077 0.47836538461538464 0.015625 0.026442307692307692
0 0.49399038461538464 0.4326923076923077 0.013221153846153846 0.021634615384615384
0 0.46634615384615385 0.42788461538461536 0.013221153846153846 0.02403846153846154
0 0.4495192307692308 0.4855769230769231 0.014423076923076924 0.02403846153846154
0 0.4699519230769231 0.4735576923076923 0.013221153846153846 0.025240384615384616
0 0.41947115384615385 0.453125 0.013221153846153846 0.019230769230769232
0 0.41346153846153844 0.4266826923076923 0.01201923076923077 0.021634615384615384
0 0.4170673076923077 0.5120192307692307 0.013221153846153846 0.02403846153846154
0 0.3701923076923077 0.578125 0.013221153846153846 0.025240384615384616
0 0.35336538461538464 0.5204326923076923 0.013221153846153846 0.019230769230769232
0 0.3425480769230769 0.6021634615384616 0.014423076923076924 0.027644230769230768
0 0.2980769230769231 0.5865384615384616 0.01201923076923077 0.02403846153846154
0 0.2848557692307692 0.5877403846153846 0.013221153846153846 0.025240384615384616
0 0.24879807692307693 0.5625 0.014423076923076924 0.021634615384615384
0 0.27884615384615385 0.4963942307692308 0.015625 0.025240384615384616
0 0.34375 0.5204326923076923 0.01201923076923077 0.02403846153846154
0 0.3557692307692308 0.45552884615384615 0.015625 0.02403846153846154
0 0.34134615384615385 0.4375 0.010817307692307692 0.020432692307692308
0 0.2668269230769231 0.421875 0.013221153846153846 0.02403846153846154
0 0.23798076923076922 0.4338942307692308 0.01201923076923077 0.019230769230769232
0 0.26322115384615385 0.49278846153846156 0.010817307692307692 0.02403846153846154
0 0.24759615384615385 0.4699519230769231 0.01201923076923077 0.021634615384615384
0 0.3161057692307692 0.3894230769230769 0.010817307692307692 0.019230769230769232
0 0.3762019230769231 0.39903846153846156 0.010817307692307692 0.021634615384615384
0 0.39663461538461536 0.38461538461538464 0.01201923076923077 0.02403846153846154
0 0.3641826923076923 0.36899038461538464 0.009615384615384616 0.019230769230769232
0 0.4963942307692308 0.5612980769230769 0.013221153846153846 0.021634615384615384
0 0.46274038461538464 0.5264423076923077 0.013221153846153846 0.025240384615384616
0 0.15384615384615385 0.4891826923076923 0.013221153846153846 0.021634615384615384
0 0.1201923076923077 0.4855769230769231 0.014423076923076924 0.02403846153846154
0 0.13822115384615385 0.45913461538461536 0.013221153846153846 0.021634615384615384
0 0.20432692307692307 0.4723557692307692 0.013221153846153846 0.02403846153846154
0 0.203125 0.45072115384615385 0.013221153846153846 0.021634615384615384
0 0.15745192307692307 0.4326923076923077 0.013221153846153846 0.025240384615384616
0 0.21153846153846154 0.40865384615384615 0.015625 0.025240384615384616
0 0.07572115384615384 0.47836538461538464 0.013221153846153846 0.026442307692307692
0 0.06009615384615385 0.48197115384615385 0.013221153846153846 0.025240384615384616
0 0.042067307692307696 0.47836538461538464 0.013221153846153846 0.021634615384615384
0 0.04447115384615385 0.4362980769230769 0.013221153846153846 0.020432692307692308
0 0.0625 0.453125 0.013221153846153846 0.020432692307692308
0 0.09615384615384616 0.42427884615384615 0.014423076923076924 0.025240384615384616
0 0.0673076923076923 0.39783653846153844 0.014423076923076924 0.025240384615384616
0 0.055288461538461536 0.5661057692307693 0.013221153846153846 0.026442307692307692
0 0.027644230769230768 0.5504807692307693 0.014423076923076924 0.027644230769230768
0 0.04447115384615385 0.5408653846153846 0.013221153846153846 0.026442307692307692
0 0.028846153846153848 0.3701923076923077 0.013221153846153846 0.02403846153846154
0 0.04927884615384615 0.3473557692307692 0.01201923076923077 0.020432692307692308
0 0.09735576923076923 0.36778846153846156 0.013221153846153846 0.026442307692307692
0 0.13942307692307693 0.38100961538461536 0.010817307692307692 0.021634615384615384
0 0.17548076923076922 0.36538461538461536 0.01201923076923077 0.018028846153846152
0 0.12980769230769232 0.33413461538461536 0.013221153846153846 0.020432692307692308
0 0.09975961538461539 0.3293269230769231 0.010817307692307692 0.019230769230769232
0 0.078125 0.3401442307692308 0.010817307692307692 0.018028846153846152
0 0.0733173076923077 0.3173076923076923 0.014423076923076924 0.02403846153846154
0 0.052884615384615384 0.2920673076923077 0.013221153846153846 0.02403846153846154
0 0.016826923076923076 0.31490384615384615 0.01201923076923077 0.021634615384615384
0 0.0625 0.28125 0.010817307692307692 0.021634615384615384
0 0.09134615384615384 0.27163461538461536 0.009615384615384616 0.016826923076923076
0 0.18509615384615385 0.32211538461538464 0.009615384615384616 0.019230769230769232
0 0.16466346153846154 0.2980769230769231 0.009615384615384616 0.016826923076923076
0 0.20793269230769232 0.28846153846153844 0.010817307692307692 0.021634615384615384
0 0.24158653846153846 0.3485576923076923 0.013221153846153846 0.02403846153846154
0 0.22956730769230768 0.3737980769230769 0.010817307692307692 0.018028846153846152
0 0.27524038461538464 0.34134615384615385 0.01201923076923077 0.019230769230769232
0 0.30649038461538464 0.32211538461538464 0.01201923076923077 0.018028846153846152
0 0.3269230769230769 0.36899038461538464 0.010817307692307692 0.016826923076923076
0 0.31971153846153844 0.34615384615384615 0.01201923076923077 0.020432692307692308
0 0.33653846153846156 0.3293269230769231 0.010817307692307692 0.020432692307692308
0 0.35336538461538464 0.3425480769230769 0.010817307692307692 0.019230769230769232
0 0.44711538461538464 0.36177884615384615 0.01201923076923077 0.021634615384615384
0 0.4519230769230769 0.3401442307692308 0.008413461538461538 0.014423076923076924
0 0.4495192307692308 0.31490384615384615 0.009615384615384616 0.020432692307692308
0 0.421875 0.31850961538461536 0.013221153846153846 0.020432692307692308
0 0.4050480769230769 0.30528846153846156 0.01201923076923077 0.020432692307692308
0 0.4074519230769231 0.35096153846153844 0.009615384615384616 0.018028846153846152
0 0.4951923076923077 0.3473557692307692 0.010817307692307692 0.018028846153846152
0 0.5336538461538461 0.33413461538461536 0.010817307692307692 0.021634615384615384
0 0.5757211538461539 0.3701923076923077 0.01201923076923077 0.018028846153846152
0 0.5841346153846154 0.39903846153846156 0.01201923076923077 0.02403846153846154
0 0.5985576923076923 0.3737980769230769 0.01201923076923077 0.02403846153846154
0 0.5757211538461539 0.3173076923076923 0.010817307692307692 0.019230769230769232
0 0.6286057692307693 0.359375 0.01201923076923077 0.021634615384615384
0 0.6237980769230769 0.328125 0.01201923076923077 0.021634615384615384
0 0.609375 0.2860576923076923 0.010817307692307692 0.021634615384615384
0 0.5444711538461539 0.2776442307692308 0.01201923076923077 0.019230769230769232
0 0.49038461538461536 0.29927884615384615 0.01201923076923077 0.020432692307692308
0 0.40625 0.2439903846153846 0.009615384615384616 0.020432692307692308
0 0.359375 0.265625 0.008413461538461538 0.013221153846153846
0 0.31850961538461536 0.27163461538461536 0.010817307692307692 0.021634615384615384
0 0.31971153846153844 0.24759615384615385 0.008413461538461538 0.020432692307692308
0 0.35216346153846156 0.24519230769230768 0.009615384615384616 0.018028846153846152
0 0.375 0.31490384615384615 0.009615384615384616 0.020432692307692308
0 0.3701923076923077 0.4495192307692308 0.009615384615384616 0.019230769230769232
0 0.8293269230769231 0.40384615384615385 0.014423076923076924 0.02403846153846154
0 0.8545673076923077 0.3786057692307692 0.014423076923076924 0.026442307692307692
0 0.8858173076923077 0.4014423076923077 0.013221153846153846 0.019230769230769232
0 0.9182692307692307 0.39783653846153844 0.014423076923076924 0.02403846153846154
0 0.9735576923076923 0.40024038461538464 0.013221153846153846 0.025240384615384616
0 0.9423076923076923 0.36538461538461536 0.013221153846153846 0.025240384615384616
0 0.9555288461538461 0.33653846153846156 0.01201923076923077 0.02403846153846154
0 0.9879807692307693 0.3485576923076923 0.013221153846153846 0.02403846153846154
0 0.9266826923076923 0.34375 0.010817307692307692 0.019230769230769232
0 0.8677884615384616 0.3605769230769231 0.013221153846153846 0.025240384615384616
0 0.859375 0.34615384615384615 0.013221153846153846 0.025240384615384616
0 0.8088942307692307 0.35096153846153844 0.013221153846153846 0.021634615384615384
0 0.796875 0.3918269230769231 0.01201923076923077 0.02403846153846154
0 0.7848557692307693 0.4074519230769231 0.01201923076923077 0.020432692307692308
0 0.7884615384615384 0.44350961538461536 0.013221153846153846 0.027644230769230768
0 0.7644230769230769 0.4326923076923077 0.013221153846153846 0.021634615384615384
0 0.7620192307692307 0.3954326923076923 0.013221153846153846 0.025240384615384616
0 0.7331730769230769 0.3762019230769231 0.01201923076923077 0.019230769230769232
0 0.7127403846153846 0.38461538461538464 0.01201923076923077 0.020432692307692308
0 0.7079326923076923 0.41346153846153844 0.010817307692307692 0.021634615384615384
0 0.671875 0.375 0.01201923076923077 0.019230769230769232
0 0.6586538461538461 0.35697115384615385 0.013221153846153846 0.020432692307692308
0 0.71875 0.3557692307692308 0.010817307692307692 0.020432692307692308
0 0.7560096153846154 0.34975961538461536 0.01201923076923077 0.021634615384615384
0 0.7740384615384616 0.31009615384615385 0.009615384615384616 0.016826923076923076
0 0.7199519230769231 0.3016826923076923 0.010817307692307692 0.019230769230769232
0 0.703125 0.29086538461538464 0.010817307692307692 0.019230769230769232
0 0.6478365384615384 0.4014423076923077 0.013221153846153846 0.020432692307692308
0 0.6670673076923077 0.4266826923076923 0.013221153846153846 0.020432692307692308
0 0.671875 0.30528846153846156 0.008413461538461538 0.019230769230769232
0 0.7295673076923077 0.2920673076923077 0.010817307692307692 0.019230769230769232
0 0.8341346153846154 0.30288461538461536 0.01201923076923077 0.019230769230769232
0 0.875 0.2956730769230769 0.01201923076923077 0.021634615384615384
0 0.8930288461538461 0.28125 0.009615384615384616 0.019230769230769232
0 0.8822115384615384 0.26322115384615385 0.013221153846153846 0.016826923076923076
0 0.9411057692307693 0.2776442307692308 0.007211538461538462 0.014423076923076924
0 0.9711538461538461 0.28125 0.008413461538461538 0.018028846153846152
0 0.8149038461538461 0.28846153846153844 0.009615384615384616 0.018028846153846152
0 0.8485576923076923 0.2776442307692308 0.013221153846153846 0.020432692307692308
0 0.6730769230769231 0.2644230769230769 0.009615384615384616 0.016826923076923076
0 0.7367788461538461 0.2668269230769231 0.010817307692307692 0.019230769230769232
0 0.6310096153846154 0.27884615384615385 0.01201923076923077 0.019230769230769232
0 0.9723557692307693 0.25841346153846156 0.009615384615384616 0.020432692307692308
0 0.9254807692307693 0.25 0.008413461538461538 0.019230769230769232
0 0.9459134615384616 0.2247596153846154 0.007211538461538462 0.018028846153846152
0 0.9639423076923077 0.18269230769230768 0.007211538461538462 0.014423076923076924
0 0.9879807692307693 0.16706730769230768 0.007211538461538462 0.018028846153846152
0 0.9447115384615384 0.16826923076923078 0.007211538461538462 0.013221153846153846
0 0.9459134615384616 0.15625 0.008413461538461538 0.018028846153846152
0 0.953125 0.1622596153846154 0.007211538461538462 0.014423076923076924
0 0.9759615384615384 0.109375 0.007211538461538462 0.016826923076923076
0 0.9242788461538461 0.1466346153846154 0.009615384615384616 0.016826923076923076
0 0.8942307692307693 0.1622596153846154 0.007211538461538462 0.014423076923076924
0 0.8774038461538461 0.17307692307692307 0.008413461538461538 0.016826923076923076
0 0.8677884615384616 0.15745192307692307 0.007211538461538462 0.014423076923076924
0 0.8942307692307693 0.13581730769230768 0.007211538461538462 0.013221153846153846
0 0.8858173076923077 0.12379807692307693 0.006009615384615385 0.013221153846153846
0 0.8774038461538461 0.12379807692307693 0.007211538461538462 0.016826923076923076
0 0.8509615384615384 0.18629807692307693 0.008413461538461538 0.018028846153846152
0 0.859375 0.21995192307692307 0.008413461538461538 0.019230769230769232
0 0.8185096153846154 0.21754807692307693 0.008413461538461538 0.014423076923076924
0 0.8076923076923077 0.20673076923076922 0.008413461538461538 0.016826923076923076
0 0.8197115384615384 0.17548076923076922 0.007211538461538462 0.018028846153846152
0 0.8545673076923077 0.16947115384615385 0.008413461538461538 0.018028846153846152
0 0.7800480769230769 0.1875 0.007211538461538462 0.019230769230769232
0 0.8004807692307693 0.16706730769230768 0.008413461538461538 0.016826923076923076
0 0.7992788461538461 0.13942307692307693 0.007211538461538462 0.016826923076923076
0 0.8004807692307693 0.11658653846153846 0.007211538461538462 0.013221153846153846
0 0.8413461538461539 0.11778846153846154 0.007211538461538462 0.014423076923076924
0 0.765625 0.12379807692307693 0.007211538461538462 0.013221153846153846
0 0.7608173076923077 0.19471153846153846 0.008413461538461538 0.018028846153846152
0 0.7572115384615384 0.14783653846153846 0.007211538461538462 0.016826923076923076
0 0.7463942307692307 0.1466346153846154 0.007211538461538462 0.018028846153846152
0 0.7295673076923077 0.1201923076923077 0.009615384615384616 0.018028846153846152
0 0.7307692307692307 0.17307692307692307 0.007211538461538462 0.018028846153846152
0 0.7451923076923077 0.18870192307692307 0.007211538461538462 0.014423076923076924
0 0.7007211538461539 0.18509615384615385 0.008413461538461538 0.014423076923076924
0 0.6790865384615384 0.18629807692307693 0.008413461538461538 0.016826923076923076
0 0.6670673076923077 0.18870192307692307 0.008413461538461538 0.018028846153846152
0 0.6658653846153846 0.21995192307692307 0.007211538461538462 0.019230769230769232
0 0.6862980769230769 0.22115384615384615 0.007211538461538462 0.014423076923076924
0 0.6971153846153846 0.25961538461538464 0.008413461538461538 0.016826923076923076
0 0.6502403846153846 0.18629807692307693 0.007211538461538462 0.014423076923076924
0 0.6382211538461539 0.12740384615384615 0.007211538461538462 0.018028846153846152
0 0.7055288461538461 0.14423076923076922 0.009615384615384616 0.018028846153846152
0 0.6262019230769231 0.14903846153846154 0.007211538461538462 0.016826923076923076
0 0.6165865384615384 0.17307692307692307 0.007211538461538462 0.013221153846153846
0 0.5877403846153846 0.27283653846153844 0.01201923076923077 0.019230769230769232
0 0.6009615384615384 0.18269230769230768 0.007211538461538462 0.014423076923076924
0 0.5889423076923077 0.17427884615384615 0.007211538461538462 0.016826923076923076
0 0.5625 0.1814903846153846 0.008413461538461538 0.016826923076923076
0 0.5649038461538461 0.16346153846153846 0.007211538461538462 0.014423076923076924
0 0.5733173076923077 0.14903846153846154 0.008413461538461538 0.018028846153846152
0 0.5901442307692307 0.1502403846153846 0.007211538461538462 0.014423076923076924
0 0.5384615384615384 0.21153846153846154 0.01201923076923077 0.019230769230769232
0 0.5072115384615384 0.2127403846153846 0.007211538461538462 0.016826923076923076
0 0.47716346153846156 0.22716346153846154 0.009615384615384616 0.016826923076923076
0 0.4807692307692308 0.1935096153846154 0.007211538461538462 0.01201923076923077
0 0.5060096153846154 0.18629807692307693 0.008413461538461538 0.016826923076923076
0 0.5336538461538461 0.18509615384615385 0.007211538461538462 0.016826923076923076
0 0.5300480769230769 0.15504807692307693 0.007211538461538462 0.013221153846153846
0 0.5420673076923077 0.14182692307692307 0.007211538461538462 0.014423076923076924
0 0.5024038461538461 0.16706730769230768 0.006009615384615385 0.014423076923076924
0 0.5108173076923077 0.14903846153846154 0.008413461538461538 0.018028846153846152
0 0.49158653846153844 0.1658653846153846 0.007211538461538462 0.014423076923076924
0 0.47475961538461536 0.16947115384615385 0.007211538461538462 0.013221153846153846
0 0.4639423076923077 0.15504807692307693 0.007211538461538462 0.014423076923076924
0 0.46033653846153844 0.11538461538461539 0.006009615384615385 0.01201923076923077
0 0.48197115384615385 0.12980769230769232 0.007211538461538462 0.013221153846153846
0 0.46875 0.13701923076923078 0.007211538461538462 0.01201923076923077
0 0.5384615384615384 0.10096153846153846 0.007211538461538462 0.016826923076923076
0 0.5192307692307693 0.10216346153846154 0.007211538461538462 0.013221153846153846
0 0.6045673076923077 0.10817307692307693 0.007211538461538462 0.013221153846153846
0 0.7704326923076923 0.14302884615384615 0.008413461538461538 0.018028846153846152
0 0.453125 0.21394230769230768 0.009615384615384616 0.019230769230769232
0 0.4170673076923077 0.20432692307692307 0.009615384615384616 0.018028846153846152
0 0.4266826923076923 0.1814903846153846 0.008413461538461538 0.016826923076923076
0 0.40024038461538464 0.19110576923076922 0.007211538461538462 0.016826923076923076
0 0.3894230769230769 0.20793269230769232 0.01201923076923077 0.020432692307692308
0 0.3545673076923077 0.21153846153846154 0.008413461538461538 0.016826923076923076
0 0.37259615384615385 0.1875 0.007211538461538462 0.013221153846153846
0 0.38341346153846156 0.18629807692307693 0.008413461538461538 0.018028846153846152
0 0.34975961538461536 0.17548076923076922 0.007211538461538462 0.014423076923076924
0 0.3329326923076923 0.21153846153846154 0.008413461538461538 0.014423076923076924
0 0.2980769230769231 0.25721153846153844 0.009615384615384616 0.019230769230769232
0 0.2932692307692308 0.2848557692307692 0.009615384615384616 0.016826923076923076
0 0.27163461538461536 0.28365384615384615 0.010817307692307692 0.019230769230769232
0 0.2860576923076923 0.25 0.007211538461538462 0.013221153846153846
0 0.265625 0.2403846153846154 0.010817307692307692 0.018028846153846152
0 0.2776442307692308 0.21514423076923078 0.008413461538461538 0.016826923076923076
0 0.2920673076923077 0.22115384615384615 0.008413461538461538 0.016826923076923076
0 0.29086538461538464 0.1814903846153846 0.009615384615384616 0.019230769230769232
0 0.2776442307692308 0.16346153846153846 0.009615384615384616 0.018028846153846152
0 0.3293269230769231 0.19471153846153846 0.009615384615384616 0.018028846153846152
0 0.3137019230769231 0.17427884615384615 0.006009615384615385 0.01201923076923077
0 0.3858173076923077 0.1622596153846154 0.007211538461538462 0.013221153846153846
0 0.4182692307692308 0.17427884615384615 0.007211538461538462 0.014423076923076924
0 0.4206730769230769 0.13341346153846154 0.007211538461538462 0.014423076923076924
0 0.4362980769230769 0.13581730769230768 0.007211538461538462 0.014423076923076924
0 0.45072115384615385 0.13581730769230768 0.006009615384615385 0.013221153846153846
0 0.43028846153846156 0.12259615384615384 0.006009615384615385 0.013221153846153846
0 0.38822115384615385 0.13942307692307693 0.007211538461538462 0.014423076923076924
0 0.3942307692307692 0.12259615384615384 0.008413461538461538 0.013221153846153846
0 0.3605769230769231 0.1466346153846154 0.006009615384615385 0.010817307692307692
0 0.29927884615384615 0.20793269230769232 0.006009615384615385 0.01201923076923077
0 0.34975961538461536 0.2920673076923077 0.007211538461538462 0.014423076923076924
0 0.12620192307692307 0.29927884615384615 0.010817307692307692 0.020432692307692308
0 0.15985576923076922 0.2776442307692308 0.009615384615384616 0.019230769230769232
0 0.18509615384615385 0.2512019230769231 0.010817307692307692 0.016826923076923076
0 0.11538461538461539 0.2536057692307692 0.008413461538461538 0.019230769230769232
0 0.14182692307692307 0.2247596153846154 0.009615384615384616 0.018028846153846152
0 0.16105769230769232 0.21514423076923078 0.009615384615384616 0.020432692307692308
0 0.16947115384615385 0.20072115384615385 0.009615384615384616 0.019230769230769232
0 0.19471153846153846 0.19230769230769232 0.009615384615384616 0.018028846153846152
0 0.18028846153846154 0.19591346153846154 0.007211538461538462 0.014423076923076924
0 0.24158653846153846 0.23798076923076922 0.008413461538461538 0.016826923076923076
0 0.23677884615384615 0.2824519230769231 0.008413461538461538 0.018028846153846152
0 0.22956730769230768 0.33052884615384615 0.01201923076923077 0.019230769230769232
0 0.036057692307692304 0.25240384615384615 0.009615384615384616 0.019230769230769232
0 0.008413461538461538 0.22596153846153846 0.008413461538461538 0.019230769230769232
0 0.046875 0.0829326923076923 0.007211538461538462 0.018028846153846152
0 0.06490384615384616 0.06971153846153846 0.006009615384615385 0.01201923076923077
0 0.05889423076923077 0.05048076923076923 0.007211538461538462 0.010817307692307692
0 0.09014423076923077 0.0985576923076923 0.007211538461538462 0.016826923076923076
0 0.007211538461538462 0.125 0.007211538461538462 0.018028846153846152
0 0.010817307692307692 0.09735576923076923 0.007211538461538462 0.013221153846153846
0 0.20793269230769232 0.1814903846153846 0.007211538461538462 0.014423076923076924
0 0.23197115384615385 0.21995192307692307 0.008413461538461538 0.016826923076923076
0 0.24278846153846154 0.18509615384615385 0.009615384615384616 0.018028846153846152
0 0.22716346153846154 0.19951923076923078 0.010817307692307692 0.019230769230769232
0 0.2091346153846154 0.14423076923076922 0.009615384615384616 0.019230769230769232
0 0.25240384615384615 0.140625 0.007211538461538462 0.013221153846153846
0 0.08533653846153846 0.0625 0.007211538461538462 0.019230769230769232
0 0.06850961538461539 0.09495192307692307 0.010817307692307692 0.020432692307692308
0 0.17427884615384615 0.1045673076923077 0.007211538461538462 0.016826923076923076
0 0.9747596153846154 0.01201923076923077 0.007211538461538462 0.008413461538461538
0 0.9555288461538461 0.1346153846153846 0.008413461538461538 0.016826923076923076
0 0.7908653846153846 0.04326923076923077 0.007211538461538462 0.014423076923076924
0 0.7836538461538461 0.057692307692307696 0.007211538461538462 0.013221153846153846
0 0.765625 0.027644230769230768 0.007211538461538462 0.013221153846153846
0 0.7211538461538461 0.04567307692307692 0.007211538461538462 0.013221153846153846
0 0.7271634615384616 0.03485576923076923 0.006009615384615385 0.010817307692307692
0 0.6911057692307693 0.04567307692307692 0.007211538461538462 0.01201923076923077
0 0.6814903846153846 0.06971153846153846 0.006009615384615385 0.01201923076923077
0 0.6778846153846154 0.052884615384615384 0.006009615384615385 0.01201923076923077
0 0.65625 0.04326923076923077 0.007211538461538462 0.013221153846153846
0 0.6634615384615384 0.03125 0.006009615384615385 0.01201923076923077
0 0.6730769230769231 0.03125 0.004807692307692308 0.01201923076923077
0 0.7463942307692307 0.007211538461538462 0.007211538461538462 0.013221153846153846
0 0.7463942307692307 0.030048076923076924 0.007211538461538462 0.013221153846153846
0 0.8954326923076923 0.03125 0.007211538461538462 0.013221153846153846
0 0.9399038461538461 0.039663461538461536 0.007211538461538462 0.013221153846153846
0 0.8737980769230769 0.010817307692307692 0.007211538461538462 0.014423076923076924
0 0.8016826923076923 0.025240384615384616 0.007211538461538462 0.013221153846153846
0 0.7463942307692307 0.23317307692307693 0.009615384615384616 0.018028846153846152
0 0.7800480769230769 0.23918269230769232 0.008413461538461538 0.018028846153846152
0 0.8425480769230769 0.25721153846153844 0.009615384615384616 0.019230769230769232
0 0.8774038461538461 0.25721153846153844 0.008413461538461538 0.018028846153846152
0 0.8329326923076923 0.16346153846153846 0.007211538461538462 0.013221153846153846
0 0.09615384615384616 0.12259615384615384 0.007211538461538462 0.013221153846153846
0 0.2668269230769231 0.09014423076923077 0.007211538461538462 0.013221153846153846
0 0.609375 0.037259615384615384 0.007211538461538462 0.013221153846153846
0 0.6310096153846154 0.052884615384615384 0.007211538461538462 0.01201923076923077
0 0.5997596153846154 0.08533653846153846 0.007211538461538462 0.013221153846153846
0 0.5757211538461539 0.09134615384615384 0.006009615384615385 0.01201923076923077
0 0.5612980769230769 0.09014423076923077 0.007211538461538462 0.013221153846153846
0 0.5 0.09134615384615384 0.006009615384615385 0.01201923076923077
0 0.5036057692307693 0.0625 0.007211538461538462 0.014423076923076924
0 0.5673076923076923 0.10576923076923077 0.007211538461538462 0.013221153846153846
0 0.5564903846153846 0.019230769230769232 0.007211538461538462 0.010817307692307692
0 0.5697115384615384 0.025240384615384616 0.007211538461538462 0.013221153846153846
0 0.5372596153846154 0.014423076923076924 0.006009615384615385 0.01201923076923077
0 0.5192307692307693 0.026442307692307692 0.006009615384615385 0.010817307692307692
0 0.5060096153846154 0.013221153846153846 0.007211538461538462 0.013221153846153846
0 0.4951923076923077 0.008413461538461538 0.007211538461538462 0.010817307692307692
0 0.4795673076923077 0.021634615384615384 0.007211538461538462 0.010817307692307692
0 0.49759615384615385 0.046875 0.006009615384615385 0.010817307692307692
0 0.49278846153846156 0.06850961538461539 0.006009615384615385 0.01201923076923077
0 0.5036057692307693 0.040865384615384616 0.006009615384615385 0.01201923076923077
0 0.5108173076923077 0.038461538461538464 0.006009615384615385 0.010817307692307692
0 0.43028846153846156 0.051682692307692304 0.007211538461538462 0.01201923076923077
0 0.41947115384615385 0.10576923076923077 0.007211538461538462 0.013221153846153846
0 0.3918269230769231 0.10576923076923077 0.007211538461538462 0.013221153846153846
0 0.30528846153846156 0.14182692307692307 0.007211538461538462 0.014423076923076924
0 0.2608173076923077 0.12379807692307693 0.007211538461538462 0.013221153846153846
0 0.3629807692307692 0.11057692307692307 0.007211538461538462 0.014423076923076924
0 0.3581730769230769 0.1310096153846154 0.007211538461538462 0.01201923076923077
0 0.3425480769230769 0.109375 0.007211538461538462 0.01201923076923077
0 0.3233173076923077 0.11177884615384616 0.007211538461538462 0.013221153846153846
0 0.3245192307692308 0.052884615384615384 0.007211538461538462 0.01201923076923077
0 0.34375 0.06009615384615385 0.007211538461538462 0.013221153846153846
0 0.3173076923076923 0.08533653846153846 0.007211538461538462 0.01201923076923077
0 0.3701923076923077 0.04927884615384615 0.006009615384615385 0.01201923076923077
0 0.3798076923076923 0.052884615384615384 0.007211538461538462 0.013221153846153846
0 0.38100961538461536 0.07572115384615384 0.007211538461538462 0.013221153846153846
0 0.359375 0.078125 0.007211538461538462 0.013221153846153846
0 0.35697115384615385 0.04326923076923077 0.006009615384615385 0.010817307692307692
0 0.3629807692307692 0.0625 0.007211538461538462 0.01201923076923077
0 0.49158653846153844 0.28125 0.009615384615384616 0.019230769230769232
0 0.49759615384615385 0.26322115384615385 0.009615384615384616 0.016826923076923076
0 0.453125 0.171875 0.007211538461538462 0.014423076923076924
0 0.7668269230769231 0.24639423076923078 0.007211538461538462 0.013221153846153846
0 0.7860576923076923 0.2848557692307692 0.006009615384615385 0.014423076923076924
0 0.9951923076923077 0.0829326923076923 0.004807692307692308 0.014423076923076924
0 0.9879807692307693 0.09615384615384616 0.007211538461538462 0.016826923076923076
0 0.984375 0.07932692307692307 0.007211538461538462 0.013221153846153846
0 0.9891826923076923 0.056490384615384616 0.007211538461538462 0.013221153846153846
0 0.9579326923076923 0.030048076923076924 0.007211538461538462 0.013221153846153846
0 0.9242788461538461 0.013221153846153846 0.007211538461538462 0.014423076923076924
0 0.6911057692307693 0.020432692307692308 0.007211538461538462 0.018028846153846152
0 0.7163461538461539 0.013221153846153846 0.004807692307692308 0.01201923076923077
0 0.7055288461538461 0.03245192307692308 0.006009615384615385 0.01201923076923077
0 0.6274038461538461 0.109375 0.007211538461538462 0.013221153846153846
0 0.6117788461538461 0.1346153846153846 0.006009615384615385 0.013221153846153846
0 0.6838942307692307 0.15625 0.008413461538461538 0.014423076923076924
0 0.59375 0.01201923076923077 0.006009615384615385 0.013221153846153846
0 0.5132211538461539 0.12379807692307693 0.008413461538461538 0.018028846153846152
0 0.4807692307692308 0.11658653846153846 0.007211538461538462 0.013221153846153846
0 0.4579326923076923 0.04326923076923077 0.007211538461538462 0.013221153846153846
0 0.46875 0.026442307692307692 0.006009615384615385 0.01201923076923077
0 0.5252403846153846 0.06490384615384616 0.007211538461538462 0.014423076923076924
0 0.5336538461538461 0.06009615384615385 0.006009615384615385 0.013221153846153846
0 0.4338942307692308 0.18028846153846154 0.007211538461538462 0.014423076923076924
0 0.46875 0.6105769230769231 0.014423076923076924 0.02403846153846154
0 0.7451923076923077 0.6141826923076923 0.01201923076923077 0.027644230769230768
0 0.8353365384615384 0.36538461538461536 0.01201923076923077 0.018028846153846152
0 0.9110576923076923 0.5096153846153846 0.014423076923076924 0.027644230769230768
0 0.006009615384615385 0.49158653846153844 0.01201923076923077 0.027644230769230768
0 0.1310096153846154 0.5793269230769231 0.010817307692307692 0.026442307692307692
0 0.008413461538461538 0.7439903846153846 0.014423076923076924 0.03125