0 0.03245192307692308 0.8293269230769231 0.056490384615384616 0.1141826923076923
0 0.026442307692307692 0.6370192307692307 0.03365384615384615 0.051682692307692304
0 0.12259615384615384 0.6382211538461539 0.021634615384615384 0.039663461538461536
0 0.15264423076923078 0.6189903846153846 0.013221153846153846 0.025240384615384616
0 0.036057692307692304 0.5745192307692307 0.013221153846153846 0.020432692307692308
0 0.054086538461538464 0.5745192307692307 0.01201923076923077 0.019230769230769232
0 0.1502403846153846 0.5877403846153846 0.008413461538461538 0.015625
0 0.17668269230769232 0.6141826923076923 0.01201923076923077 0.019230769230769232
0 0.07692307692307693 0.5997596153846154 0.010817307692307692 0.021634615384615384
0 0.10096153846153846 0.5985576923076923 0.013221153846153846 0.020432692307692308
0 0.12259615384615384 0.6045673076923077 0.01201923076923077 0.021634615384615384
0 0.140625 0.7548076923076923 0.021634615384615384 0.03245192307692308
0 0.19951923076923078 0.7716346153846154 0.04927884615384615 0.08052884615384616
0 0.27884615384615385 0.8004807692307693 0.07211538461538461 0.12980769230769232
0 0.28365384615384615 0.6201923076923077 0.009615384615384616 0.018028846153846152
0 0.25961538461538464 0.6298076923076923 0.014423076923076924 0.025240384615384616
0 0.20192307692307693 0.625 0.016826923076923076 0.027644230769230768
0 0.3245192307692308 0.625 0.008413461538461538 0.014423076923076924
0 0.3629807692307692 0.6694711538461539 0.040865384615384616 0.06610576923076923
0 0.21875 0.6177884615384616 0.014423076923076924 0.026442307692307692
0 0.40384615384615385 0.6274038461538461 0.01201923076923077 0.021634615384615384
0 0.4014423076923077 0.6754807692307693 0.013221153846153846 0.025240384615384616
0 0.4735576923076923 0.6995192307692307 0.037259615384615384 0.06009615384615385
0 0.5060096153846154 0.6454326923076923 0.018028846153846152 0.037259615384615384
0 0.5240384615384616 0.6237980769230769 0.009615384615384616 0.019230769230769232
0 0.5348557692307693 0.6237980769230769 0.008413461538461538 0.018028846153846152
0 0.5108173076923077 0.7584134615384616 0.037259615384615384 0.0829326923076923
0 0.5576923076923077 0.6322115384615384 0.015625 0.038461538461538464
0 0.5973557692307693 0.6574519230769231 0.02403846153846154 0.03245192307692308
0 0.6646634615384616 0.7439903846153846 0.09254807692307693 0.17548076923076922
0 0.734375 0.7367788461538461 0.04447115384615385 0.09615384615384616
0 0.7992788461538461 0.6766826923076923 0.019230769230769232 0.039663461538461536
0 0.5673076923076923 0.8100961538461539 0.040865384615384616 0.1141826923076923
0 0.8197115384615384 0.6454326923076923 0.018028846153846152 0.027644230769230768
0 0.8545673076923077 0.6490384615384616 0.038461538461538464 0.07692307692307693
0 0.8978365384615384 0.6141826923076923 0.007211538461538462 0.015625
0 0.9230769230769231 0.6850961538461539 0.030048076923076924 0.054086538461538464
0 0.9423076923076923 0.6466346153846154 0.02283653846153846 0.040865384615384616
0 0.9891826923076923 0.6177884615384616 0.009615384615384616 0.018028846153846152
0 0.7331730769230769 0.6322115384615384 0.020432692307692308 0.038461538461538464