0 0.046875 0.04326923076923077 0.04927884615384615 0.08533653846153846
0 0.08173076923076923 0.1045673076923077 0.038461538461538464 0.06490384615384616
0 0.12980769230769232 0.09134615384615384 0.036057692307692304 0.06610576923076923
0 0.15384615384615385 0.17548076923076922 0.046875 0.08413461538461539
0 0.22355769230769232 0.1201923076923077 0.042067307692307696 0.07932692307692307
0 0.2764423076923077 0.2091346153846154 0.0625 0.10216346153846154
0 0.3798076923076923 0.17067307692307693 0.026442307692307692 0.04326923076923077
0 0.5961538461538461 0.27524038461538464 0.008413461538461538 0.020432692307692308
0 0.6105769230769231 0.24519230769230768 0.007211538461538462 0.016826923076923076
0 0.7019230769230769 0.2824519230769231 0.021634615384615384 0.04807692307692308
0 0.7247596153846154 0.2764423076923077 0.02283653846153846 0.03245192307692308
0 0.6622596153846154 0.2548076923076923 0.02403846153846154 0.052884615384615384
0 0.7836538461538461 0.3088942307692308 0.018028846153846152 0.036057692307692304
0 0.8569711538461539 0.29086538461538464 0.03365384615384615 0.056490384615384616
0 0.8954326923076923 0.25600961538461536 0.01201923076923077 0.019230769230769232
0 0.9254807692307693 0.30288461538461536 0.03365384615384615 0.0625
0 0.9471153846153846 0.3125 0.026442307692307692 0.04807692307692308
0 0.9675480769230769 0.35336538461538464 0.020432692307692308 0.038461538461538464
0 0.5961538461538461 0.2439903846153846 0.004807692307692308 0.008413461538461538
0 0.5745192307692307 0.22716346153846154 0.007211538461538462 0.01201923076923077