0 0.8798076923076923 0.734375 0.03365384615384615 0.06610576923076923
0 0.8617788461538461 0.5612980769230769 0.03125 0.0625
0 0.8100961538461539 0.45072115384615385 0.025240384615384616 0.051682692307692304
0 0.8076923076923077 0.4230769230769231 0.026442307692307692 0.04326923076923077
0 0.9699519230769231 0.9747596153846154 0.05889423076923077 0.04807692307692308
0 0.7740384615384616 0.8713942307692307 0.055288461538461536 0.10697115384615384
0 0.6129807692307693 0.8774038461538461 0.03125 0.09254807692307693
0 0.6875 0.7235576923076923 0.042067307692307696 0.07211538461538461
0 0.5853365384615384 0.5673076923076923 0.03125 0.056490384615384616
0 0.5024038461538461 0.5769230769230769 0.03365384615384615 0.05889423076923077
0 0.44350961538461536 0.5348557692307693 0.03245192307692308 0.055288461538461536
0 0.42908653846153844 0.7163461538461539 0.038461538461538464 0.0829326923076923
0 0.5625 0.5108173076923077 0.026442307692307692 0.04927884615384615
0 0.6911057692307693 0.5108173076923077 0.028846153846153848 0.046875
0 0.32572115384615385 0.8149038461538461 0.037259615384615384 0.0673076923076923
0 0.3088942307692308 0.6490384615384616 0.038461538461538464 0.06490384615384616
0 0.36899038461538464 0.6526442307692307 0.036057692307692304 0.0673076923076923
0 0.3401442307692308 0.7271634615384616 0.040865384615384616 0.0733173076923077
0 0.20072115384615385 0.6766826923076923 0.039663461538461536 0.06610576923076923
0 0.18629807692307693 0.6694711538461539 0.038461538461538464 0.06850961538461539
0 0.14423076923076922 0.6069711538461539 0.039663461538461536 0.052884615384615384
0 0.23317307692307693 0.5408653846153846 0.03125 0.0625
0 0.2956730769230769 0.6298076923076923 0.038461538461538464 0.046875
0 0.11538461538461539 0.5528846153846154 0.038461538461538464 0.06129807692307692
0 0.09134615384615384 0.7115384615384616 0.04447115384615385 0.07451923076923077
0 0.028846153846153848 0.6682692307692307 0.038461538461538464 0.06009615384615385
0 0.018028846153846152 0.5865384615384616 0.03485576923076923 0.06490384615384616
0 0.41346153846153844 0.5769230769230769 0.03245192307692308 0.054086538461538464
0 0.4074519230769231 0.46033653846153844 0.026442307692307692 0.051682692307692304
0 0.19591346153846154 0.35096153846153844 0.02283653846153846 0.040865384615384616
0 0.16947115384615385 0.39302884615384615 0.02403846153846154 0.038461538461538464
0 0.109375 0.3605769230769231 0.02283653846153846 0.03485576923076923
0 0.17427884615384615 0.3329326923076923 0.019230769230769232 0.03485576923076923
0 0.265625 0.4387019230769231 0.030048076923076924 0.051682692307692304
0 0.2548076923076923 0.31850961538461536 0.013221153846153846 0.02283653846153846
0 0.7980769230769231 0.2692307692307692 0.019230769230769232 0.03125
0 0.6802884615384616 0.2848557692307692 0.018028846153846152 0.028846153846153848
0 0.6971153846153846 0.31009615384615385 0.019230769230769232 0.03245192307692308
0 0.6766826923076923 0.23076923076923078 0.016826923076923076 0.027644230769230768
0 0.6286057692307693 0.265625 0.016826923076923076 0.027644230769230768
0 0.6021634615384616 0.3112980769230769 0.016826923076923076 0.028846153846153848
0 0.7824519230769231 0.3088942307692308 0.018028846153846152 0.03125
0 0.65625 0.3245192307692308 0.020432692307692308 0.03365384615384615
0 0.7992788461538461 0.3557692307692308 0.02403846153846154 0.042067307692307696
0 0.84375 0.25841346153846156 0.020432692307692308 0.040865384615384616
0 0.6694711538461539 0.43149038461538464 0.026442307692307692 0.027644230769230768
0 0.9915865384615384 0.16466346153846154 0.010817307692307692 0.019230769230769232
0 0.9423076923076923 0.20072115384615385 0.013221153846153846 0.025240384615384616
0 0.9483173076923077 0.14903846153846154 0.013221153846153846 0.025240384615384616
0 0.21875 0.20673076923076922 0.014423076923076924 0.02283653846153846
0 0.18990384615384615 0.21634615384615385 0.016826923076923076 0.028846153846153848
0 0.14423076923076922 0.20192307692307693 0.013221153846153846 0.02283653846153846
0 0.20072115384615385 0.17427884615384615 0.009615384615384616 0.013221153846153846
0 0.13581730769230768 0.16826923076923078 0.010817307692307692 0.015625
0 0.125 0.18269230769230768 0.009615384615384616 0.013221153846153846
0 0.055288461538461536 0.37259615384615385 0.027644230769230768 0.039663461538461536
0 0.06850961538461539 0.3401442307692308 0.02283653846153846 0.036057692307692304
0 0.028846153846153848 0.41346153846153844 0.028846153846153848 0.040865384615384616
0 0.02403846153846154 0.3473557692307692 0.019230769230769232 0.036057692307692304
0 0.06370192307692307 0.21033653846153846 0.015625 0.02283653846153846
0 0.028846153846153848 0.19471153846153846 0.015625 0.02283653846153846
0 0.5288461538461539 0.7007211538461539 0.038461538461538464 0.06490384615384616
0 0.46634615384615385 0.14903846153846154 0.010817307692307692 0.019230769230769232
0 0.4639423076923077 0.07572115384615384 0.008413461538461538 0.015625
0 0.45552884615384615 0.13341346153846154 0.007211538461538462 0.014423076923076924
0 0.5516826923076923 0.015625 0.007211538461538462 0.010817307692307692
0 0.5829326923076923 0.28966346153846156 0.015625 0.026442307692307692
0 0.578125 0.2692307692307692 0.018028846153846152 0.03125
0 0.6021634615384616 0.20192307692307693 0.01201923076923077 0.021634615384615384
0 0.7079326923076923 0.42788461538461536 0.014423076923076924 0.03365384615384615
0 0.2692307692307692 0.24879807692307693 0.018028846153846152 0.028846153846153848
0 0.2536057692307692 0.14182692307692307 0.009615384615384616 0.025240384615384616
0 0.23918269230769232 0.15264423076923078 0.008413461538461538 0.015625
0 0.18990384615384615 0.08052884615384616 0.01201923076923077 0.014423076923076924
0 0.21754807692307693 0.08533653846153846 0.010817307692307692 0.018028846153846152
0 0.2283653846153846 0.06129807692307692 0.007211538461538462 0.015625
0 0.0625 0.09735576923076923 0.014423076923076924 0.021634615384615384
0 0.3786057692307692 0.008413461538461538 0.007211538461538462 0.008413461538461538
0 0.43149038461538464 0.013221153846153846 0.006009615384615385 0.014423076923076924
0 0.47836538461538464 0.90625 0.020432692307692308 0.08774038461538461
0 0.21153846153846154 0.41466346153846156 0.026442307692307692 0.04567307692307692
0 0.48197115384615385 0.5120192307692307 0.026442307692307692 0.06129807692307692
0 0.8497596153846154 0.40625 0.028846153846153848 0.051682692307692304
0 0.8341346153846154 0.5973557692307693 0.03485576923076923 0.06850961538461539
0 0.40384615384615385 0.796875 0.04326923076923077 0.06490384615384616
0 0.008413461538461538 0.038461538461538464 0.016826923076923076 0.028846153846153848
0 0.3329326923076923 0.4050480769230769 0.026442307692307692 0.04567307692307692