0 0.08653846153846154 0.1658653846153846 0.021634615384615384 0.04927884615384615
0 0.16826923076923078 0.13822115384615385 0.015625 0.0625
0 0.22956730769230768 0.203125 0.007211538461538462 0.025240384615384616
0 0.23677884615384615 0.21394230769230768 0.007211538461538462 0.028846153846153848
0 0.27163461538461536 0.10697115384615384 0.040865384615384616 0.109375
0 0.37259615384615385 0.2704326923076923 0.003605769230769231 0.013221153846153846
0 0.38461538461538464 0.2692307692307692 0.003605769230769231 0.009615384615384616
0 0.056490384615384616 0.6742788461538461 0.013221153846153846 0.038461538461538464
0 0.10576923076923077 0.71875 0.008413461538461538 0.025240384615384616
0 0.125 0.6622596153846154 0.010817307692307692 0.028846153846153848
0 0.16466346153846154 0.6646634615384616 0.013221153846153846 0.03485576923076923
0 0.18629807692307693 0.6802884615384616 0.010817307692307692 0.027644230769230768
0 0.23076923076923078 0.6826923076923077 0.006009615384615385 0.021634615384615384
0 0.24759615384615385 0.6778846153846154 0.007211538461538462 0.02283653846153846
0 0.27524038461538464 0.6778846153846154 0.007211538461538462 0.019230769230769232
0 0.31009615384615385 0.6730769230769231 0.007211538461538462 0.025240384615384616
0 0.38341346153846156 0.6021634615384616 0.008413461538461538 0.025240384615384616
0 0.3737980769230769 0.6370192307692307 0.010817307692307692 0.03125
0 0.4735576923076923 0.6778846153846154 0.008413461538461538 0.027644230769230768
0 0.5012019230769231 0.6237980769230769 0.007211538461538462 0.019230769230769232
0 0.5060096153846154 0.6514423076923077 0.009615384615384616 0.025240384615384616
0 0.5360576923076923 0.6298076923076923 0.007211538461538462 0.019230769230769232
0 0.5396634615384616 0.6682692307692307 0.008413461538461538 0.025240384615384616
0 0.5673076923076923 0.6201923076923077 0.007211538461538462 0.013221153846153846
0 0.5985576923076923 0.6057692307692307 0.013221153846153846 0.03125
0 0.6274038461538461 0.6262019230769231 0.009615384615384616 0.02283653846153846
0 0.7115384615384616 0.24759615384615385 0.006009615384615385 0.01201923076923077
0 0.8882211538461539 0.2283653846153846 0.013221153846153846 0.03365384615384615
0 0.7079326923076923 0.7235576923076923 0.014423076923076924 0.027644230769230768
0 0.765625 0.7115384615384616 0.014423076923076924 0.03485576923076923
0 0.8209134615384616 0.7079326923076923 0.018028846153846152 0.038461538461538464
0 0.8990384615384616 0.6995192307692307 0.018028846153846152 0.037259615384615384
0 0.4338942307692308 0.6838942307692307 0.013221153846153846 0.027644230769230768
0 0.46033653846153844 0.6201923076923077 0.01201923076923077 0.025240384615384616