0 0.7572115384615384 0.5600961538461539 0.018028846153846152 0.027644230769230768
0 0.8533653846153846 0.5997596153846154 0.020432692307692308 0.03125
0 0.9026442307692307 0.5805288461538461 0.018028846153846152 0.03125
0 0.6177884615384616 0.609375 0.018028846153846152 0.03125
0 0.5252403846153846 0.5288461538461539 0.018028846153846152 0.03485576923076923
0 0.48197115384615385 0.484375 0.018028846153846152 0.030048076923076924
0 0.49759615384615385 0.5997596153846154 0.018028846153846152 0.03125
0 0.4423076923076923 0.6141826923076923 0.020432692307692308 0.040865384615384616
0 0.45913461538461536 0.6490384615384616 0.019230769230769232 0.03485576923076923
0 0.47716346153846156 0.5360576923076923 0.015625 0.028846153846153848
0 0.421875 0.5685096153846154 0.016826923076923076 0.025240384615384616
0 0.43149038461538464 0.5516826923076923 0.016826923076923076 0.03245192307692308
0 0.421875 0.4951923076923077 0.015625 0.028846153846153848
0 0.44471153846153844 0.4879807692307692 0.013221153846153846 0.027644230769230768
0 0.38341346153846156 0.5408653846153846 0.013221153846153846 0.030048076923076924
0 0.33533653846153844 0.5204326923076923 0.014423076923076924 0.028846153846153848
0 0.35336538461538464 0.4639423076923077 0.018028846153846152 0.027644230769230768
0 0.36778846153846156 0.4639423076923077 0.013221153846153846 0.030048076923076924
0 0.4483173076923077 0.39903846153846156 0.013221153846153846 0.028846153846153848
0 0.36778846153846156 0.4098557692307692 0.015625 0.03125
0 0.31490384615384615 0.3557692307692308 0.016826923076923076 0.025240384615384616
0 0.33052884615384615 0.27283653846153844 0.014423076923076924 0.021634615384615384
0 0.265625 0.2824519230769231 0.014423076923076924 0.027644230769230768
0 0.2776442307692308 0.359375 0.016826923076923076 0.030048076923076924
0 0.22956730769230768 0.3425480769230769 0.016826923076923076 0.027644230769230768
0 0.22596153846153846 0.3737980769230769 0.019230769230769232 0.03125
0 0.24278846153846154 0.41947115384615385 0.018028846153846152 0.030048076923076924
0 0.3004807692307692 0.42788461538461536 0.016826923076923076 0.026442307692307692
0 0.3016826923076923 0.4519230769230769 0.018028846153846152 0.026442307692307692
0 0.25 0.46634615384615385 0.014423076923076924 0.02403846153846154
0 0.23197115384615385 0.4855769230769231 0.018028846153846152 0.026442307692307692
0 0.2403846153846154 0.5144230769230769 0.014423076923076924 0.03245192307692308
0 0.27403846153846156 0.5336538461538461 0.016826923076923076 0.03125
0 0.38100961538461536 0.5853365384615384 0.016826923076923076 0.030048076923076924
0 0.3641826923076923 0.5745192307692307 0.018028846153846152 0.03125
0 0.31850961538461536 0.5877403846153846 0.019230769230769232 0.03125
0 0.24639423076923078 0.5649038461538461 0.019230769230769232 0.03245192307692308
0 0.17668269230769232 0.6045673076923077 0.019230769230769232 0.03485576923076923
0 0.1622596153846154 0.546875 0.016826923076923076 0.03125
0 0.171875 0.4495192307692308 0.019230769230769232 0.030048076923076924
0 0.13341346153846154 0.5745192307692307 0.015625 0.030048076923076924
0 0.10336538461538461 0.5985576923076923 0.018028846153846152 0.03245192307692308
0 0.04927884615384615 0.5985576923076923 0.018028846153846152 0.030048076923076924
0 0.03125 0.6153846153846154 0.020432692307692308 0.030048076923076924
0 0.028846153846153848 0.578125 0.013221153846153846 0.02403846153846154
0 0.04927884615384615 0.5637019230769231 0.018028846153846152 0.027644230769230768
0 0.15384615384615385 0.5144230769230769 0.019230769230769232 0.03485576923076923
0 0.18990384615384615 0.41225961538461536 0.018028846153846152 0.030048076923076924
0 0.18990384615384615 0.3088942307692308 0.013221153846153846 0.03125
0 0.17427884615384615 0.3485576923076923 0.016826923076923076 0.027644230769230768
0 0.13822115384615385 0.39903846153846156 0.018028846153846152 0.03245192307692308
0 0.15865384615384615 0.4074519230769231 0.015625 0.027644230769230768
0 0.0733173076923077 0.4543269230769231 0.018028846153846152 0.030048076923076924
0 0.020432692307692308 0.47596153846153844 0.018028846153846152 0.03245192307692308
0 0.03365384615384615 0.4206730769230769 0.018028846153846152 0.030048076923076924
0 0.03125 0.3485576923076923 0.016826923076923076 0.030048076923076924
0 0.04807692307692308 0.32572115384615385 0.016826923076923076 0.03245192307692308
0 0.08052884615384616 0.4338942307692308 0.015625 0.027644230769230768
0 0.0889423076923077 0.390625 0.018028846153846152 0.026442307692307692
0 0.09615384615384616 0.359375 0.018028846153846152 0.025240384615384616
0 0.109375 0.32572115384615385 0.016826923076923076 0.028846153846153848
0 0.006009615384615385 0.2848557692307692 0.01201923076923077 0.027644230769230768