0 0.5048076923076923 0.19831730769230768 0.007211538461538462 0.013221153846153846
0 0.4795673076923077 0.20432692307692307 0.007211538461538462 0.016826923076923076
0 0.5252403846153846 0.1971153846153846 0.007211538461538462 0.014423076923076924
0 0.5432692307692307 0.17427884615384615 0.006009615384615385 0.009615384615384616
0 0.5504807692307693 0.15985576923076922 0.006009615384615385 0.010817307692307692
0 0.5637019230769231 0.15745192307692307 0.004807692307692308 0.010817307692307692
0 0.5733173076923077 0.19471153846153846 0.007211538461538462 0.010817307692307692
0 0.5925480769230769 0.20673076923076922 0.007211538461538462 0.021634615384615384
0 0.5841346153846154 0.20673076923076922 0.006009615384615385 0.013221153846153846
0 0.5132211538461539 0.17668269230769232 0.003605769230769231 0.009615384615384616
0 0.5252403846153846 0.21634615384615385 0.004807692307692308 0.013221153846153846
0 0.5324519230769231 0.21033653846153846 0.006009615384615385 0.013221153846153846
0 0.5384615384615384 0.21634615384615385 0.007211538461538462 0.013221153846153846
0 0.546875 0.21153846153846154 0.008413461538461538 0.018028846153846152
0 0.5625 0.20673076923076922 0.007211538461538462 0.018028846153846152
0 0.5769230769230769 0.21514423076923078 0.007211538461538462 0.018028846153846152
0 0.5600961538461539 0.2536057692307692 0.015625 0.036057692307692304
0 0.5384615384615384 0.25961538461538464 0.019230769230769232 0.03365384615384615
0 0.5108173076923077 0.25 0.013221153846153846 0.027644230769230768
0 0.4951923076923077 0.25 0.020432692307692308 0.03365384615384615
0 0.47475961538461536 0.23798076923076922 0.018028846153846152 0.03365384615384615
0 0.453125 0.23798076923076922 0.013221153846153846 0.026442307692307692
0 0.46153846153846156 0.2536057692307692 0.014423076923076924 0.02403846153846154
0 0.4170673076923077 0.3449519230769231 0.03245192307692308 0.055288461538461536
0 0.6045673076923077 0.28966346153846156 0.015625 0.03365384615384615
0 0.6634615384615384 0.3317307692307692 0.028846153846153848 0.040865384615384616
0 0.6069711538461539 0.21033653846153846 0.007211538461538462 0.018028846153846152
0 0.7235576923076923 0.19951923076923078 0.009615384615384616 0.018028846153846152
0 0.734375 0.20673076923076922 0.013221153846153846 0.027644230769230768
0 0.7283653846153846 0.22596153846153846 0.010817307692307692 0.021634615384615384
0 0.7560096153846154 0.22115384615384615 0.01201923076923077 0.02283653846153846
0 0.7680288461538461 0.20192307692307693 0.009615384615384616 0.018028846153846152
0 0.7884615384615384 0.22716346153846154 0.008413461538461538 0.021634615384615384
0 0.7740384615384616 0.25240384615384615 0.015625 0.03245192307692308
0 0.765625 0.3125 0.02283653846153846 0.04927884615384615
0 0.6862980769230769 0.3269230769230769 0.019230769230769232 0.03245192307692308
0 0.8016826923076923 0.3701923076923077 0.039663461538461536 0.07932692307692307
0 0.8257211538461539 0.3233173076923077 0.027644230769230768 0.06129807692307692
0 0.8317307692307693 0.22235576923076922 0.014423076923076924 0.03245192307692308
0 0.8485576923076923 0.234375 0.008413461538461538 0.019230769230769232
0 0.8725961538461539 0.28725961538461536 0.025240384615384616 0.051682692307692304
0 0.8882211538461539 0.24519230769230768 0.010817307692307692 0.02403846153846154
0 0.9014423076923077 0.24879807692307693 0.007211538461538462 0.019230769230769232
0 0.890625 0.2127403846153846 0.008413461538461538 0.019230769230769232
0 0.8016826923076923 0.20793269230769232 0.009615384615384616 0.018028846153846152
0 0.8413461538461539 0.3954326923076923 0.030048076923076924 0.06850961538461539
0 0.9194711538461539 0.23557692307692307 0.01201923076923077 0.026442307692307692
0 0.9314903846153846 0.24519230769230768 0.013221153846153846 0.026442307692307692
0 0.9507211538461539 0.24879807692307693 0.013221153846153846 0.028846153846153848
0 0.9555288461538461 0.22716346153846154 0.01201923076923077 0.019230769230769232
0 0.9699519230769231 0.2247596153846154 0.010817307692307692 0.018028846153846152
0 0.9795673076923077 0.23557692307692307 0.01201923076923077 0.021634615384615384
0 0.9939903846153846 0.2548076923076923 0.010817307692307692 0.02283653846153846
0 0.9819711538461539 0.3076923076923077 0.018028846153846152 0.042067307692307696
0 0.9411057692307693 0.33653846153846156 0.02403846153846154 0.04567307692307692
0 0.9194711538461539 0.3701923076923077 0.03365384615384615 0.06610576923076923
0 0.9699519230769231 0.38822115384615385 0.03365384615384615 0.06850961538461539
0 0.9399038461538461 0.5204326923076923 0.06009615384615385 0.12740384615384615
0 0.8762019230769231 0.5985576923076923 0.06370192307692307 0.11538461538461539
0 0.7704326923076923 0.7367788461538461 0.10096153846153846 0.21033653846153846
0 0.6983173076923077 0.5673076923076923 0.04447115384615385 0.08774038461538461
0 0.7836538461538461 0.49759615384615385 0.037259615384615384 0.06610576923076923
0 0.6117788461538461 0.36899038461538464 0.025240384615384616 0.05889423076923077
0 0.6514423076923077 0.41586538461538464 0.03485576923076923 0.08653846153846154
0 0.5805288461538461 0.39663461538461536 0.030048076923076924 0.05889423076923077
0 0.4723557692307692 0.4230769230769231 0.038461538461538464 0.06971153846153846
0 0.5096153846153846 0.5865384615384616 0.08052884615384616 0.17427884615384615
0 0.33052884615384615 0.5673076923076923 0.0625 0.12139423076923077
0 0.16346153846153846 0.6141826923076923 0.05889423076923077 0.12139423076923077
0 0.14423076923076922 0.42427884615384615 0.04927884615384615 0.11177884615384616
0 0.140625 0.3173076923076923 0.03125 0.06129807692307692
0 0.2091346153846154 0.35336538461538464 0.036057692307692304 0.06850961538461539
0 0.2824519230769231 0.3581730769230769 0.040865384615384616 0.07692307692307693
0 0.30649038461538464 0.328125 0.025240384615384616 0.054086538461538464
0 0.33413461538461536 0.3173076923076923 0.030048076923076924 0.056490384615384616
0 0.0733173076923077 0.3641826923076923 0.028846153846153848 0.07451923076923077
0 0.015625 0.3449519230769231 0.03125 0.07451923076923077
0 0.030048076923076924 0.25721153846153844 0.016826923076923076 0.027644230769230768
0 0.06490384615384616 0.29447115384615385 0.02403846153846154 0.04567307692307692
0 0.0733173076923077 0.26322115384615385 0.018028846153846152 0.037259615384615384
0 0.11298076923076923 0.25961538461538464 0.010817307692307692 0.021634615384615384
0 0.0733173076923077 0.22716346153846154 0.013221153846153846 0.02403846153846154
0 0.1141826923076923 0.22235576923076922 0.013221153846153846 0.021634615384615384
0 0.057692307692307696 0.23798076923076922 0.010817307692307692 0.019230769230769232
0 0.054086538461538464 0.22596153846153846 0.009615384615384616 0.021634615384615384
0 0.04927884615384615 0.21634615384615385 0.008413461538461538 0.019230769230769232
0 0.027644230769230768 0.21033653846153846 0.009615384615384616 0.016826923076923076
0 0.016826923076923076 0.22956730769230768 0.01201923076923077 0.019230769230769232
0 0.01201923076923077 0.19230769230769232 0.009615384615384616 0.019230769230769232
0 0.03125 0.19230769230769232 0.008413461538461538 0.019230769230769232