0 0.028846153846153848 0.4387019230769231 0.03245192307692308 0.05889423076923077
0 0.06490384615384616 0.4074519230769231 0.04447115384615385 0.06129807692307692
0 0.12379807692307693 0.47475961538461536 0.04567307692307692 0.06009615384615385
0 0.1971153846153846 0.38341346153846156 0.028846153846153848 0.05889423076923077
0 0.23197115384615385 0.3762019230769231 0.03365384615384615 0.06129807692307692
0 0.23557692307692307 0.4675480769230769 0.040865384615384616 0.09134615384615384
0 0.11658653846153846 0.35697115384615385 0.021634615384615384 0.055288461538461536
0 0.15745192307692307 0.38341346153846156 0.021634615384615384 0.036057692307692304
0 0.36658653846153844 0.4723557692307692 0.07451923076923077 0.12379807692307693
0 0.31850961538461536 0.36538461538461536 0.030048076923076924 0.05048076923076923
0 0.4495192307692308 0.3557692307692308 0.026442307692307692 0.0673076923076923
0 0.5745192307692307 0.4951923076923077 0.07572115384615384 0.15144230769230768
0 0.5120192307692307 0.3798076923076923 0.038461538461538464 0.1045673076923077
0 0.6478365384615384 0.39663461538461536 0.05048076923076923 0.0733173076923077
0 0.7103365384615384 0.4014423076923077 0.03245192307692308 0.06490384615384616
0 0.7427884615384616 0.42788461538461536 0.03485576923076923 0.06971153846153846
0 0.7764423076923077 0.41586538461538464 0.057692307692307696 0.0889423076923077
0 0.7019230769230769 0.3329326923076923 0.02283653846153846 0.042067307692307696
0 0.9867788461538461 0.44471153846153844 0.025240384615384616 0.07572115384615384
0 0.9098557692307693 0.42427884615384615 0.055288461538461536 0.08413461538461539
0 0.8257211538461539 0.3713942307692308 0.03485576923076923 0.06610576923076923
0 0.5144230769230769 0.3076923076923077 0.006009615384615385 0.008413461538461538