0 0.12860576923076922 0.5012019230769231 0.055288461538461536 0.09134615384615384
0 0.1658653846153846 0.4230769230769231 0.038461538461538464 0.06850961538461539
0 0.234375 0.4098557692307692 0.030048076923076924 0.051682692307692304
0 0.4050480769230769 0.33653846153846156 0.025240384615384616 0.039663461538461536
0 0.9266826923076923 0.3894230769230769 0.03365384615384615 0.046875
0 0.9723557692307693 0.5576923076923077 0.054086538461538464 0.12379807692307693
0 0.10576923076923077 0.421875 0.03245192307692308 0.06009615384615385
0 0.2704326923076923 0.3449519230769231 0.02403846153846154 0.04927884615384615
0 0.9435096153846154 0.44591346153846156 0.039663461538461536 0.07211538461538461
0 0.9014423076923077 0.26802884615384615 0.013221153846153846 0.020432692307692308
0 0.9302884615384616 0.2776442307692308 0.01201923076923077 0.018028846153846152
0 0.5865384615384616 0.3245192307692308 0.013221153846153846 0.021634615384615384
0 0.5300480769230769 0.33052884615384615 0.013221153846153846 0.02283653846153846
0 0.6706730769230769 0.4014423076923077 0.02283653846153846 0.055288461538461536
0 0.8269230769230769 0.3798076923076923 0.018028846153846152 0.025240384615384616
0 0.875 0.48677884615384615 0.027644230769230768 0.056490384615384616
0 0.90625 0.35096153846153844 0.013221153846153846 0.02283653846153846
0 0.5048076923076923 0.3004807692307692 0.010817307692307692 0.014423076923076924
0 0.4362980769230769 0.2956730769230769 0.007211538461538462 0.01201923076923077
0 0.4891826923076923 0.3233173076923077 0.007211538461538462 0.01201923076923077
0 0.24759615384615385 0.2668269230769231 0.01201923076923077 0.014423076923076924
0 0.09615384615384616 0.33533653846153844 0.019230769230769232 0.03485576923076923
0 0.15985576923076922 0.2668269230769231 0.019230769230769232 0.036057692307692304
0 0.20552884615384615 0.3389423076923077 0.015625 0.027644230769230768
0 0.21634615384615385 0.31490384615384615 0.013221153846153846 0.02283653846153846
0 0.30528846153846156 0.3076923076923077 0.013221153846153846 0.02283653846153846
0 0.9747596153846154 0.2824519230769231 0.010817307692307692 0.016826923076923076
0 0.8834134615384616 0.3125 0.007211538461538462 0.013221153846153846
0 0.5420673076923077 0.31009615384615385 0.013221153846153846 0.02283653846153846
0 0.6346153846153846 0.4326923076923077 0.026442307692307692 0.04927884615384615