0 0.90625 0.9579326923076923 0.03485576923076923 0.0625
0 0.9278846153846154 0.7427884615384616 0.03485576923076923 0.057692307692307696
0 0.8786057692307693 0.7728365384615384 0.036057692307692304 0.06370192307692307
0 0.9579326923076923 0.6778846153846154 0.028846153846153848 0.04567307692307692
0 0.7980769230769231 0.7163461538461539 0.03245192307692308 0.04567307692307692
0 0.7728365384615384 0.8233173076923077 0.027644230769230768 0.039663461538461536
0 0.7127403846153846 0.6274038461538461 0.025240384615384616 0.039663461538461536
0 0.6971153846153846 0.71875 0.030048076923076924 0.06490384615384616
0 0.6586538461538461 0.6574519230769231 0.025240384615384616 0.04807692307692308
0 0.6081730769230769 0.7139423076923077 0.028846153846153848 0.046875
0 0.6213942307692307 0.6466346153846154 0.02283653846153846 0.04927884615384615
0 0.59375 0.6766826923076923 0.02283653846153846 0.04326923076923077
0 0.515625 0.6923076923076923 0.025240384615384616 0.04807692307692308
0 0.5264423076923077 0.59375 0.018028846153846152 0.039663461538461536
0 0.4387019230769231 0.6694711538461539 0.020432692307692308 0.04807692307692308
0 0.375 0.6634615384615384 0.020432692307692308 0.04807692307692308
0 0.37740384615384615 0.6177884615384616 0.01201923076923077 0.025240384615384616
0 0.43149038461538464 0.6334134615384616 0.020432692307692308 0.03485576923076923
0 0.3701923076923077 0.5709134615384616 0.015625 0.027644230769230768
0 0.4074519230769231 0.5564903846153846 0.016826923076923076 0.030048076923076924
0 0.4855769230769231 0.5637019230769231 0.016826923076923076 0.030048076923076924
0 0.2860576923076923 0.6875 0.020432692307692308 0.04567307692307692
0 0.23197115384615385 0.6478365384615384 0.021634615384615384 0.04567307692307692
0 0.3401442307692308 0.6358173076923077 0.019230769230769232 0.039663461538461536
0 0.16947115384615385 0.6526442307692307 0.018028846153846152 0.036057692307692304
0 0.13221153846153846 0.6658653846153846 0.019230769230769232 0.036057692307692304
0 0.06971153846153846 0.6478365384615384 0.018028846153846152 0.042067307692307696
0 0.17668269230769232 0.6021634615384616 0.018028846153846152 0.03485576923076923
0 0.20072115384615385 0.5625 0.009615384615384616 0.019230769230769232
0 0.18629807692307693 0.53125 0.01201923076923077 0.02283653846153846
0 0.13822115384615385 0.5348557692307693 0.009615384615384616 0.019230769230769232
0 0.026442307692307692 0.8185096153846154 0.02403846153846154 0.04567307692307692
0 0.03125 0.6466346153846154 0.018028846153846152 0.03365384615384615
0 0.055288461538461536 0.6177884615384616 0.01201923076923077 0.019230769230769232
0 0.06610576923076923 0.5168269230769231 0.007211538461538462 0.015625
0 0.1045673076923077 0.4891826923076923 0.007211538461538462 0.016826923076923076
0 0.042067307692307696 0.47596153846153844 0.007211538461538462 0.013221153846153846
0 0.27524038461538464 0.5180288461538461 0.01201923076923077 0.019230769230769232
0 0.359375 0.5336538461538461 0.010817307692307692 0.016826923076923076
0 0.42788461538461536 0.5108173076923077 0.009615384615384616 0.019230769230769232
0 0.39903846153846156 0.4963942307692308 0.007211538461538462 0.016826923076923076
0 0.48677884615384615 0.5072115384615384 0.010817307692307692 0.02283653846153846
0 0.5012019230769231 0.49038461538461536 0.007211538461538462 0.015625
0 0.6370192307692307 0.48677884615384615 0.007211538461538462 0.013221153846153846
0 0.6574519230769231 0.4807692307692308 0.007211538461538462 0.01201923076923077
0 0.6706730769230769 0.4987980769230769 0.009615384615384616 0.018028846153846152
0 0.671875 0.46274038461538464 0.007211538461538462 0.013221153846153846
0 0.6574519230769231 0.5120192307692307 0.01201923076923077 0.025240384615384616
0 0.7536057692307693 0.48197115384615385 0.008413461538461538 0.016826923076923076
0 0.7680288461538461 0.47716346153846156 0.009615384615384616 0.018028846153846152
0 0.7752403846153846 0.45913461538461536 0.007211538461538462 0.015625
0 0.7463942307692307 0.45913461538461536 0.007211538461538462 0.016826923076923076
0 0.7644230769230769 0.4543269230769231 0.006009615384615385 0.010817307692307692
0 0.7608173076923077 0.453125 0.006009615384615385 0.01201923076923077
0 0.9747596153846154 0.4182692307692308 0.016826923076923076 0.028846153846153848
0 0.375 0.5108173076923077 0.008413461538461538 0.018028846153846152
0 0.07932692307692307 0.5889423076923077 0.006009615384615385 0.015625