0 0.004807692307692308 0.42427884615384615 0.008413461538461538 0.026442307692307692
0 0.03365384615384615 0.4338942307692308 0.019230769230769232 0.038461538461538464
0 0.057692307692307696 0.4050480769230769 0.01201923076923077 0.026442307692307692
0 0.07451923076923077 0.43028846153846156 0.015625 0.028846153846153848
0 0.0733173076923077 0.46875 0.015625 0.03365384615384615
0 0.052884615384615384 0.44591346153846156 0.013221153846153846 0.028846153846153848
0 0.11899038461538461 0.43028846153846156 0.018028846153846152 0.03365384615384615
0 0.14182692307692307 0.4110576923076923 0.013221153846153846 0.03125
0 0.19951923076923078 0.4110576923076923 0.013221153846153846 0.025240384615384616
0 0.21754807692307693 0.4206730769230769 0.008413461538461538 0.021634615384615384
0 0.21394230769230768 0.5721153846153846 0.020432692307692308 0.05889423076923077
0 0.2548076923076923 0.40024038461538464 0.009615384615384616 0.021634615384615384
0 0.2800480769230769 0.46634615384615385 0.02283653846153846 0.04927884615384615
0 0.15625 0.43149038461538464 0.007211538461538462 0.018028846153846152
0 0.23197115384615385 0.4807692307692308 0.015625 0.039663461538461536
0 0.21394230769230768 0.46875 0.02283653846153846 0.04326923076923077
0 0.3004807692307692 0.4723557692307692 0.016826923076923076 0.03485576923076923
0 0.375 0.4879807692307692 0.020432692307692308 0.046875
0 0.2776442307692308 0.43028846153846156 0.009615384615384616 0.019230769230769232
0 0.3293269230769231 0.4411057692307692 0.014423076923076924 0.028846153846153848
0 0.33774038461538464 0.4206730769230769 0.018028846153846152 0.03125
0 0.38461538461538464 0.41225961538461536 0.010817307692307692 0.020432692307692308
0 0.30288461538461536 0.41466346153846156 0.019230769230769232 0.036057692307692304
0 0.4026442307692308 0.42788461538461536 0.007211538461538462 0.020432692307692308
0 0.4110576923076923 0.4182692307692308 0.010817307692307692 0.02283653846153846
0 0.4230769230769231 0.46153846153846156 0.010817307692307692 0.021634615384615384
0 0.44591346153846156 0.4567307692307692 0.009615384615384616 0.03245192307692308
0 0.45913461538461536 0.4483173076923077 0.016826923076923076 0.03125
0 0.5144230769230769 0.4387019230769231 0.014423076923076924 0.03125
0 0.5685096153846154 0.5336538461538461 0.015625 0.03485576923076923
0 0.4987980769230769 0.5600961538461539 0.04927884615384615 0.09975961538461539
0 0.5985576923076923 0.4230769230769231 0.010817307692307692 0.026442307692307692
0 0.6670673076923077 0.41225961538461536 0.009615384615384616 0.019230769230769232
0 0.7367788461538461 0.44591346153846156 0.015625 0.025240384615384616
0 0.6730769230769231 0.5144230769230769 0.03125 0.06129807692307692
0 0.6322115384615384 0.5204326923076923 0.027644230769230768 0.055288461538461536
0 0.6105769230769231 0.5048076923076923 0.018028846153846152 0.04567307692307692
0 0.7944711538461539 0.4651442307692308 0.021634615384615384 0.039663461538461536
0 0.8088942307692307 0.4675480769230769 0.01201923076923077 0.021634615384615384
0 0.7992788461538461 0.5132211538461539 0.021634615384615384 0.04807692307692308
0 0.8257211538461539 0.5264423076923077 0.030048076923076924 0.04326923076923077
0 0.9110576923076923 0.4651442307692308 0.013221153846153846 0.02283653846153846
0 0.9507211538461539 0.46033653846153844 0.015625 0.028846153846153848
0 0.8581730769230769 0.5024038461538461 0.02403846153846154 0.046875
0 0.9927884615384616 0.4411057692307692 0.01201923076923077 0.02283653846153846
0 0.25240384615384615 0.5228365384615384 0.020432692307692308 0.04326923076923077