0 0.027644230769230768 0.9579326923076923 0.055288461538461536 0.07932692307692307
0 0.008413461538461538 0.8161057692307693 0.016826923076923076 0.040865384615384616
0 0.06850961538461539 0.78125 0.037259615384615384 0.03485576923076923
0 0.036057692307692304 0.7980769230769231 0.02403846153846154 0.02283653846153846
0 0.19110576923076922 0.8185096153846154 0.052884615384615384 0.054086538461538464
0 0.3245192307692308 0.8293269230769231 0.04927884615384615 0.057692307692307696
0 0.27403846153846156 0.9471153846153846 0.07572115384615384 0.07451923076923077
0 0.3016826923076923 0.8100961538461539 0.038461538461538464 0.040865384615384616
0 0.28365384615384615 0.7920673076923077 0.038461538461538464 0.038461538461538464
0 0.4699519230769231 0.8016826923076923 0.04807692307692308 0.04567307692307692
0 0.20432692307692307 0.7704326923076923 0.03245192307692308 0.02283653846153846
0 0.16346153846153846 0.7716346153846154 0.036057692307692304 0.03125
0 0.30408653846153844 0.7632211538461539 0.018028846153846152 0.019230769230769232
0 0.34375 0.7644230769230769 0.026442307692307692 0.021634615384615384
0 0.37259615384615385 0.7620192307692307 0.018028846153846152 0.015625
0 0.40625 0.7608173076923077 0.014423076923076924 0.018028846153846152
0 0.43509615384615385 0.7728365384615384 0.03485576923076923 0.025240384615384616
0 0.2920673076923077 0.7572115384615384 0.010817307692307692 0.009615384615384616
0 0.2091346153846154 0.7451923076923077 0.018028846153846152 0.013221153846153846
0 0.26322115384615385 0.7752403846153846 0.02403846153846154 0.021634615384615384
0 0.5192307692307693 0.7872596153846154 0.027644230769230768 0.026442307692307692
0 0.5300480769230769 0.8293269230769231 0.028846153846153848 0.028846153846153848
0 0.6262019230769231 0.7896634615384616 0.025240384615384616 0.025240384615384616
0 0.6838942307692307 0.7716346153846154 0.016826923076923076 0.019230769230769232
0 0.6298076923076923 0.7620192307692307 0.015625 0.013221153846153846
0 0.5396634615384616 0.8737980769230769 0.057692307692307696 0.06009615384615385
0 0.7043269230769231 0.8257211538461539 0.03485576923076923 0.039663461538461536
0 0.7367788461538461 0.8293269230769231 0.055288461538461536 0.046875
0 0.7644230769230769 0.7800480769230769 0.018028846153846152 0.015625
0 0.7415865384615384 0.7932692307692307 0.02283653846153846 0.018028846153846152
0 0.8245192307692307 0.8100961538461539 0.018028846153846152 0.016826923076923076
0 0.8569711538461539 0.8233173076923077 0.02283653846153846 0.019230769230769232
0 0.8870192307692307 0.7560096153846154 0.025240384615384616 0.019230769230769232
0 0.9242788461538461 0.7956730769230769 0.018028846153846152 0.015625
0 0.9567307692307693 0.8293269230769231 0.021634615384615384 0.019230769230769232
0 0.9483173076923077 0.7872596153846154 0.014423076923076924 0.014423076923076924
0 0.9651442307692307 0.7800480769230769 0.014423076923076924 0.01201923076923077
0 0.9795673076923077 0.7776442307692307 0.010817307692307692 0.009615384615384616
0 0.9915865384615384 0.8161057692307693 0.014423076923076924 0.021634615384615384
0 0.7151442307692307 0.7752403846153846 0.018028846153846152 0.01201923076923077
0 0.28725961538461536 0.6033653846153846 0.015625 0.010817307692307692
0 0.35336538461538464 0.6382211538461539 0.013221153846153846 0.013221153846153846
0 0.828125 0.7752403846153846 0.014423076923076924 0.01201923076923077
0 0.5733173076923077 0.7980769230769231 0.021634615384615384 0.021634615384615384
0 0.5444711538461539 0.7824519230769231 0.019230769230769232 0.021634615384615384
0 0.5204326923076923 0.7584134615384616 0.016826923076923076 0.01201923076923077
0 0.4855769230769231 0.75 0.01201923076923077 0.013221153846153846