0 0.6069711538461539 0.11538461538461539 0.010817307692307692 0.021634615384615384
0 0.5540865384615384 0.11538461538461539 0.008413461538461538 0.018028846153846152
0 0.5661057692307693 0.15264423076923078 0.016826923076923076 0.030048076923076924
0 0.5240384615384616 0.10817307692307693 0.007211538461538462 0.013221153846153846
0 0.5012019230769231 0.109375 0.007211538461538462 0.01201923076923077
0 0.6887019230769231 0.13341346153846154 0.009615384615384616 0.02403846153846154
0 0.7007211538461539 0.12740384615384615 0.009615384615384616 0.016826923076923076
0 0.7560096153846154 0.11057692307692307 0.015625 0.027644230769230768
0 0.5108173076923077 0.19951923076923078 0.040865384615384616 0.078125
0 0.6514423076923077 0.25 0.028846153846153848 0.0733173076923077
0 0.7103365384615384 0.23677884615384615 0.04927884615384615 0.08533653846153846
0 0.7824519230769231 0.1466346153846154 0.028846153846153848 0.051682692307692304
0 0.7992788461538461 0.19110576923076922 0.03365384615384615 0.05889423076923077
0 0.8798076923076923 0.1658653846153846 0.03365384615384615 0.054086538461538464
0 0.9098557692307693 0.171875 0.021634615384615384 0.03125
0 0.8461538461538461 0.14423076923076922 0.009615384615384616 0.026442307692307692
0 0.8629807692307693 0.15504807692307693 0.010817307692307692 0.02403846153846154
0 0.953125 0.1310096153846154 0.013221153846153846 0.038461538461538464
0 0.9747596153846154 0.14903846153846154 0.026442307692307692 0.040865384615384616
0 0.9951923076923077 0.14903846153846154 0.007211538461538462 0.03125
0 0.796875 0.49759615384615385 0.07572115384615384 0.15384615384615385
0 0.484375 0.59375 0.0625 0.11177884615384616
0 0.42427884615384615 0.12740384615384615 0.013221153846153846 0.030048076923076924
0 0.2776442307692308 0.2247596153846154 0.04927884615384615 0.10216346153846154
0 0.4519230769230769 0.11778846153846154 0.007211538461538462 0.014423076923076924
0 0.24759615384615385 0.13341346153846154 0.009615384615384616 0.021634615384615384
0 0.24278846153846154 0.14903846153846154 0.01201923076923077 0.021634615384615384
0 0.21875 0.15745192307692307 0.010817307692307692 0.020432692307692308
0 0.22596153846153846 0.18269230769230768 0.021634615384615384 0.038461538461538464
0 0.18509615384615385 0.22596153846153846 0.04927884615384615 0.07692307692307693
0 0.1201923076923077 0.16105769230769232 0.025240384615384616 0.04927884615384615
0 0.16947115384615385 0.49158653846153844 0.08173076923076923 0.13701923076923078
0 0.9927884615384616 0.296875 0.013221153846153846 0.06490384615384616
0 0.4795673076923077 0.15264423076923078 0.010817307692307692 0.021634615384615384
0 0.5072115384615384 0.13581730769230768 0.009615384615384616 0.018028846153846152
0 0.4795673076923077 0.19110576923076922 0.018028846153846152 0.04567307692307692
0 0.6237980769230769 0.109375 0.007211538461538462 0.014423076923076924
0 0.6394230769230769 0.11057692307692307 0.007211538461538462 0.013221153846153846
0 0.7307692307692307 0.12139423076923077 0.007211538461538462 0.016826923076923076
0 0.6887019230769231 0.10576923076923077 0.003605769230769231 0.008413461538461538