0 0.01201923076923077 0.33413461538461536 0.013221153846153846 0.02403846153846154
0 0.040865384615384616 0.38100961538461536 0.013221153846153846 0.025240384615384616
0 0.055288461538461536 0.31971153846153844 0.009615384615384616 0.013221153846153846
0 0.07451923076923077 0.35336538461538464 0.008413461538461538 0.015625
0 0.08774038461538461 0.3245192307692308 0.006009615384615385 0.014423076923076924
0 0.09615384615384616 0.34975961538461536 0.010817307692307692 0.027644230769230768
0 0.12860576923076922 0.3137019230769231 0.006009615384615385 0.01201923076923077
0 0.14783653846153846 0.33413461538461536 0.008413461538461538 0.021634615384615384
0 0.1778846153846154 0.36658653846153844 0.018028846153846152 0.015625
0 0.20552884615384615 0.3701923076923077 0.019230769230769232 0.014423076923076924
0 0.3016826923076923 0.359375 0.014423076923076924 0.03125
0 0.3737980769230769 0.3473557692307692 0.016826923076923076 0.028846153846153848
0 0.421875 0.3473557692307692 0.007211538461538462 0.013221153846153846
0 0.45552884615384615 0.36778846153846156 0.013221153846153846 0.013221153846153846
0 0.4879807692307692 0.3641826923076923 0.008413461538461538 0.019230769230769232
0 0.515625 0.34375 0.018028846153846152 0.03365384615384615
0 0.5576923076923077 0.37259615384615385 0.010817307692307692 0.018028846153846152
0 0.6045673076923077 0.3737980769230769 0.02403846153846154 0.03485576923076923
0 0.6370192307692307 0.3605769230769231 0.018028846153846152 0.03365384615384615
0 0.7127403846153846 0.36658653846153844 0.013221153846153846 0.02403846153846154
0 0.7319711538461539 0.3485576923076923 0.030048076923076924 0.051682692307692304
0 0.7644230769230769 0.3737980769230769 0.010817307692307692 0.020432692307692308
0 0.8149038461538461 0.36658653846153844 0.013221153846153846 0.019230769230769232
0 0.8677884615384616 0.38100961538461536 0.019230769230769232 0.04807692307692308
0 0.9326923076923077 0.39663461538461536 0.006009615384615385 0.013221153846153846
0 0.9399038461538461 0.4230769230769231 0.009615384615384616 0.018028846153846152
0 0.9603365384615384 0.39663461538461536 0.013221153846153846 0.026442307692307692
0 0.9939903846153846 0.390625 0.006009615384615385 0.015625
0 0.9879807692307693 0.3954326923076923 0.007211538461538462 0.018028846153846152