0 0.6045673076923077 0.051682692307692304 0.07451923076923077 0.036057692307692304
0 0.6033653846153846 0.16346153846153846 0.0625 0.028846153846153848
0 0.5288461538461539 0.16105769230769232 0.055288461538461536 0.030048076923076924
0 0.28125 0.08774038461538461 0.015625 0.008413461538461538
0 0.35216346153846156 0.09014423076923077 0.010817307692307692 0.006009615384615385
0 0.3317307692307692 0.08052884615384616 0.013221153846153846 0.006009615384615385
0 0.26802884615384615 0.08173076923076923 0.009615384615384616 0.006009615384615385
0 0.8197115384615384 0.08052884615384616 0.013221153846153846 0.006009615384615385
0 0.9639423076923077 0.06009615384615385 0.039663461538461536 0.020432692307692308
0 0.796875 0.5649038461538461 0.0673076923076923 0.036057692307692304
0 0.7211538461538461 0.5661057692307693 0.03125 0.020432692307692308
0 0.8569711538461539 0.9254807692307693 0.056490384615384616 0.03245192307692308
0 0.75 0.9435096153846154 0.030048076923076924 0.015625
0 0.5901442307692307 0.9338942307692307 0.026442307692307692 0.014423076923076924
0 0.6430288461538461 0.9278846153846154 0.025240384615384616 0.014423076923076924
0 0.390625 0.9579326923076923 0.08653846153846154 0.038461538461538464
0 0.2091346153846154 0.9783653846153846 0.09014423076923077 0.042067307692307696
0 0.21514423076923078 0.9206730769230769 0.036057692307692304 0.021634615384615384
0 0.1466346153846154 0.9387019230769231 0.037259615384615384 0.019230769230769232
0 0.07572115384615384 0.953125 0.038461538461538464 0.02283653846153846
0 0.3112980769230769 0.9254807692307693 0.025240384615384616 0.01201923076923077
0 0.2644230769230769 0.8834134615384616 0.03125 0.016826923076923076
0 0.33052884615384615 0.8822115384615384 0.028846153846153848 0.016826923076923076
0 0.48197115384615385 0.5456730769230769 0.01201923076923077 0.004807692307692308
0 0.1778846153846154 0.5396634615384616 0.008413461538461538 0.006009615384615385
0 0.18028846153846154 0.53125 0.009615384615384616 0.004807692307692308
0 0.8173076923076923 0.09014423076923077 0.014423076923076924 0.008413461538461538