0 0 0 0 0
0 0.94580078125 0.26732673267326734 0.0830078125 0.1051980198019802
0 0.873046875 0.2784653465346535 0.052734375 0.07549504950495049
0 0.74853515625 0.22772277227722773 0.0595703125 0.09405940594059406
0 0.7236328125 0.1844059405940594 0.0390625 0.0594059405940594
0 0.59765625 0.1670792079207921 0.044921875 0.07054455445544554
0 0.5498046875 0.20173267326732675 0.013671875 0.02599009900990099
0 0.53271484375 0.19801980198019803 0.0126953125 0.018564356435643563
0 0.49462890625 0.23391089108910892 0.0361328125 0.0594059405940594
0 0.34130859375 0.19801980198019803 0.0537109375 0.10272277227722772
0 0.298828125 0.17574257425742573 0.005859375 0.009900990099009901
0 0.26025390625 0.17698019801980197 0.0166015625 0.02599009900990099
0 0.203125 0.1707920792079208 0.033203125 0.054455445544554455
0 0.04736328125 0.16584158415841585 0.0185546875 0.03341584158415842
0 0.01513671875 0.1670792079207921 0.0185546875 0.02599009900990099
0 0.07666015625 0.16336633663366337 0.0126953125 0.023514851485148515
0 0.0927734375 0.17326732673267325 0.009765625 0.017326732673267328