0 0.8822115384615384 0.4879807692307692 0.046875 0.04807692307692308
0 0.9338942307692307 0.4423076923076923 0.03245192307692308 0.037259615384615384
0 0.8401442307692307 0.4050480769230769 0.020432692307692308 0.02283653846153846
0 0.7728365384615384 0.4014423076923077 0.016826923076923076 0.018028846153846152
0 0.7115384615384616 0.41586538461538464 0.019230769230769232 0.021634615384615384
0 0.7572115384615384 0.4543269230769231 0.025240384615384616 0.026442307692307692
0 0.6658653846153846 0.43028846153846156 0.03365384615384615 0.03485576923076923
0 0.6213942307692307 0.4026442307692308 0.007211538461538462 0.009615384615384616
0 0.5384615384615384 0.4098557692307692 0.01201923076923077 0.01201923076923077
0 0.5288461538461539 0.4543269230769231 0.021634615384615384 0.026442307692307692
0 0.41346153846153844 0.43028846153846156 0.02403846153846154 0.025240384615384616
0 0.46033653846153844 0.42427884615384615 0.013221153846153846 0.013221153846153846
0 0.47475961538461536 0.39903846153846156 0.007211538461538462 0.007211538461538462
0 0.4639423076923077 0.40625 0.007211538461538462 0.008413461538461538
0 0.10336538461538461 0.4483173076923077 0.04927884615384615 0.056490384615384616
0 0.06009615384615385 0.44471153846153844 0.013221153846153846 0.016826923076923076
0 0.234375 0.4362980769230769 0.018028846153846152 0.020432692307692308
0 0.25841346153846156 0.4230769230769231 0.009615384615384616 0.010817307692307692
0 0.19110576923076922 0.44471153846153844 0.016826923076923076 0.018028846153846152
0 0.28125 0.421875 0.018028846153846152 0.019230769230769232
0 0.33653846153846156 0.4254807692307692 0.010817307692307692 0.01201923076923077
0 0.3737980769230769 0.4266826923076923 0.01201923076923077 0.014423076923076924
0 0.4050480769230769 0.4110576923076923 0.007211538461538462 0.007211538461538462
0 0.375 0.41346153846153844 0.01201923076923077 0.01201923076923077
0 0.3641826923076923 0.40625 0.007211538461538462 0.007211538461538462
0 0.22956730769230768 0.41947115384615385 0.008413461538461538 0.009615384615384616
0 0.3112980769230769 0.4110576923076923 0.013221153846153846 0.014423076923076924
0 0.41586538461538464 0.40865384615384615 0.009615384615384616 0.010817307692307692