0 0.6189903846153846 0.6346153846153846 0.036057692307692304 0.06490384615384616
0 0.8617788461538461 0.5216346153846154 0.013221153846153846 0.02403846153846154
0 0.8485576923076923 0.49038461538461536 0.004807692307692308 0.009615384615384616
0 0.9723557692307693 0.5012019230769231 0.007211538461538462 0.010817307692307692
0 0.9783653846153846 0.49278846153846156 0.003605769230769231 0.006009615384615385
0 0.9855769230769231 0.49399038461538464 0.004807692307692308 0.008413461538461538
0 0.9927884615384616 0.5180288461538461 0.006009615384615385 0.010817307692307692
0 0.9963942307692307 0.4891826923076923 0.004807692307692308 0.009615384615384616
0 0.84375 0.5841346153846154 0.020432692307692308 0.03485576923076923
0 0.9362980769230769 0.5372596153846154 0.009615384615384616 0.016826923076923076
0 0.6682692307692307 0.6105769230769231 0.028846153846153848 0.04567307692307692
0 0.7163461538461539 0.7283653846153846 0.040865384615384616 0.07451923076923077
0 0.8353365384615384 0.7908653846153846 0.04927884615384615 0.09615384615384616
0 0.9831730769230769 0.6586538461538461 0.01201923076923077 0.03245192307692308
0 0.3954326923076923 0.6394230769230769 0.026442307692307692 0.052884615384615384
0 0.5324519230769231 0.6117788461538461 0.020432692307692308 0.037259615384615384
0 0.5120192307692307 0.640625 0.019230769230769232 0.042067307692307696
0 0.28125 0.6274038461538461 0.028846153846153848 0.05889423076923077
0 0.125 0.609375 0.020432692307692308 0.037259615384615384
0 0.16706730769230768 0.6646634615384616 0.026442307692307692 0.04567307692307692
0 0.06850961538461539 0.6262019230769231 0.016826923076923076 0.042067307692307696
0 0.056490384615384616 0.6237980769230769 0.018028846153846152 0.039663461538461536
0 0.03245192307692308 0.6274038461538461 0.015625 0.04567307692307692
0 0.11177884615384616 0.4951923076923077 0.008413461538461538 0.013221153846153846
0 0.24759615384615385 0.49759615384615385 0.009615384615384616 0.015625
0 0.057692307692307696 0.7716346153846154 0.020432692307692308 0.0625
0 0.36778846153846156 0.5504807692307693 0.013221153846153846 0.025240384615384616
0 0.05889423076923077 0.4987980769230769 0.01201923076923077 0.015625
0 0.09134615384615384 0.47596153846153844 0.006009615384615385 0.01201923076923077
0 0.08052884615384616 0.5216346153846154 0.01201923076923077 0.02403846153846154
0 0.22956730769230768 0.4795673076923077 0.008413461538461538 0.015625
0 0.3125 0.4807692307692308 0.007211538461538462 0.01201923076923077
0 0.4326923076923077 0.5588942307692307 0.020432692307692308 0.03125
0 0.040865384615384616 0.5288461538461539 0.009615384615384616 0.021634615384615384
0 0.22235576923076922 0.5036057692307693 0.008413461538461538 0.013221153846153846
0 0.375 0.4855769230769231 0.006009615384615385 0.013221153846153846
0 0.1502403846153846 0.9338942307692307 0.028846153846153848 0.055288461538461536