0 0.15985576923076922 0.5733173076923077 0.027644230769230768 0.055288461538461536
0 0.09615384615384616 0.5925480769230769 0.019230769230769232 0.0673076923076923
0 0.35336538461538464 0.3317307692307692 0.015625 0.038461538461538464
0 0.20793269230769232 0.33533653846153844 0.013221153846153846 0.02403846153846154
0 0.20072115384615385 0.38221153846153844 0.016826923076923076 0.028846153846153848
0 0.4014423076923077 0.4963942307692308 0.028846153846153848 0.057692307692307696
0 0.42427884615384615 0.4050480769230769 0.013221153846153846 0.028846153846153848
0 0.4891826923076923 0.5228365384615384 0.019230769230769232 0.03485576923076923
0 0.47115384615384615 0.4326923076923077 0.013221153846153846 0.03365384615384615
0 0.4963942307692308 0.41346153846153844 0.015625 0.03365384615384615
0 0.4375 0.32572115384615385 0.010817307692307692 0.021634615384615384
0 0.5552884615384616 0.3786057692307692 0.013221153846153846 0.02403846153846154
0 0.5192307692307693 0.3762019230769231 0.007211538461538462 0.013221153846153846
0 0.5925480769230769 0.3858173076923077 0.013221153846153846 0.021634615384615384
0 0.6105769230769231 0.39302884615384615 0.013221153846153846 0.026442307692307692
0 0.5132211538461539 0.3485576923076923 0.010817307692307692 0.013221153846153846
0 0.6358173076923077 0.48677884615384615 0.015625 0.028846153846153848
0 0.6430288461538461 0.39302884615384615 0.01201923076923077 0.027644230769230768
0 0.6574519230769231 0.3473557692307692 0.013221153846153846 0.026442307692307692
0 0.6959134615384616 0.39663461538461536 0.013221153846153846 0.02283653846153846
0 0.9350961538461539 0.36538461538461536 0.014423076923076924 0.028846153846153848
0 0.16947115384615385 0.3762019230769231 0.010817307692307692 0.027644230769230768