0 0.9074519230769231 0.5721153846153846 0.030048076923076924 0.04567307692307692
0 0.9375 0.5661057692307693 0.019230769230769232 0.027644230769230768
0 0.7944711538461539 0.6586538461538461 0.03245192307692308 0.04927884615384615
0 0.8161057692307693 0.6081730769230769 0.02283653846153846 0.03485576923076923
0 0.8413461538461539 0.5709134615384616 0.013221153846153846 0.018028846153846152
0 0.8052884615384616 0.5384615384615384 0.01201923076923077 0.020432692307692308
0 0.9242788461538461 0.7884615384615384 0.04447115384615385 0.06850961538461539
0 0.9026442307692307 0.9146634615384616 0.07692307692307693 0.13341346153846154
0 0.6478365384615384 0.7596153846153846 0.03125 0.051682692307692304
0 0.6141826923076923 0.7644230769230769 0.02283653846153846 0.038461538461538464
0 0.20072115384615385 0.8617788461538461 0.055288461538461536 0.08653846153846154
0 0.0889423076923077 0.8004807692307693 0.051682692307692304 0.057692307692307696
0 0.13341346153846154 0.7307692307692307 0.016826923076923076 0.028846153846153848
0 0.078125 0.6850961538461539 0.018028846153846152 0.020432692307692308
0 0.16706730769230768 0.5745192307692307 0.010817307692307692 0.020432692307692308
0 0.04807692307692308 0.6322115384615384 0.009615384615384616 0.021634615384615384
0 0.18629807692307693 0.7932692307692307 0.038461538461538464 0.08052884615384616
0 0.3449519230769231 0.8509615384615384 0.042067307692307696 0.055288461538461536
0 0.8509615384615384 0.5420673076923077 0.01201923076923077 0.019230769230769232
0 0.8677884615384616 0.5288461538461539 0.007211538461538462 0.013221153846153846
0 0.7836538461538461 0.5540865384615384 0.01201923076923077 0.018028846153846152
0 0.9627403846153846 0.53125 0.007211538461538462 0.01201923076923077
0 0.15264423076923078 0.5949519230769231 0.007211538461538462 0.014423076923076924
0 0.1201923076923077 0.6021634615384616 0.008413461538461538 0.014423076923076924
0 0.009615384615384616 0.5913461538461539 0.008413461538461538 0.015625
0 0.010817307692307692 0.7884615384615384 0.021634615384615384 0.03485576923076923