0 0.9555288461538461 0.4266826923076923 0.025240384615384616 0.05048076923076923
0 0.921875 0.44350961538461536 0.018028846153846152 0.036057692307692304
0 0.8233173076923077 0.4639423076923077 0.028846153846153848 0.056490384615384616
0 0.7487980769230769 0.5012019230769231 0.052884615384615384 0.0673076923076923
0 0.6887019230769231 0.4699519230769231 0.03485576923076923 0.06129807692307692
0 0.6442307692307693 0.40625 0.019230769230769232 0.046875
0 0.5865384615384616 0.4362980769230769 0.019230769230769232 0.037259615384615384
0 0.5757211538461539 0.4326923076923077 0.018028846153846152 0.028846153846153848
0 0.49399038461538464 0.43028846153846156 0.014423076923076924 0.042067307692307696
0 0.4651442307692308 0.4098557692307692 0.019230769230769232 0.036057692307692304
0 0.4254807692307692 0.4050480769230769 0.013221153846153846 0.021634615384615384
0 0.38341346153846156 0.42427884615384615 0.02403846153846154 0.04447115384615385
0 0.3473557692307692 0.4543269230769231 0.019230769230769232 0.038461538461538464
0 0.32091346153846156 0.4362980769230769 0.02403846153846154 0.055288461538461536
0 0.2536057692307692 0.4170673076923077 0.027644230769230768 0.04567307692307692
0 0.37259615384615385 0.4182692307692308 0.015625 0.028846153846153848
0 0.2800480769230769 0.6069711538461539 0.06009615384615385 0.09375
0 0.1141826923076923 0.7536057692307693 0.06971153846153846 0.15985576923076922
0 0.09975961538461539 0.5757211538461539 0.039663461538461536 0.06129807692307692
0 0.2091346153846154 0.4483173076923077 0.026442307692307692 0.04807692307692308
0 0.08052884615384616 0.47475961538461536 0.030048076923076924 0.06129807692307692
0 0.008413461538461538 0.4182692307692308 0.016826923076923076 0.04807692307692308
0 0.09495192307692307 0.3954326923076923 0.010817307692307692 0.020432692307692308