0 0.39903846153846156 0.5180288461538461 0.006009615384615385 0.010817307692307692
0 0.4110576923076923 0.4987980769230769 0.004807692307692308 0.010817307692307692
0 0.42908653846153844 0.5228365384615384 0.004807692307692308 0.009615384615384616
0 0.44350961538461536 0.5540865384615384 0.007211538461538462 0.018028846153846152
0 0.4182692307692308 0.5709134615384616 0.008413461538461538 0.016826923076923076
0 0.40625 0.5576923076923077 0.007211538461538462 0.016826923076923076
0 0.37259615384615385 0.5588942307692307 0.007211538461538462 0.014423076923076924
0 0.33774038461538464 0.5649038461538461 0.007211538461538462 0.014423076923076924
0 0.3701923076923077 0.5925480769230769 0.008413461538461538 0.016826923076923076
0 0.4266826923076923 0.5144230769230769 0.004807692307692308 0.010817307692307692
0 0.36778846153846156 0.515625 0.006009615384615385 0.010817307692307692
0 0.3485576923076923 0.5228365384615384 0.006009615384615385 0.009615384615384616
0 0.359375 0.6213942307692307 0.010817307692307692 0.021634615384615384
0 0.3425480769230769 0.6262019230769231 0.010817307692307692 0.020432692307692308
0 0.34975961538461536 0.6418269230769231 0.01201923076923077 0.021634615384615384
0 0.3269230769230769 0.6514423076923077 0.009615384615384616 0.018028846153846152
0 0.31971153846153844 0.6538461538461539 0.010817307692307692 0.020432692307692308
0 0.3473557692307692 0.6670673076923077 0.009615384615384616 0.021634615384615384
0 0.35096153846153844 0.6959134615384616 0.01201923076923077 0.028846153846153848
0 0.3701923076923077 0.6754807692307693 0.01201923076923077 0.025240384615384616
0 0.38341346153846156 0.6322115384615384 0.013221153846153846 0.028846153846153848
0 0.4014423076923077 0.6213942307692307 0.01201923076923077 0.021634615384615384
0 0.5300480769230769 0.5552884615384616 0.007211538461538462 0.015625
0 0.5444711538461539 0.5420673076923077 0.007211538461538462 0.015625
0 0.5432692307692307 0.5204326923076923 0.006009615384615385 0.010817307692307692
0 0.8365384615384616 0.4338942307692308 0.24158653846153846 0.5360576923076923
0 0.4879807692307692 0.5288461538461539 0.07091346153846154 0.1466346153846154
0 0.24158653846153846 0.5985576923076923 0.08173076923076923 0.13942307692307693
0 0.039663461538461536 0.7512019230769231 0.07932692307692307 0.40865384615384615