0 0.12259615384615384 0.018028846153846152 0.03245192307692308 0.036057692307692304
0 0.17307692307692307 0.019230769230769232 0.03365384615384615 0.037259615384615384
0 0.109375 0.12860576923076922 0.038461538461538464 0.06971153846153846
0 0.03365384615384615 0.28725961538461536 0.038461538461538464 0.0673076923076923
0 0.3161057692307692 0.25240384615384615 0.03485576923076923 0.06971153846153846
0 0.33052884615384615 0.34375 0.038461538461538464 0.07451923076923077
0 0.203125 0.26322115384615385 0.028846153846153848 0.0733173076923077
0 0.28365384615384615 0.25721153846153844 0.028846153846153848 0.054086538461538464
0 0.19951923076923078 0.33533653846153844 0.04567307692307692 0.08413461538461539
0 0.16105769230769232 0.4579326923076923 0.04927884615384615 0.09375
0 0.23557692307692307 0.421875 0.04447115384615385 0.09615384615384616
0 0.3629807692307692 0.4411057692307692 0.04326923076923077 0.08774038461538461
0 0.37259615384615385 0.6213942307692307 0.04447115384615385 0.09014423076923077
0 0.31850961538461536 0.028846153846153848 0.037259615384615384 0.055288461538461536
0 0.3641826923076923 0.028846153846153848 0.026442307692307692 0.04567307692307692
0 0.390625 0.013221153846153846 0.021634615384615384 0.025240384615384616
0 0.453125 0.1310096153846154 0.03245192307692308 0.0733173076923077
0 0.5048076923076923 0.26322115384615385 0.038461538461538464 0.07451923076923077
0 0.4723557692307692 0.3581730769230769 0.046875 0.08533653846153846
0 0.4423076923076923 0.32572115384615385 0.028846153846153848 0.078125
0 0.7223557692307693 0.040865384615384616 0.039663461538461536 0.078125
0 0.6430288461538461 0.04567307692307692 0.03245192307692308 0.06009615384615385
0 0.8774038461538461 0.027644230769230768 0.03125 0.054086538461538464
0 0.6862980769230769 0.125 0.028846153846153848 0.07091346153846154
0 0.8137019230769231 0.14903846153846154 0.037259615384615384 0.07692307692307693
0 0.8629807692307693 0.28725961538461536 0.038461538461538464 0.0829326923076923
0 0.7944711538461539 0.3713942307692308 0.037259615384615384 0.0733173076923077
0 0.6838942307692307 0.33052884615384615 0.040865384615384616 0.078125
0 0.6466346153846154 0.24158653846153846 0.039663461538461536 0.06370192307692307
0 0.6334134615384616 0.28365384615384615 0.03365384615384615 0.07091346153846154
0 0.7848557692307693 0.45072115384615385 0.046875 0.09134615384615384
0 0.5805288461538461 0.21394230769230768 0.040865384615384616 0.07451923076923077
0 0.6177884615384616 0.3798076923076923 0.03245192307692308 0.08533653846153846
0 0.9903846153846154 0.15745192307692307 0.016826923076923076 0.08052884615384616
0 0.9651442307692307 0.16466346153846154 0.03245192307692308 0.07692307692307693
0 0.96875 0.25600961538461536 0.038461538461538464 0.078125
0 0.009615384615384616 0.09375 0.018028846153846152 0.0829326923076923