0 0.7007211538461539 0.8257211538461539 0.015625 0.03245192307692308
0 0.6430288461538461 0.7608173076923077 0.013221153846153846 0.027644230769230768
0 0.6045673076923077 0.7692307692307693 0.01201923076923077 0.025240384615384616
0 0.5745192307692307 0.7548076923076923 0.013221153846153846 0.030048076923076924
0 0.5072115384615384 0.7355769230769231 0.007211538461538462 0.020432692307692308
0 0.5072115384615384 0.6766826923076923 0.01201923076923077 0.02283653846153846
0 0.6105769230769231 0.6971153846153846 0.01201923076923077 0.02403846153846154
0 0.671875 0.9651442307692307 0.018028846153846152 0.03485576923076923
0 0.7295673076923077 0.9867788461538461 0.02283653846153846 0.02403846153846154
0 0.6141826923076923 0.9266826923076923 0.014423076923076924 0.03485576923076923
0 0.6358173076923077 0.9387019230769231 0.013221153846153846 0.027644230769230768
0 0.5949519230769231 0.8449519230769231 0.016826923076923076 0.027644230769230768
0 0.5276442307692307 0.8353365384615384 0.016826923076923076 0.03365384615384615
0 0.4375 0.8221153846153846 0.016826923076923076 0.030048076923076924
0 0.3870192307692308 0.8990384615384616 0.019230769230769232 0.037259615384615384
0 0.33413461538461536 0.7463942307692307 0.015625 0.030048076923076924
0 0.3918269230769231 0.6971153846153846 0.014423076923076924 0.028846153846153848
0 0.4519230769230769 0.7355769230769231 0.015625 0.027644230769230768
0 0.33052884615384615 0.6538461538461539 0.009615384615384616 0.020432692307692308
0 0.71875 0.7127403846153846 0.009615384615384616 0.020432692307692308
0 0.7728365384615384 0.7487980769230769 0.010817307692307692 0.019230769230769232
0 0.7992788461538461 0.7800480769230769 0.013221153846153846 0.02403846153846154
0 0.24158653846153846 0.9435096153846154 0.019230769230769232 0.038461538461538464
0 0.14903846153846154 0.9771634615384616 0.02403846153846154 0.04326923076923077
0 0.22235576923076922 0.8930288461538461 0.018028846153846152 0.03485576923076923
0 0.18269230769230768 0.8353365384615384 0.015625 0.03485576923076923
0 0.07091346153846154 0.7704326923076923 0.013221153846153846 0.028846153846153848
0 0.03365384615384615 0.75 0.018028846153846152 0.028846153846153848
0 0.2403846153846154 0.6394230769230769 0.013221153846153846 0.025240384615384616
0 0.21153846153846154 0.6045673076923077 0.009615384615384616 0.019230769230769232
0 0.046875 0.5949519230769231 0.009615384615384616 0.020432692307692308
0 0.09615384615384616 0.5829326923076923 0.013221153846153846 0.028846153846153848
0 0.10216346153846154 0.6814903846153846 0.013221153846153846 0.028846153846153848
0 0.1466346153846154 0.6454326923076923 0.013221153846153846 0.030048076923076924
0 0.15625 0.546875 0.013221153846153846 0.02283653846153846
0 0.27884615384615385 0.5673076923076923 0.009615384615384616 0.020432692307692308
0 0.21153846153846154 0.5372596153846154 0.010817307692307692 0.019230769230769232
0 0.12620192307692307 0.5240384615384616 0.009615384615384616 0.018028846153846152
0 0.02283653846153846 0.48677884615384615 0.01201923076923077 0.020432692307692308
0 0.5913461538461539 0.6045673076923077 0.013221153846153846 0.025240384615384616
0 0.4735576923076923 0.6502403846153846 0.009615384615384616 0.02283653846153846
0 0.39783653846153844 0.4891826923076923 0.008413461538461538 0.02283653846153846
0 0.48677884615384615 0.5432692307692307 0.007211538461538462 0.02283653846153846
0 0.5408653846153846 0.5540865384615384 0.007211538461538462 0.020432692307692308
0 0.9711538461538461 0.8557692307692307 0.013221153846153846 0.028846153846153848
0 0.953125 0.7439903846153846 0.013221153846153846 0.025240384615384616
0 0.8473557692307693 0.6766826923076923 0.010817307692307692 0.02283653846153846
0 0.890625 0.6646634615384616 0.010817307692307692 0.02283653846153846
0 0.9411057692307693 0.6286057692307693 0.010817307692307692 0.02283653846153846
0 0.9507211538461539 0.6983173076923077 0.010817307692307692 0.019230769230769232
0 0.6802884615384616 0.609375 0.007211538461538462 0.019230769230769232
0 0.7367788461538461 0.5853365384615384 0.007211538461538462 0.019230769230769232
0 0.7776442307692307 0.5949519230769231 0.007211538461538462 0.014423076923076924
0 0.7199519230769231 0.5757211538461539 0.007211538461538462 0.018028846153846152
0 0.6887019230769231 0.5564903846153846 0.007211538461538462 0.019230769230769232
0 0.9182692307692307 0.9771634615384616 0.02283653846153846 0.04326923076923077
0 0.8413461538461539 0.8040865384615384 0.013221153846153846 0.02403846153846154