0 0.9134615384615384 0.9182692307692307 0.09014423076923077 0.09495192307692307
0 0.8641826923076923 0.8305288461538461 0.030048076923076924 0.025240384615384616
0 0.6862980769230769 0.8569711538461539 0.07451923076923077 0.078125
0 0.47716346153846156 0.9122596153846154 0.07211538461538461 0.07091346153846154
0 0.828125 0.5420673076923077 0.06370192307692307 0.0625
0 0.6790865384615384 0.6887019230769231 0.030048076923076924 0.038461538461538464
0 0.5913461538461539 0.6983173076923077 0.04326923076923077 0.04447115384615385
0 0.5060096153846154 0.6286057692307693 0.0733173076923077 0.0829326923076923
0 0.41225961538461536 0.6622596153846154 0.06009615384615385 0.055288461538461536
0 0.19110576923076922 0.6694711538461539 0.08052884615384616 0.07091346153846154
0 0.056490384615384616 0.6802884615384616 0.04326923076923077 0.04326923076923077
0 0.6610576923076923 0.5697115384615384 0.078125 0.06009615384615385
0 0.6201923076923077 0.5228365384615384 0.0625 0.056490384615384616
0 0.5204326923076923 0.5516826923076923 0.06009615384615385 0.06129807692307692
0 0.38822115384615385 0.48677884615384615 0.06850961538461539 0.055288461538461536
0 0.6826923076923077 0.40024038461538464 0.055288461538461536 0.06009615384615385
0 0.41586538461538464 0.27163461538461536 0.09375 0.11778846153846154
0 0.5769230769230769 0.2704326923076923 0.08653846153846154 0.11298076923076923
0 0.6670673076923077 0.1502403846153846 0.09735576923076923 0.0829326923076923
0 0.25240384615384615 0.16466346153846154 0.08413461538461539 0.08173076923076923
0 0.0673076923076923 0.36778846153846156 0.10817307692307693 0.11057692307692307
0 0.20192307692307693 0.38461538461538464 0.04447115384615385 0.051682692307692304
0 0.3329326923076923 0.25841346153846156 0.0889423076923077 0.10817307692307693