0 0.5444711538461539 0.13822115384615385 0.09375 0.15504807692307693
0 0.6033653846153846 0.22596153846153846 0.06610576923076923 0.14182692307692307
0 0.7115384615384616 0.7680288461538461 0.054086538461538464 0.0829326923076923
0 0.8100961538461539 0.8653846153846154 0.055288461538461536 0.109375
0 0.9507211538461539 0.9002403846153846 0.0625 0.10216346153846154
0 0.8389423076923077 0.7644230769230769 0.04927884615384615 0.1045673076923077
0 0.9471153846153846 0.7463942307692307 0.039663461538461536 0.056490384615384616
0 0.9338942307692307 0.6911057692307693 0.04447115384615385 0.07451923076923077
0 0.7548076923076923 0.6670673076923077 0.036057692307692304 0.0673076923076923
0 0.6850961538461539 0.7139423076923077 0.03485576923076923 0.06850961538461539
0 0.25961538461538464 0.6862980769230769 0.06490384615384616 0.11899038461538461
0 0.1310096153846154 0.7596153846153846 0.07692307692307693 0.16706730769230768
0 0.08533653846153846 0.48677884615384615 0.05889423076923077 0.1045673076923077
0 0.171875 0.6237980769230769 0.039663461538461536 0.09134615384615384
0 0.7175480769230769 0.6550480769230769 0.027644230769230768 0.04927884615384615
0 0.78125 0.6454326923076923 0.030048076923076924 0.057692307692307696
0 0.6838942307692307 0.6442307692307693 0.025240384615384616 0.054086538461538464
0 0.8713942307692307 0.6670673076923077 0.03365384615384615 0.07211538461538461
0 0.9891826923076923 0.78125 0.020432692307692308 0.08653846153846154
0 0.7884615384615384 0.7247596153846154 0.03245192307692308 0.06370192307692307