0 0.6790865384615384 0.5252403846153846 0.027644230769230768 0.06850961538461539
0 0.8149038461538461 0.46875 0.027644230769230768 0.05889423076923077
0 0.8894230769230769 0.44471153846153844 0.04447115384615385 0.11057692307692307
0 0.9447115384615384 0.3954326923076923 0.02403846153846154 0.04326923076923077
0 0.3449519230769231 0.46153846153846156 0.021634615384615384 0.046875
0 0.48197115384615385 0.4495192307692308 0.025240384615384616 0.04567307692307692
0 0.20673076923076922 0.42908653846153844 0.036057692307692304 0.030048076923076924
0 0.234375 0.5853365384615384 0.027644230769230768 0.06009615384615385
0 0.16346153846153846 0.4675480769230769 0.03125 0.055288461538461536
0 0.07572115384615384 0.40024038461538464 0.06490384615384616 0.12620192307692307
0 0.06370192307692307 0.22956730769230768 0.014423076923076924 0.025240384615384616
0 0.19471153846153846 0.22115384615384615 0.015625 0.025240384615384616
0 0.24158653846153846 0.24278846153846154 0.015625 0.025240384615384616
0 0.2548076923076923 0.1622596153846154 0.009615384615384616 0.018028846153846152
0 0.2283653846153846 0.15384615384615385 0.009615384615384616 0.015625
0 0.17307692307692307 0.15745192307692307 0.009615384615384616 0.015625
0 0.12740384615384615 0.1658653846153846 0.007211538461538462 0.015625
0 0.0829326923076923 0.15384615384615385 0.008413461538461538 0.015625
0 0.03245192307692308 0.15745192307692307 0.010817307692307692 0.020432692307692308
0 0.030048076923076924 0.06850961538461539 0.008413461538461538 0.015625
0 0.08653846153846154 0.06971153846153846 0.009615384615384616 0.014423076923076924
0 0.06129807692307692 0.09134615384615384 0.007211538461538462 0.009615384615384616
0 0.11538461538461539 0.057692307692307696 0.007211538461538462 0.015625
0 0.15264423076923078 0.0889423076923077 0.006009615384615385 0.014423076923076924
0 0.21995192307692307 0.078125 0.009615384615384616 0.018028846153846152
0 0.2848557692307692 0.23197115384615385 0.015625 0.027644230769230768
0 0.3125 0.15865384615384615 0.008413461538461538 0.016826923076923076
0 0.3798076923076923 0.2247596153846154 0.014423076923076924 0.02403846153846154
0 0.40024038461538464 0.15985576923076922 0.007211538461538462 0.013221153846153846
0 0.43028846153846156 0.15865384615384615 0.008413461538461538 0.016826923076923076
0 0.42908653846153844 0.2439903846153846 0.014423076923076924 0.020432692307692308
0 0.5024038461538461 0.21995192307692307 0.015625 0.027644230769230768
0 0.49158653846153844 0.1658653846153846 0.008413461538461538 0.014423076923076924
0 0.5324519230769231 0.16706730769230768 0.008413461538461538 0.015625
0 0.5564903846153846 0.18990384615384615 0.013221153846153846 0.02403846153846154
0 0.6322115384615384 0.2283653846153846 0.015625 0.028846153846153848
0 0.5877403846153846 0.16466346153846154 0.008413461538461538 0.016826923076923076
0 0.6117788461538461 0.1466346153846154 0.007211538461538462 0.020432692307692308
0 0.6478365384615384 0.171875 0.009615384615384616 0.016826923076923076
0 0.6766826923076923 0.15745192307692307 0.009615384615384616 0.016826923076923076
0 0.6911057692307693 0.19471153846153846 0.009615384615384616 0.02283653846153846
0 0.7211538461538461 0.22115384615384615 0.010817307692307692 0.028846153846153848
0 0.7860576923076923 0.2247596153846154 0.013221153846153846 0.021634615384615384
0 0.7463942307692307 0.17548076923076922 0.007211538461538462 0.013221153846153846
0 0.7211538461538461 0.16706730769230768 0.009615384615384616 0.016826923076923076
0 0.8389423076923077 0.21153846153846154 0.01201923076923077 0.027644230769230768
0 0.9290865384615384 0.21995192307692307 0.013221153846153846 0.025240384615384616
0 0.9807692307692307 0.1310096153846154 0.009615384615384616 0.020432692307692308
0 0.9423076923076923 0.18269230769230768 0.009615384615384616 0.018028846153846152
0 0.8858173076923077 0.18629807692307693 0.008413461538461538 0.014423076923076924
0 0.9038461538461539 0.16826923076923078 0.007211538461538462 0.014423076923076924
0 0.9026442307692307 0.23557692307692307 0.010817307692307692 0.016826923076923076
0 0.8774038461538461 0.21394230769230768 0.010817307692307692 0.020432692307692308
0 0.8870192307692307 0.22596153846153846 0.007211538461538462 0.013221153846153846
0 0.8569711538461539 0.33533653846153844 0.02403846153846154 0.038461538461538464
0 0.9579326923076923 0.17427884615384615 0.006009615384615385 0.009615384615384616
0 0.8701923076923077 0.16105769230769232 0.007211538461538462 0.01201923076923077
0 0.9927884615384616 0.18629807692307693 0.007211538461538462 0.016826923076923076
0 0.8185096153846154 0.18028846153846154 0.008413461538461538 0.016826923076923076
0 0.78125 0.171875 0.007211538461538462 0.013221153846153846
0 0.7584134615384616 0.18028846153846154 0.007211538461538462 0.013221153846153846
0 0.6213942307692307 0.16105769230769232 0.007211538461538462 0.014423076923076924
0 0.5721153846153846 0.16826923076923078 0.008413461538461538 0.016826923076923076
0 0.47596153846153844 0.1658653846153846 0.007211538461538462 0.009615384615384616
0 0.33052884615384615 0.13942307692307693 0.006009615384615385 0.008413461538461538
0 0.3701923076923077 0.171875 0.007211538461538462 0.008413461538461538
0 0.04447115384615385 0.2403846153846154 0.009615384615384616 0.015625
0 0.006009615384615385 0.2439903846153846 0.01201923076923077 0.03125
0 0.009615384615384616 0.052884615384615384 0.01201923076923077 0.02283653846153846
0 0.18509615384615385 0.0985576923076923 0.007211538461538462 0.014423076923076924
0 0.2403846153846154 0.09014423076923077 0.009615384615384616 0.016826923076923076
0 0.2704326923076923 0.09014423076923077 0.008413461538461538 0.016826923076923076
0 0.29927884615384615 0.14423076923076922 0.006009615384615385 0.013221153846153846
0 0.4483173076923077 0.16826923076923078 0.007211538461538462 0.013221153846153846
0 0.7644230769230769 0.1658653846153846 0.007211538461538462 0.013221153846153846
0 0.8930288461538461 0.20432692307692307 0.006009615384615385 0.01201923076923077
0 0.49278846153846156 0.5769230769230769 0.037259615384615384 0.057692307692307696
0 0.9387019230769231 0.6057692307692307 0.03485576923076923 0.06971153846153846