0 0.10336538461538461 0.6598557692307693 0.016826923076923076 0.054086538461538464
0 0.027644230769230768 0.6370192307692307 0.018028846153846152 0.04447115384615385
0 0.0625 0.5480769230769231 0.018028846153846152 0.042067307692307696
0 0.03245192307692308 0.5288461538461539 0.025240384615384616 0.06971153846153846
0 0.15625 0.49399038461538464 0.026442307692307692 0.051682692307692304
0 0.18028846153846154 0.5204326923076923 0.02283653846153846 0.06490384615384616
0 0.25600961538461536 0.5192307692307693 0.02403846153846154 0.057692307692307696
0 0.2704326923076923 0.5564903846153846 0.018028846153846152 0.05889423076923077
0 0.2403846153846154 0.9098557692307693 0.03125 0.0889423076923077
0 0.2608173076923077 0.5733173076923077 0.018028846153846152 0.040865384615384616
0 0.006009615384615385 0.4387019230769231 0.01201923076923077 0.03365384615384615
0 0.015625 0.43028846153846156 0.02283653846153846 0.03485576923076923
0 0.06971153846153846 0.4050480769230769 0.018028846153846152 0.03365384615384615
0 0.13942307692307693 0.40625 0.028846153846153848 0.046875
0 0.12139423076923077 0.35336538461538464 0.026442307692307692 0.03485576923076923
0 0.07572115384615384 0.3125 0.020432692307692308 0.03245192307692308
0 0.13701923076923078 0.33533653846153844 0.018028846153846152 0.03365384615384615
0 0.15264423076923078 0.35697115384615385 0.014423076923076924 0.028846153846153848
0 0.18028846153846154 0.34134615384615385 0.021634615384615384 0.027644230769230768
0 0.21394230769230768 0.3629807692307692 0.026442307692307692 0.040865384615384616
0 0.18870192307692307 0.3870192307692308 0.014423076923076924 0.030048076923076924
0 0.20192307692307693 0.44350961538461536 0.020432692307692308 0.040865384615384616
0 0.08052884615384616 0.4423076923076923 0.025240384615384616 0.03125
0 0.07932692307692307 0.38341346153846156 0.020432692307692308 0.03125
0 0.008413461538461538 0.33533653846153844 0.014423076923076924 0.027644230769230768
0 0.006009615384615385 0.3629807692307692 0.01201923076923077 0.02403846153846154
0 0.02403846153846154 0.3581730769230769 0.01201923076923077 0.015625
0 0.23317307692307693 0.3557692307692308 0.013221153846153846 0.026442307692307692
0 0.2704326923076923 0.36177884615384615 0.02403846153846154 0.030048076923076924
0 0.24519230769230768 0.45913461538461536 0.013221153846153846 0.02403846153846154
0 0.26322115384615385 0.41586538461538464 0.015625 0.03245192307692308
0 0.3858173076923077 0.3786057692307692 0.015625 0.038461538461538464
0 0.3389423076923077 0.3870192307692308 0.019230769230769232 0.03365384615384615
0 0.4170673076923077 0.3473557692307692 0.025240384615384616 0.03365384615384615
0 0.37740384615384615 0.46153846153846156 0.018028846153846152 0.037259615384615384
0 0.48197115384615385 0.40865384615384615 0.027644230769230768 0.04927884615384615
0 0.5288461538461539 0.34134615384615385 0.021634615384615384 0.042067307692307696
0 0.7572115384615384 0.4050480769230769 0.020432692307692308 0.037259615384615384
0 0.6045673076923077 0.4807692307692308 0.027644230769230768 0.09495192307692307
0 0.8677884615384616 0.5432692307692307 0.02403846153846154 0.054086538461538464