0 0.03125 0.21634615384615385 0.013221153846153846 0.03365384615384615
0 0.03365384615384615 0.27163461538461536 0.018028846153846152 0.03485576923076923
0 0.14783653846153846 0.31009615384615385 0.02283653846153846 0.06490384615384616
0 0.17668269230769232 0.265625 0.016826923076923076 0.037259615384615384
0 0.13581730769230768 0.25 0.014423076923076924 0.028846153846153848
0 0.1141826923076923 0.265625 0.015625 0.028846153846153848
0 0.12620192307692307 0.30649038461538464 0.019230769230769232 0.04447115384615385
0 0.12860576923076922 0.21153846153846154 0.010817307692307692 0.021634615384615384
0 0.16947115384615385 0.2091346153846154 0.009615384615384616 0.021634615384615384
0 0.06971153846153846 0.19471153846153846 0.007211538461538462 0.018028846153846152
0 0.07572115384615384 0.27403846153846156 0.015625 0.038461538461538464
0 0.24519230769230768 0.25961538461538464 0.019230769230769232 0.04447115384615385
0 0.20072115384615385 0.25 0.009615384615384616 0.02403846153846154
0 0.18629807692307693 0.21634615384615385 0.007211538461538462 0.03365384615384615
0 0.2848557692307692 0.33052884615384615 0.018028846153846152 0.056490384615384616
0 0.3858173076923077 0.28125 0.014423076923076924 0.04447115384615385
0 0.3425480769230769 0.19951923076923078 0.013221153846153846 0.027644230769230768
0 0.35216346153846156 0.18389423076923078 0.009615384615384616 0.02403846153846154
0 0.4074519230769231 0.2247596153846154 0.01201923076923077 0.03125
0 0.4338942307692308 0.2620192307692308 0.010817307692307692 0.03365384615384615
0 0.44350961538461536 0.2439903846153846 0.013221153846153846 0.038461538461538464
0 0.4723557692307692 0.31971153846153844 0.025240384615384616 0.06490384615384616
0 0.3858173076923077 0.39663461538461536 0.028846153846153848 0.07211538461538461
0 0.5745192307692307 0.32572115384615385 0.015625 0.06009615384615385
0 0.5168269230769231 0.25240384615384615 0.013221153846153846 0.03485576923076923
0 0.5324519230769231 0.19110576923076922 0.009615384615384616 0.021634615384615384
0 0.6334134615384616 0.35336538461538464 0.019230769230769232 0.06850961538461539
0 0.6899038461538461 0.31850961538461536 0.027644230769230768 0.06850961538461539
0 0.7487980769230769 0.2536057692307692 0.016826923076923076 0.04326923076923077
0 0.7740384615384616 0.234375 0.013221153846153846 0.028846153846153848
0 0.7932692307692307 0.45913461538461536 0.015625 0.07451923076923077
0 0.8305288461538461 0.43149038461538464 0.03125 0.07211538461538461
0 0.9447115384615384 0.22235576923076922 0.015625 0.038461538461538464
0 0.9831730769230769 0.3088942307692308 0.014423076923076924 0.05889423076923077
0 0.4723557692307692 0.4651442307692308 0.014423076923076924 0.04326923076923077
0 0.26322115384615385 0.4723557692307692 0.013221153846153846 0.038461538461538464
0 0.4266826923076923 0.20072115384615385 0.009615384615384616 0.021634615384615384
0 0.3112980769230769 0.3557692307692308 0.014423076923076924 0.04447115384615385
0 0.5637019230769231 0.25600961538461536 0.013221153846153846 0.03485576923076923
0 0.5901442307692307 0.2403846153846154 0.01201923076923077 0.03365384615384615
0 0.5204326923076923 0.22235576923076922 0.009615384615384616 0.02403846153846154
0 0.375 0.2127403846153846 0.009615384615384616 0.02403846153846154
0 0.28125 0.25600961538461536 0.013221153846153846 0.03365384615384615
0 0.23918269230769232 0.1778846153846154 0.01201923076923077 0.027644230769230768
0 0.15985576923076922 0.4411057692307692 0.008413461538461538 0.028846153846153848
0 0.0985576923076923 0.18389423076923078 0.006009615384615385 0.01201923076923077
0 0.15745192307692307 0.12259615384615384 0.006009615384615385 0.013221153846153846
0 0.16466346153846154 0.12860576923076922 0.003605769230769231 0.007211538461538462
0 0.0625 0.19110576923076922 0.003605769230769231 0.007211538461538462
0 0.055288461538461536 0.1971153846153846 0.006009615384615385 0.013221153846153846
0 0.021634615384615384 0.15985576923076922 0.004807692307692308 0.01201923076923077
0 0.0889423076923077 0.1935096153846154 0.006009615384615385 0.009615384615384616
0 0.3954326923076923 0.33653846153846156 0.01201923076923077 0.027644230769230768
0 0.28966346153846156 0.18389423076923078 0.007211538461538462 0.021634615384615384
0 0.2860576923076923 0.2091346153846154 0.007211538461538462 0.018028846153846152
0 0.016826923076923076 0.18389423076923078 0.009615384615384616 0.02403846153846154
0 0.008413461538461538 0.23076923076923078 0.009615384615384616 0.025240384615384616