0 0.9459134615384616 0.9278846153846154 0.05048076923076923 0.08774038461538461
0 0.8930288461538461 0.9471153846153846 0.028846153846153848 0.04807692307692308
0 0.8509615384615384 0.8557692307692307 0.018028846153846152 0.03485576923076923
0 0.8389423076923077 0.7572115384615384 0.008413461538461538 0.015625
0 0.8040865384615384 0.7776442307692307 0.010817307692307692 0.019230769230769232
0 0.7415865384615384 0.7379807692307693 0.007211538461538462 0.014423076923076924
0 0.7163461538461539 0.8197115384615384 0.007211538461538462 0.013221153846153846
0 0.6911057692307693 0.8040865384615384 0.013221153846153846 0.015625
0 0.7259615384615384 0.8233173076923077 0.009615384615384616 0.020432692307692308
0 0.7307692307692307 0.9158653846153846 0.008413461538461538 0.02403846153846154
0 0.6634615384615384 0.8401442307692307 0.013221153846153846 0.021634615384615384
0 0.6514423076923077 0.8497596153846154 0.010817307692307692 0.02403846153846154
0 0.6310096153846154 0.8569711538461539 0.010817307692307692 0.021634615384615384
0 0.5961538461538461 0.8425480769230769 0.01201923076923077 0.021634615384615384
0 0.6382211538461539 0.7740384615384616 0.010817307692307692 0.014423076923076924
0 0.6790865384615384 0.7584134615384616 0.008413461538461538 0.014423076923076924
0 0.5625 0.875 0.013221153846153846 0.020432692307692308
0 0.6298076923076923 0.9290865384615384 0.010817307692307692 0.021634615384615384
0 0.5444711538461539 0.8822115384615384 0.01201923076923077 0.018028846153846152
0 0.5300480769230769 0.8894230769230769 0.008413461538461538 0.021634615384615384
0 0.75 0.9627403846153846 0.02283653846153846 0.055288461538461536
0 0.8413461538461539 0.7079326923076923 0.010817307692307692 0.014423076923076924