0 0.9230769230769231 0.5324519230769231 0.04927884615384615 0.09375
0 0.9134615384615384 0.4855769230769231 0.042067307692307696 0.0673076923076923
0 0.9927884615384616 0.5012019230769231 0.013221153846153846 0.07572115384615384
0 0.9543269230769231 0.47475961538461536 0.03365384615384615 0.06850961538461539
0 0.8317307692307693 0.5288461538461539 0.040865384615384616 0.09375
0 0.7704326923076923 0.4567307692307692 0.039663461538461536 0.057692307692307696
0 0.7704326923076923 0.5240384615384616 0.040865384615384616 0.0733173076923077
0 0.6454326923076923 0.5685096153846154 0.05048076923076923 0.09254807692307693
0 0.7139423076923077 0.47475961538461536 0.018028846153846152 0.026442307692307692
0 0.6911057692307693 0.4495192307692308 0.03365384615384615 0.07211538461538461
0 0.6514423076923077 0.5036057692307693 0.04447115384615385 0.07211538461538461
0 0.6009615384615384 0.49158653846153844 0.04447115384615385 0.07211538461538461
0 0.5 0.5036057692307693 0.04567307692307692 0.0889423076923077
0 0.40625 0.4230769230769231 0.03485576923076923 0.0625
0 0.38822115384615385 0.5180288461538461 0.046875 0.0985576923076923
0 0.4254807692307692 0.5384615384615384 0.04447115384615385 0.08173076923076923
0 0.49399038461538464 0.43028846153846156 0.02403846153846154 0.040865384615384616
0 0.3798076923076923 0.4639423076923077 0.03365384615384615 0.040865384615384616
0 0.3125 0.46033653846153844 0.04807692307692308 0.0889423076923077
0 0.3389423076923077 0.5012019230769231 0.039663461538461536 0.06490384615384616
0 0.19831730769230768 0.48197115384615385 0.054086538461538464 0.07451923076923077
0 0.15264423076923078 0.484375 0.039663461538461536 0.06850961538461539
0 0.22115384615384615 0.4423076923076923 0.028846153846153848 0.04927884615384615
0 0.04567307692307692 0.5685096153846154 0.05048076923076923 0.09975961538461539
0 0.0733173076923077 0.4987980769230769 0.055288461538461536 0.09254807692307693
0 0.6634615384615384 0.8990384615384616 0.026442307692307692 0.08774038461538461