0 0.6826923076923077 0.6310096153846154 0.030048076923076924 0.054086538461538464
0 0.9711538461538461 0.8509615384615384 0.055288461538461536 0.07932692307692307
0 0.8052884615384616 0.6502403846153846 0.038461538461538464 0.06129807692307692
0 0.9603365384615384 0.5456730769230769 0.030048076923076924 0.05889423076923077
0 0.8954326923076923 0.5697115384615384 0.028846153846153848 0.055288461538461536
0 0.9663461538461539 0.4651442307692308 0.019230769230769232 0.036057692307692304
0 0.9230769230769231 0.49278846153846156 0.026442307692307692 0.04567307692307692
0 0.8798076923076923 0.46153846153846156 0.016826923076923076 0.028846153846153848
0 0.9038461538461539 0.44471153846153844 0.018028846153846152 0.03245192307692308
0 0.9939903846153846 0.4483173076923077 0.009615384615384616 0.03365384615384615
0 0.9903846153846154 0.39302884615384615 0.014423076923076924 0.026442307692307692
0 0.9519230769230769 0.3942307692307692 0.013221153846153846 0.02283653846153846
0 0.8942307692307693 0.39783653846153844 0.013221153846153846 0.02283653846153846
0 0.9170673076923077 0.39663461538461536 0.008413461538461538 0.014423076923076924
0 0.9266826923076923 0.3713942307692308 0.008413461538461538 0.015625
0 0.9711538461538461 0.3786057692307692 0.009615384615384616 0.019230769230769232
0 0.9891826923076923 0.3641826923076923 0.008413461538461538 0.014423076923076924
0 0.9951923076923077 0.35096153846153844 0.007211538461538462 0.014423076923076924
0 0.9591346153846154 0.3641826923076923 0.008413461538461538 0.015625
0 0.96875 0.34975961538461536 0.007211538461538462 0.013221153846153846
0 0.9879807692307693 0.3269230769230769 0.007211538461538462 0.01201923076923077
0 0.9350961538461539 0.3449519230769231 0.007211538461538462 0.015625
0 0.921875 0.35336538461538464 0.006009615384615385 0.014423076923076924
0 0.90625 0.3473557692307692 0.008413461538461538 0.015625
0 0.8834134615384616 0.35216346153846156 0.01201923076923077 0.020432692307692308
0 0.8701923076923077 0.38341346153846156 0.010817307692307692 0.02283653846153846
0 0.8509615384615384 0.39903846153846156 0.013221153846153846 0.025240384615384616
0 0.8269230769230769 0.43028846153846156 0.015625 0.026442307692307692
0 0.9459134615384616 0.3269230769230769 0.007211538461538462 0.013221153846153846
0 0.8966346153846154 0.3329326923076923 0.007211538461538462 0.013221153846153846
0 0.8810096153846154 0.31850961538461536 0.007211538461538462 0.010817307692307692
0 0.9002403846153846 0.2920673076923077 0.007211538461538462 0.01201923076923077
0 0.8641826923076923 0.3581730769230769 0.008413461538461538 0.013221153846153846
0 0.859375 0.3425480769230769 0.008413461538461538 0.014423076923076924
0 0.8677884615384616 0.3161057692307692 0.007211538461538462 0.014423076923076924
0 0.8858173076923077 0.3173076923076923 0.007211538461538462 0.013221153846153846
0 0.8557692307692307 0.3173076923076923 0.006009615384615385 0.01201923076923077
0 0.84375 0.31490384615384615 0.007211538461538462 0.013221153846153846
0 0.8930288461538461 0.30528846153846156 0.006009615384615385 0.010817307692307692
0 0.8028846153846154 0.49759615384615385 0.027644230769230768 0.046875
0 0.8137019230769231 0.4579326923076923 0.016826923076923076 0.03245192307692308
0 0.7271634615384616 0.5264423076923077 0.027644230769230768 0.052884615384615384
0 0.7572115384615384 0.45913461538461536 0.020432692307692308 0.038461538461538464
0 0.8257211538461539 0.36658653846153844 0.01201923076923077 0.020432692307692308
0 0.8040865384615384 0.39903846153846156 0.013221153846153846 0.021634615384615384
0 0.7728365384615384 0.4182692307692308 0.01201923076923077 0.025240384615384616
0 0.7548076923076923 0.4266826923076923 0.014423076923076924 0.02283653846153846
0 0.71875 0.44350961538461536 0.014423076923076924 0.025240384615384616
0 0.7295673076923077 0.4206730769230769 0.013221153846153846 0.027644230769230768
0 0.7608173076923077 0.3762019230769231 0.01201923076923077 0.021634615384615384
0 0.8028846153846154 0.3245192307692308 0.008413461538461538 0.013221153846153846
0 0.7800480769230769 0.359375 0.008413461538461538 0.013221153846153846
0 0.7680288461538461 0.31009615384615385 0.006009615384615385 0.010817307692307692
0 0.7415865384615384 0.3245192307692308 0.006009615384615385 0.008413461538461538
0 0.7451923076923077 0.30288461538461536 0.004807692307692308 0.008413461538461538
0 0.7596153846153846 0.3112980769230769 0.006009615384615385 0.010817307692307692
0 0.75 0.3605769230769231 0.008413461538461538 0.019230769230769232
0 0.7199519230769231 0.38461538461538464 0.01201923076923077 0.019230769230769232
0 0.6899038461538461 0.3798076923076923 0.01201923076923077 0.020432692307692308
0 0.6899038461538461 0.3557692307692308 0.009615384615384616 0.018028846153846152
0 0.6911057692307693 0.3329326923076923 0.007211538461538462 0.013221153846153846
0 0.7319711538461539 0.33653846153846156 0.007211538461538462 0.013221153846153846
0 0.7704326923076923 0.33774038461538464 0.007211538461538462 0.01201923076923077
0 0.7764423076923077 0.3245192307692308 0.004807692307692308 0.010817307692307692
0 0.7692307692307693 0.3233173076923077 0.006009615384615385 0.010817307692307692
0 0.7632211538461539 0.32572115384615385 0.006009615384615385 0.010817307692307692
0 0.7560096153846154 0.3269230769230769 0.004807692307692308 0.007211538461538462
0 0.7475961538461539 0.29086538461538464 0.003605769230769231 0.007211538461538462
0 0.7127403846153846 0.3449519230769231 0.007211538461538462 0.014423076923076924
0 0.7079326923076923 0.31009615384615385 0.006009615384615385 0.01201923076923077
0 0.6959134615384616 0.29927884615384615 0.006009615384615385 0.010817307692307692
0 0.7271634615384616 0.30288461538461536 0.006009615384615385 0.008413461538461538
0 0.7319711538461539 0.3112980769230769 0.006009615384615385 0.010817307692307692
0 0.7427884615384616 0.3088942307692308 0.006009615384615385 0.010817307692307692
0 0.7211538461538461 0.30649038461538464 0.006009615384615385 0.010817307692307692
0 0.7127403846153846 0.2920673076923077 0.004807692307692308 0.010817307692307692
0 0.8569711538461539 0.2956730769230769 0.004807692307692308 0.007211538461538462
0 0.8774038461538461 0.27163461538461536 0.003605769230769231 0.007211538461538462
0 0.8365384615384616 0.27283653846153844 0.004807692307692308 0.008413461538461538
0 0.8173076923076923 0.26802884615384615 0.004807692307692308 0.010817307692307692
0 0.796875 0.2620192307692308 0.004807692307692308 0.010817307692307692
0 0.7379807692307693 0.25841346153846156 0.004807692307692308 0.008413461538461538
0 0.7632211538461539 0.25721153846153844 0.004807692307692308 0.008413461538461538
0 0.546875 0.6875 0.04326923076923077 0.07211538461538461
0 0.6742788461538461 0.4723557692307692 0.027644230769230768 0.04567307692307692
0 0.4675480769230769 0.5817307692307693 0.03365384615384615 0.05889423076923077
0 0.5985576923076923 0.5060096153846154 0.02403846153846154 0.04807692307692308
0 0.6213942307692307 0.47475961538461536 0.018028846153846152 0.025240384615384616
0 0.49278846153846156 0.4891826923076923 0.02283653846153846 0.046875
0 0.5288461538461539 0.46153846153846156 0.021634615384615384 0.038461538461538464
0 0.5625 0.4387019230769231 0.018028846153846152 0.03365384615384615
0 0.45072115384615385 0.4579326923076923 0.018028846153846152 0.03125
0 0.6730769230769231 0.40625 0.015625 0.027644230769230768
0 0.6490384615384616 0.4254807692307692 0.019230769230769232 0.03485576923076923
0 0.6670673076923077 0.3786057692307692 0.010817307692307692 0.015625
0 0.6430288461538461 0.3701923076923077 0.01201923076923077 0.018028846153846152
0 0.5985576923076923 0.4098557692307692 0.016826923076923076 0.03125
0 0.6129807692307693 0.3858173076923077 0.014423076923076924 0.02283653846153846
0 0.6610576923076923 0.33653846153846156 0.008413461538461538 0.014423076923076924
0 0.6394230769230769 0.33653846153846156 0.007211538461538462 0.014423076923076924
0 0.5997596153846154 0.3786057692307692 0.007211538461538462 0.014423076923076924
0 0.6213942307692307 0.3713942307692308 0.007211538461538462 0.008413461538461538
0 0.6201923076923077 0.34615384615384615 0.008413461538461538 0.014423076923076924
0 0.5853365384615384 0.35216346153846156 0.008413461538461538 0.019230769230769232
0 0.5673076923076923 0.41225961538461536 0.016826923076923076 0.025240384615384616
0 0.5637019230769231 0.3641826923076923 0.01201923076923077 0.019230769230769232
0 0.5997596153846154 0.3389423076923077 0.006009615384615385 0.013221153846153846
0 0.5637019230769231 0.3449519230769231 0.008413461538461538 0.014423076923076924
0 0.5552884615384616 0.3557692307692308 0.006009615384615385 0.018028846153846152
0 0.5408653846153846 0.3473557692307692 0.007211538461538462 0.018028846153846152
0 0.6502403846153846 0.32572115384615385 0.007211538461538462 0.01201923076923077
0 0.6814903846153846 0.3161057692307692 0.004807692307692308 0.010817307692307692
0 0.640625 0.31971153846153844 0.006009615384615385 0.010817307692307692
0 0.625 0.31850961538461536 0.007211538461538462 0.010817307692307692
0 0.6237980769230769 0.3317307692307692 0.008413461538461538 0.013221153846153846
0 0.6129807692307693 0.3161057692307692 0.007211538461538462 0.014423076923076924
0 0.5985576923076923 0.31850961538461536 0.008413461538461538 0.01201923076923077
0 0.5697115384615384 0.3233173076923077 0.008413461538461538 0.01201923076923077
0 0.6514423076923077 0.3016826923076923 0.006009615384615385 0.010817307692307692
0 0.6694711538461539 0.3112980769230769 0.004807692307692308 0.010817307692307692
0 0.5276442307692307 0.4254807692307692 0.018028846153846152 0.026442307692307692
0 0.5072115384615384 0.39663461538461536 0.015625 0.026442307692307692
0 0.5048076923076923 0.3641826923076923 0.013221153846153846 0.019230769230769232
0 0.515625 0.35216346153846156 0.01201923076923077 0.019230769230769232
0 0.5480769230769231 0.36538461538461536 0.007211538461538462 0.015625
0 0.5264423076923077 0.34375 0.008413461538461538 0.018028846153846152
0 0.5336538461538461 0.3173076923076923 0.007211538461538462 0.014423076923076924
0 0.5072115384615384 0.3449519230769231 0.008413461538461538 0.014423076923076924
0 0.4807692307692308 0.3870192307692308 0.01201923076923077 0.02283653846153846
0 0.47716346153846156 0.3557692307692308 0.010817307692307692 0.015625
0 0.4855769230769231 0.3449519230769231 0.008413461538461538 0.019230769230769232
0 0.48197115384615385 0.33533653846153844 0.007211538461538462 0.013221153846153846
0 0.49278846153846156 0.3173076923076923 0.006009615384615385 0.013221153846153846
0 0.4579326923076923 0.3737980769230769 0.013221153846153846 0.021634615384615384
0 0.44471153846153844 0.4074519230769231 0.018028846153846152 0.03245192307692308
0 0.4519230769230769 0.34975961538461536 0.009615384615384616 0.018028846153846152
0 0.48197115384615385 0.31971153846153844 0.006009615384615385 0.01201923076923077
0 0.47475961538461536 0.3233173076923077 0.006009615384615385 0.01201923076923077
0 0.44591346153846156 0.33533653846153844 0.007211538461538462 0.013221153846153846
0 0.44350961538461536 0.31971153846153844 0.006009615384615385 0.010817307692307692
0 0.453125 0.33052884615384615 0.007211538461538462 0.013221153846153846
0 0.36538461538461536 0.7295673076923077 0.04927884615384615 0.06490384615384616
0 0.328125 0.5612980769230769 0.03125 0.05889423076923077
0 0.39302884615384615 0.5072115384615384 0.025240384615384616 0.04326923076923077
0 0.2920673076923077 0.515625 0.028846153846153848 0.04927884615384615
0 0.4014423076923077 0.45913461538461536 0.02283653846153846 0.03485576923076923
0 0.3329326923076923 0.4579326923076923 0.020432692307692308 0.038461538461538464
0 0.27884615384615385 0.44471153846153844 0.018028846153846152 0.03125
0 0.359375 0.41225961538461536 0.016826923076923076 0.027644230769230768
0 0.328125 0.4026442307692308 0.014423076923076924 0.027644230769230768
0 0.42427884615384615 0.3870192307692308 0.013221153846153846 0.021634615384615384
0 0.29447115384615385 0.41466346153846156 0.014423076923076924 0.020432692307692308
0 0.39302884615384615 0.3701923076923077 0.01201923076923077 0.021634615384615384
0 0.37259615384615385 0.37740384615384615 0.013221153846153846 0.018028846153846152
0 0.32091346153846156 0.3858173076923077 0.014423076923076924 0.020432692307692308
0 0.2704326923076923 0.4170673076923077 0.013221153846153846 0.020432692307692308
0 0.2800480769230769 0.3713942307692308 0.009615384615384616 0.019230769230769232
0 0.24879807692307693 0.3894230769230769 0.014423076923076924 0.026442307692307692
0 0.2620192307692308 0.3858173076923077 0.013221153846153846 0.021634615384615384
0 0.3545673076923077 0.3762019230769231 0.010817307692307692 0.019230769230769232
0 0.4170673076923077 0.359375 0.009615384615384616 0.014423076923076924
0 0.4230769230769231 0.36538461538461536 0.008413461538461538 0.018028846153846152
0 0.07692307692307693 0.9326923076923077 0.0733173076923077 0.10697115384615384
0 0.0673076923076923 0.7415865384615384 0.04447115384615385 0.07451923076923077
0 0.1971153846153846 0.5769230769230769 0.03485576923076923 0.054086538461538464
0 0.12860576923076922 0.5216346153846154 0.027644230769230768 0.046875
0 0.2247596153846154 0.5060096153846154 0.02403846153846154 0.04326923076923077
0 0.007211538461538462 0.5528846153846154 0.014423076923076924 0.052884615384615384
0 0.19230769230769232 0.4795673076923077 0.02283653846153846 0.040865384615384616
0 0.12860576923076922 0.4519230769230769 0.020432692307692308 0.03365384615384615
0 0.0829326923076923 0.47716346153846156 0.02283653846153846 0.039663461538461536
0 0.03365384615384615 0.4543269230769231 0.02403846153846154 0.038461538461538464
0 0.007211538461538462 0.4254807692307692 0.013221153846153846 0.03125
0 0.10216346153846154 0.42427884615384615 0.018028846153846152 0.028846153846153848
0 0.15504807692307693 0.41346153846153844 0.014423076923076924 0.021634615384615384
0 0.20072115384615385 0.4170673076923077 0.018028846153846152 0.025240384615384616
0 0.0625 0.42427884615384615 0.020432692307692308 0.03245192307692308
0 0.03245192307692308 0.4182692307692308 0.015625 0.025240384615384616
0 0.13341346153846154 0.41466346153846156 0.014423076923076924 0.020432692307692308
0 0.10576923076923077 0.37259615384615385 0.013221153846153846 0.02283653846153846
0 0.078125 0.4026442307692308 0.014423076923076924 0.018028846153846152
0 0.03245192307692308 0.39903846153846156 0.015625 0.02283653846153846
0 0.22956730769230768 0.35216346153846156 0.009615384615384616 0.018028846153846152
0 0.2608173076923077 0.34975961538461536 0.008413461538461538 0.013221153846153846
0 0.25 0.3581730769230769 0.007211538461538462 0.01201923076923077
0 0.18629807692307693 0.35216346153846156 0.01201923076923077 0.020432692307692308
0 0.19951923076923078 0.3473557692307692 0.010817307692307692 0.018028846153846152
0 0.15865384615384615 0.35697115384615385 0.013221153846153846 0.026442307692307692
0 0.13822115384615385 0.35096153846153844 0.014423076923076924 0.021634615384615384
0 0.16826923076923078 0.35096153846153844 0.008413461538461538 0.014423076923076924
0 0.17548076923076922 0.3245192307692308 0.008413461538461538 0.014423076923076924
0 0.21875 0.31971153846153844 0.008413461538461538 0.014423076923076924
0 0.25240384615384615 0.34375 0.007211538461538462 0.014423076923076924
0 0.22115384615384615 0.34375 0.009615384615384616 0.018028846153846152
0 0.24278846153846154 0.32211538461538464 0.006009615384615385 0.01201923076923077
0 0.27283653846153844 0.3425480769230769 0.008413461538461538 0.020432692307692308
0 0.20793269230769232 0.3449519230769231 0.007211538461538462 0.01201923076923077
0 0.20552884615384615 0.3269230769230769 0.006009615384615385 0.01201923076923077
0 0.15745192307692307 0.32211538461538464 0.007211538461538462 0.013221153846153846
0 0.1875 0.32211538461538464 0.007211538461538462 0.013221153846153846
0 0.35336538461538464 0.34975961538461536 0.009615384615384616 0.018028846153846152
0 0.3701923076923077 0.3605769230769231 0.008413461538461538 0.013221153846153846
0 0.3954326923076923 0.3401442307692308 0.008413461538461538 0.018028846153846152
0 0.4206730769230769 0.3389423076923077 0.008413461538461538 0.01201923076923077
0 0.30528846153846156 0.34975961538461536 0.01201923076923077 0.019230769230769232
0 0.29086538461538464 0.34615384615384615 0.008413461538461538 0.015625
0 0.36899038461538464 0.34615384615384615 0.007211538461538462 0.013221153846153846
0 0.40625 0.3473557692307692 0.007211538461538462 0.014423076923076924
0 0.41586538461538464 0.3245192307692308 0.006009615384615385 0.01201923076923077
0 0.4026442307692308 0.3293269230769231 0.006009615384615385 0.010817307692307692
0 0.4050480769230769 0.3112980769230769 0.006009615384615385 0.01201923076923077
0 0.3954326923076923 0.3112980769230769 0.006009615384615385 0.008413461538461538
0 0.3293269230769231 0.3269230769230769 0.007211538461538462 0.013221153846153846
0 0.3137019230769231 0.3317307692307692 0.010817307692307692 0.014423076923076924
0 0.36658653846153844 0.3293269230769231 0.007211538461538462 0.01201923076923077
0 0.3485576923076923 0.3245192307692308 0.007211538461538462 0.010817307692307692
0 0.3425480769230769 0.3269230769230769 0.004807692307692308 0.008413461538461538
0 0.3581730769230769 0.3269230769230769 0.007211538461538462 0.010817307692307692
0 0.3858173076923077 0.3112980769230769 0.004807692307692308 0.010817307692307692
0 0.3870192307692308 0.3293269230769231 0.004807692307692308 0.013221153846153846
0 0.3762019230769231 0.31850961538461536 0.004807692307692308 0.008413461538461538
0 0.36899038461538464 0.3125 0.006009615384615385 0.008413461538461538
0 0.2800480769230769 0.32211538461538464 0.006009615384615385 0.01201923076923077
0 0.27283653846153844 0.31971153846153844 0.004807692307692308 0.008413461538461538
0 0.28966346153846156 0.3161057692307692 0.004807692307692308 0.010817307692307692
0 0.296875 0.3088942307692308 0.004807692307692308 0.01201923076923077
0 0.30649038461538464 0.3112980769230769 0.004807692307692308 0.010817307692307692
0 0.3329326923076923 0.3173076923076923 0.004807692307692308 0.008413461538461538
0 0.42908653846153844 0.3161057692307692 0.004807692307692308 0.008413461538461538
0 0.43149038461538464 0.32572115384615385 0.004807692307692308 0.008413461538461538
0 0.34134615384615385 0.30288461538461536 0.003605769230769231 0.006009615384615385
0 0.375 0.29927884615384615 0.004807692307692308 0.006009615384615385
0 0.3173076923076923 0.3112980769230769 0.003605769230769231 0.007211538461538462
0 0.30528846153846156 0.3016826923076923 0.006009615384615385 0.008413461538461538
0 0.1045673076923077 0.2920673076923077 0.013221153846153846 0.020432692307692308
0 0.1310096153846154 0.27163461538461536 0.008413461538461538 0.015625
0 0.15384615384615385 0.2776442307692308 0.007211538461538462 0.014423076923076924
0 0.09735576923076923 0.27524038461538464 0.008413461538461538 0.013221153846153846
0 0.10697115384615384 0.27524038461538464 0.008413461538461538 0.013221153846153846
0 0.07211538461538461 0.2848557692307692 0.013221153846153846 0.02283653846153846
0 0.08052884615384616 0.27283653846153844 0.01201923076923077 0.021634615384615384
0 0.051682692307692304 0.28125 0.009615384615384616 0.019230769230769232
0 0.040865384615384616 0.27884615384615385 0.01201923076923077 0.02283653846153846
0 0.02403846153846154 0.296875 0.014423076923076924 0.025240384615384616
0 0.02283653846153846 0.2824519230769231 0.013221153846153846 0.020432692307692308
0 0.23197115384615385 0.29927884615384615 0.006009615384615385 0.010817307692307692
0 0.22235576923076922 0.2692307692307692 0.006009615384615385 0.010817307692307692
0 0.18028846153846154 0.2644230769230769 0.007211538461538462 0.01201923076923077
0 0.20072115384615385 0.3016826923076923 0.006009615384615385 0.010817307692307692
0 0.23557692307692307 0.265625 0.003605769230769231 0.007211538461538462
0 0.23197115384615385 0.27283653846153844 0.004807692307692308 0.008413461538461538
0 0.18028846153846154 0.3088942307692308 0.007211538461538462 0.01201923076923077
0 0.15625 0.30528846153846156 0.004807692307692308 0.010817307692307692
0 0.20793269230769232 0.28125 0.003605769230769231 0.007211538461538462
0 0.20673076923076922 0.296875 0.004807692307692308 0.007211538461538462
0 0.25240384615384615 0.3088942307692308 0.007211538461538462 0.01201923076923077
0 0.26322115384615385 0.28966346153846156 0.006009615384615385 0.014423076923076924
0 0.3088942307692308 0.28846153846153844 0.004807692307692308 0.007211538461538462
0 0.3173076923076923 0.27283653846153844 0.003605769230769231 0.007211538461538462
0 0.29447115384615385 0.2956730769230769 0.003605769230769231 0.007211538461538462
0 0.2764423076923077 0.2920673076923077 0.007211538461538462 0.01201923076923077
0 0.27163461538461536 0.3112980769230769 0.004807692307692308 0.007211538461538462
0 0.2920673076923077 0.28365384615384615 0.004807692307692308 0.008413461538461538
0 0.28365384615384615 0.2776442307692308 0.003605769230769231 0.007211538461538462
0 0.3245192307692308 0.27283653846153844 0.002403846153846154 0.004807692307692308
0 0.3425480769230769 0.28966346153846156 0.002403846153846154 0.006009615384615385
0 0.35336538461538464 0.28365384615384615 0.006009615384615385 0.008413461538461538
0 0.31971153846153844 0.2860576923076923 0.003605769230769231 0.007211538461538462
0 0.6923076923076923 0.28125 0.003605769230769231 0.006009615384615385
0 0.6875 0.2824519230769231 0.002403846153846154 0.006009615384615385
0 0.6826923076923077 0.28125 0.004807692307692308 0.006009615384615385
0 0.6766826923076923 0.2776442307692308 0.004807692307692308 0.008413461538461538
0 0.6658653846153846 0.27884615384615385 0.003605769230769231 0.006009615384615385
0 0.6694711538461539 0.27283653846153844 0.002403846153846154 0.006009615384615385
0 0.6742788461538461 0.26802884615384615 0.007211538461538462 0.013221153846153846
0 0.65625 0.25841346153846156 0.002403846153846154 0.004807692307692308
0 0.6514423076923077 0.2776442307692308 0.002403846153846154 0.006009615384615385
0 0.6574519230769231 0.2776442307692308 0.003605769230769231 0.006009615384615385
0 0.65625 0.296875 0.004807692307692308 0.01201923076923077
0 0.6634615384615384 0.30288461538461536 0.006009615384615385 0.014423076923076924
0 0.5072115384615384 0.30528846153846156 0.006009615384615385 0.010817307692307692
0 0.41947115384615385 0.2980769230769231 0.003605769230769231 0.008413461538461538