0 0.028846153846153848 0.3918269230769231 0.03365384615384615 0.06129807692307692
0 0.013221153846153846 0.5865384615384616 0.026442307692307692 0.11658653846153846
0 0.11177884615384616 0.2620192307692308 0.02283653846153846 0.039663461538461536
0 0.1141826923076923 0.3870192307692308 0.03245192307692308 0.055288461538461536
0 0.10697115384615384 0.4579326923076923 0.03245192307692308 0.06610576923076923
0 0.16706730769230768 0.3870192307692308 0.03245192307692308 0.06610576923076923
0 0.14423076923076922 0.3713942307692308 0.02403846153846154 0.03485576923076923
0 0.16706730769230768 0.3112980769230769 0.02403846153846154 0.039663461538461536
0 0.20192307692307693 0.3641826923076923 0.025240384615384616 0.06370192307692307
0 0.21634615384615385 0.2644230769230769 0.02403846153846154 0.04326923076923077
0 0.27524038461538464 0.4182692307692308 0.03125 0.07692307692307693
0 0.23197115384615385 0.4675480769230769 0.03365384615384615 0.078125
0 0.16706730769230768 0.5048076923076923 0.038461538461538464 0.078125
0 0.10817307692307693 0.5576923076923077 0.04807692307692308 0.0829326923076923
0 0.203125 0.7019230769230769 0.04927884615384615 0.10216346153846154
0 0.22235576923076922 0.7572115384615384 0.06370192307692307 0.11658653846153846
0 0.13221153846153846 0.875 0.06971153846153846 0.1201923076923077
0 0.24759615384615385 0.921875 0.06850961538461539 0.1201923076923077
0 0.3401442307692308 0.8605769230769231 0.038461538461538464 0.0829326923076923
0 0.2824519230769231 0.6766826923076923 0.057692307692307696 0.0985576923076923
0 0.3173076923076923 0.5204326923076923 0.04326923076923077 0.07932692307692307
0 0.28846153846153844 0.5384615384615384 0.028846153846153848 0.07091346153846154
0 0.3641826923076923 0.42908653846153844 0.03245192307692308 0.06370192307692307
0 0.33533653846153844 0.41466346153846156 0.028846153846153848 0.07451923076923077
0 0.3449519230769231 0.3581730769230769 0.02403846153846154 0.04567307692307692
0 0.296875 0.3641826923076923 0.02403846153846154 0.038461538461538464
0 0.31009615384615385 0.3161057692307692 0.02283653846153846 0.046875
0 0.40384615384615385 0.4543269230769231 0.040865384615384616 0.0733173076923077
0 0.38221153846153844 0.5396634615384616 0.04326923076923077 0.08173076923076923
0 0.41947115384615385 0.3701923076923077 0.03485576923076923 0.06971153846153846
0 0.43990384615384615 0.5817307692307693 0.03485576923076923 0.08653846153846154
0 0.43028846153846156 0.5456730769230769 0.038461538461538464 0.07932692307692307
0 0.40024038461538464 0.6045673076923077 0.04927884615384615 0.10096153846153846
0 0.5144230769230769 0.6682692307692307 0.040865384615384616 0.0985576923076923
0 0.515625 0.5733173076923077 0.04927884615384615 0.0985576923076923
0 0.49399038461538464 0.5949519230769231 0.046875 0.07692307692307693
0 0.5408653846153846 0.49278846153846156 0.03485576923076923 0.08533653846153846
0 0.4891826923076923 0.39783653846153844 0.038461538461538464 0.07932692307692307
0 0.5709134615384616 0.44591346153846156 0.03245192307692308 0.051682692307692304
0 0.6021634615384616 0.5048076923076923 0.03125 0.0625
0 0.6514423076923077 0.4987980769230769 0.039663461538461536 0.07451923076923077
0 0.6141826923076923 0.6201923076923077 0.04807692307692308 0.11298076923076923
0 0.6778846153846154 0.6298076923076923 0.04326923076923077 0.09254807692307693
0 0.6081730769230769 0.78125 0.052884615384615384 0.09375
0 0.65625 0.8112980769230769 0.05048076923076923 0.10576923076923077
0 0.6634615384615384 0.9134615384615384 0.05889423076923077 0.12620192307692307
0 0.7055288461538461 0.9170673076923077 0.038461538461538464 0.10576923076923077
0 0.5096153846153846 0.7896634615384616 0.054086538461538464 0.10576923076923077
0 0.5576923076923077 0.6959134615384616 0.039663461538461536 0.09495192307692307
0 0.4579326923076923 0.859375 0.06370192307692307 0.0889423076923077
0 0.5240384615384616 0.9507211538461539 0.08052884615384616 0.09495192307692307
0 0.056490384615384616 0.3557692307692308 0.036057692307692304 0.06610576923076923
0 0.7295673076923077 0.5300480769230769 0.02283653846153846 0.06971153846153846
0 0.7163461538461539 0.75 0.038461538461538464 0.10216346153846154
0 0.7632211538461539 0.59375 0.038461538461538464 0.08173076923076923
0 0.7548076923076923 0.6706730769230769 0.04807692307692308 0.09254807692307693
0 0.7560096153846154 0.7728365384615384 0.046875 0.1045673076923077
0 0.8185096153846154 0.9026442307692307 0.06129807692307692 0.13942307692307693
0 0.9459134615384616 0.7572115384615384 0.052884615384615384 0.1045673076923077
0 0.9014423076923077 0.6514423076923077 0.040865384615384616 0.078125
0 0.8978365384615384 0.75 0.038461538461538464 0.09375
0 0.8389423076923077 0.7151442307692307 0.042067307692307696 0.0889423076923077
0 0.8665865384615384 0.6298076923076923 0.038461538461538464 0.07932692307692307
0 0.9411057692307693 0.4326923076923077 0.030048076923076924 0.078125
0 0.9891826923076923 0.40384615384615385 0.018028846153846152 0.04326923076923077
0 0.9194711538461539 0.390625 0.028846153846153848 0.046875
0 0.8774038461538461 0.3894230769230769 0.026442307692307692 0.046875
0 0.9122596153846154 0.32091346153846156 0.02283653846153846 0.04807692307692308
0 0.9471153846153846 0.2920673076923077 0.016826923076923076 0.055288461538461536
0 0.8954326923076923 0.24639423076923078 0.018028846153846152 0.039663461538461536
0 0.9891826923076923 0.24639423076923078 0.018028846153846152 0.05889423076923077
0 0.8052884615384616 0.4987980769230769 0.03365384615384615 0.08533653846153846