0 0.12259615384615384 0.14423076923076922 0.028846153846153848 0.0625
0 0.13701923076923078 0.15384615384615385 0.03245192307692308 0.07211538461538461
0 0.18028846153846154 0.027644230769230768 0.028846153846153848 0.054086538461538464
0 0.04927884615384615 0.11899038461538461 0.03125 0.06129807692307692
0 0.019230769230769232 0.13701923076923078 0.038461538461538464 0.0673076923076923
0 0.036057692307692304 0.2247596153846154 0.052884615384615384 0.09375
0 0.0673076923076923 0.30649038461538464 0.051682692307692304 0.09375
0 0.09975961538461539 0.3581730769230769 0.06370192307692307 0.10096153846153846
0 0.234375 0.3798076923076923 0.06370192307692307 0.11298076923076923
0 0.19831730769230768 0.265625 0.04927884615384615 0.09254807692307693
0 0.14903846153846154 0.28846153846153844 0.04326923076923077 0.07451923076923077
0 0.24759615384615385 0.21394230769230768 0.038461538461538464 0.07692307692307693
0 0.21394230769230768 0.1935096153846154 0.03125 0.056490384615384616
0 0.23076923076923078 0.12259615384615384 0.036057692307692304 0.0733173076923077
0 0.34375 0.28966346153846156 0.04807692307692308 0.09014423076923077
0 0.4254807692307692 0.33052884615384615 0.040865384615384616 0.09615384615384616
0 0.39302884615384615 0.2512019230769231 0.037259615384615384 0.08173076923076923
0 0.40865384615384615 0.19591346153846154 0.03485576923076923 0.06850961538461539
0 0.38461538461538464 0.16826923076923078 0.03365384615384615 0.05889423076923077
0 0.4495192307692308 0.20192307692307693 0.030048076923076924 0.07932692307692307
0 0.24158653846153846 0.04326923076923077 0.020432692307692308 0.051682692307692304
0 0.2704326923076923 0.04927884615384615 0.021634615384615384 0.04567307692307692
0 0.2956730769230769 0.0673076923076923 0.025240384615384616 0.046875
0 0.390625 0.109375 0.028846153846153848 0.052884615384615384
0 0.43028846153846156 0.07692307692307693 0.028846153846153848 0.06490384615384616
0 0.35216346153846156 0.06850961538461539 0.03245192307692308 0.054086538461538464
0 0.12620192307692307 0.4807692307692308 0.06971153846153846 0.13341346153846154
0 0.042067307692307696 0.6478365384615384 0.07932692307692307 0.15264423076923078
0 0.203125 0.640625 0.07932692307692307 0.14182692307692307
0 0.16947115384615385 0.8581730769230769 0.11057692307692307 0.16105769230769232
0 0.1466346153846154 0.9483173076923077 0.1045673076923077 0.10096153846153846
0 0.33653846153846156 0.9170673076923077 0.10096153846153846 0.1622596153846154
0 0.4387019230769231 0.5252403846153846 0.09134615384615384 0.18389423076923078
0 0.6298076923076923 0.8185096153846154 0.09254807692307693 0.19471153846153846
0 0.4795673076923077 0.3161057692307692 0.04927884615384615 0.10096153846153846
0 0.5180288461538461 0.3557692307692308 0.05048076923076923 0.11057692307692307
0 0.5817307692307693 0.47475961538461536 0.06971153846153846 0.1346153846153846
0 0.6514423076923077 0.6394230769230769 0.08052884615384616 0.15625
0 0.6394230769230769 0.40024038461538464 0.042067307692307696 0.07572115384615384
0 0.5961538461538461 0.31850961538461536 0.04447115384615385 0.10096153846153846
0 0.5564903846153846 0.2980769230769231 0.03245192307692308 0.05889423076923077
0 0.7139423076923077 0.9483173076923077 0.11057692307692307 0.10096153846153846
0 0.9182692307692307 0.90625 0.10817307692307693 0.18509615384615385
0 0.9807692307692307 0.7307692307692307 0.036057692307692304 0.17427884615384615
0 0.7451923076923077 0.6141826923076923 0.07451923076923077 0.15985576923076922
0 0.8990384615384616 0.5480769230769231 0.07572115384615384 0.11899038461538461
0 0.9759615384615384 0.39302884615384615 0.038461538461538464 0.09495192307692307
0 0.9326923076923077 0.33774038461538464 0.05048076923076923 0.08533653846153846
0 0.9555288461538461 0.27524038461538464 0.055288461538461536 0.09375
0 0.8894230769230769 0.265625 0.04807692307692308 0.09615384615384616
0 0.8137019230769231 0.23557692307692307 0.042067307692307696 0.07692307692307693
0 0.7884615384615384 0.20673076923076922 0.038461538461538464 0.07572115384615384
0 0.48197115384615385 0.1502403846153846 0.040865384615384616 0.07211538461538461
0 0.5600961538461539 0.15384615384615385 0.03365384615384615 0.06490384615384616
0 0.4723557692307692 0.08533653846153846 0.018028846153846152 0.040865384615384616
0 0.4723557692307692 0.04567307692307692 0.02403846153846154 0.042067307692307696
0 0.6286057692307693 0.1201923076923077 0.025240384615384616 0.052884615384615384
0 0.6670673076923077 0.09375 0.020432692307692308 0.039663461538461536
0 0.7451923076923077 0.2548076923076923 0.040865384615384616 0.06971153846153846
0 0.7536057692307693 0.29927884615384615 0.030048076923076924 0.06490384615384616
0 0.8185096153846154 0.11538461538461539 0.026442307692307692 0.054086538461538464
0 0.859375 0.056490384615384616 0.020432692307692308 0.036057692307692304
0 0.8100961538461539 0.07451923076923077 0.025240384615384616 0.04567307692307692
0 0.7439903846153846 0.046875 0.02403846153846154 0.04326923076923077
0 0.7728365384615384 0.07932692307692307 0.02283653846153846 0.04807692307692308
0 0.5985576923076923 0.10697115384615384 0.02283653846153846 0.03365384615384615
0 0.5625 0.07572115384615384 0.016826923076923076 0.038461538461538464
0 0.5865384615384616 0.09975961538461539 0.019230769230769232 0.039663461538461536
0 0.5805288461538461 0.042067307692307696 0.019230769230769232 0.036057692307692304
0 0.9711538461538461 0.14903846153846154 0.027644230769230768 0.04927884615384615
0 0.9867788461538461 0.19831730769230768 0.021634615384615384 0.042067307692307696
0 0.9074519230769231 0.020432692307692308 0.019230769230769232 0.038461538461538464
0 0.25600961538461536 0.453125 0.0673076923076923 0.12620192307692307
0 0.8245192307692307 0.53125 0.038461538461538464 0.06850961538461539
0 0.31490384615384615 0.12620192307692307 0.02283653846153846 0.038461538461538464
0 0.49278846153846156 0.08653846153846154 0.03125 0.04567307692307692
0 0.9338942307692307 0.14783653846153846 0.028846153846153848 0.055288461538461536