0 0.020432692307692308 0.5576923076923077 0.009615384615384616 0.014423076923076924
0 0.06009615384615385 0.5805288461538461 0.013221153846153846 0.014423076923076924
0 0.051682692307692304 0.5925480769230769 0.009615384615384616 0.013221153846153846
0 0.038461538461538464 0.6334134615384616 0.01201923076923077 0.02403846153846154
0 0.054086538461538464 0.6466346153846154 0.015625 0.027644230769230768
0 0.03365384615384615 0.7307692307692307 0.038461538461538464 0.0733173076923077
0 0.15865384615384615 0.6346153846153846 0.014423076923076924 0.027644230769230768
0 0.14302884615384615 0.5625 0.01201923076923077 0.025240384615384616
0 0.1141826923076923 0.5733173076923077 0.015625 0.03125
0 0.0985576923076923 0.5685096153846154 0.013221153846153846 0.019230769230769232
0 0.16826923076923078 0.5492788461538461 0.009615384615384616 0.019230769230769232
0 0.19110576923076922 0.53125 0.008413461538461538 0.01201923076923077
0 0.171875 0.5120192307692307 0.006009615384615385 0.01201923076923077
0 0.18870192307692307 0.5108173076923077 0.003605769230769231 0.010817307692307692
0 0.17668269230769232 0.49399038461538464 0.006009615384615385 0.006009615384615385
0 0.15985576923076922 0.4951923076923077 0.003605769230769231 0.007211538461538462
0 0.14783653846153846 0.5 0.004807692307692308 0.006009615384615385
0 0.1935096153846154 0.4891826923076923 0.002403846153846154 0.010817307692307692
0 0.21153846153846154 0.515625 0.007211538461538462 0.010817307692307692
0 0.20673076923076922 0.6129807692307693 0.020432692307692308 0.04447115384615385
0 0.20552884615384615 0.5877403846153846 0.018028846153846152 0.027644230769230768
0 0.23677884615384615 0.6610576923076923 0.03485576923076923 0.07932692307692307
0 0.27884615384615385 0.6334134615384616 0.019230769230769232 0.039663461538461536
0 0.2536057692307692 0.5576923076923077 0.018028846153846152 0.03485576923076923
0 0.28846153846153844 0.5240384615384616 0.013221153846153846 0.025240384615384616
0 0.2704326923076923 0.5180288461538461 0.009615384615384616 0.020432692307692308
0 0.25240384615384615 0.5144230769230769 0.009615384615384616 0.020432692307692308
0 0.2668269230769231 0.49158653846153844 0.007211538461538462 0.014423076923076924
0 0.2848557692307692 0.49158653846153844 0.004807692307692308 0.01201923076923077
0 0.3016826923076923 0.49399038461538464 0.007211538461538462 0.013221153846153846
0 0.32211538461538464 0.484375 0.007211538461538462 0.01201923076923077
0 0.33533653846153844 0.49759615384615385 0.007211538461538462 0.015625
0 0.3557692307692308 0.5108173076923077 0.008413461538461538 0.018028846153846152
0 0.3581730769230769 0.4795673076923077 0.009615384615384616 0.014423076923076924
0 0.38822115384615385 0.5048076923076923 0.013221153846153846 0.025240384615384616
0 0.375 0.4855769230769231 0.009615384615384616 0.018028846153846152
0 0.40024038461538464 0.5552884615384616 0.019230769230769232 0.03365384615384615
0 0.36778846153846156 0.6778846153846154 0.039663461538461536 0.09495192307692307
0 0.35096153846153844 0.6057692307692307 0.028846153846153848 0.05889423076923077
0 0.44471153846153844 0.5288461538461539 0.018028846153846152 0.03485576923076923
0 0.4579326923076923 0.5192307692307693 0.01201923076923077 0.02403846153846154
0 0.4254807692307692 0.49278846153846156 0.013221153846153846 0.020432692307692308
0 0.4050480769230769 0.49399038461538464 0.007211538461538462 0.019230769230769232
0 0.40865384615384615 0.46634615384615385 0.007211538461538462 0.010817307692307692
0 0.44711538461538464 0.4795673076923077 0.009615384615384616 0.021634615384615384
0 0.4375 0.46634615384615385 0.004807692307692308 0.013221153846153846
0 0.47596153846153844 0.46875 0.009615384615384616 0.015625
0 0.5024038461538461 0.5252403846153846 0.009615384615384616 0.019230769230769232
0 0.5228365384615384 0.5012019230769231 0.016826923076923076 0.036057692307692304
0 0.4831730769230769 0.5600961538461539 0.018028846153846152 0.03365384615384615
0 0.46153846153846156 0.6225961538461539 0.021634615384615384 0.040865384615384616
0 0.5685096153846154 0.7247596153846154 0.037259615384615384 0.08774038461538461
0 0.4543269230769231 0.90625 0.06971153846153846 0.17067307692307693
0 0.5757211538461539 0.5889423076923077 0.025240384615384616 0.051682692307692304
0 0.6153846153846154 0.5865384615384616 0.016826923076923076 0.027644230769230768
0 0.6346153846153846 0.6117788461538461 0.03365384615384615 0.06490384615384616
0 0.6105769230769231 0.5012019230769231 0.015625 0.03485576923076923
0 0.6502403846153846 0.46153846153846156 0.018028846153846152 0.03365384615384615
0 0.6911057692307693 0.47836538461538464 0.018028846153846152 0.036057692307692304
0 0.6322115384615384 0.46033653846153844 0.013221153846153846 0.027644230769230768
0 0.6045673076923077 0.4579326923076923 0.013221153846153846 0.028846153846153848
0 0.5853365384615384 0.46153846153846156 0.01201923076923077 0.015625
0 0.5685096153846154 0.4987980769230769 0.014423076923076924 0.03125
0 0.5348557692307693 0.46875 0.010817307692307692 0.025240384615384616
0 0.5108173076923077 0.4735576923076923 0.013221153846153846 0.021634615384615384
0 0.5721153846153846 0.4423076923076923 0.009615384615384616 0.018028846153846152
0 0.6802884615384616 0.4182692307692308 0.009615384615384616 0.01201923076923077
0 0.6971153846153846 0.4483173076923077 0.007211538461538462 0.019230769230769232
0 0.6983173076923077 0.5733173076923077 0.026442307692307692 0.04927884615384615
0 0.5276442307692307 0.44591346153846156 0.006009615384615385 0.010817307692307692
0 0.515625 0.45552884615384615 0.007211538461538462 0.010817307692307692
0 0.6201923076923077 0.44591346153846156 0.007211538461538462 0.014423076923076924
0 0.6983173076923077 0.41947115384615385 0.007211538461538462 0.020432692307692308
0 0.6069711538461539 0.43990384615384615 0.009615384615384616 0.014423076923076924
0 0.5036057692307693 0.453125 0.008413461538461538 0.013221153846153846
0 0.48197115384615385 0.43990384615384615 0.007211538461538462 0.014423076923076924
0 0.5 0.4951923076923077 0.013221153846153846 0.028846153846153848
0 0.8052884615384616 0.6814903846153846 0.0673076923076923 0.11538461538461539
0 0.984375 0.5576923076923077 0.030048076923076924 0.12259615384615384
0 0.859375 0.4675480769230769 0.03245192307692308 0.0625
0 0.7860576923076923 0.48197115384615385 0.04326923076923077 0.07091346153846154
0 0.7235576923076923 0.5084134615384616 0.021634615384615384 0.03485576923076923
0 0.765625 0.47596153846153844 0.018028846153846152 0.038461538461538464
0 0.7319711538461539 0.4579326923076923 0.016826923076923076 0.027644230769230768
0 0.7860576923076923 0.41346153846153844 0.016826923076923076 0.027644230769230768
0 0.8305288461538461 0.42788461538461536 0.018028846153846152 0.027644230769230768
0 0.8545673076923077 0.421875 0.030048076923076924 0.04447115384615385
0 0.9290865384615384 0.40024038461538464 0.025240384615384616 0.038461538461538464
0 0.7211538461538461 0.42427884615384615 0.009615384615384616 0.021634615384615384
0 0.7608173076923077 0.4014423076923077 0.007211538461538462 0.015625
0 0.7247596153846154 0.40024038461538464 0.007211538461538462 0.013221153846153846
0 0.12980769230769232 0.5192307692307693 0.008413461538461538 0.018028846153846152
0 0.15625 0.5216346153846154 0.008413461538461538 0.013221153846153846
0 0.3329326923076923 0.5408653846153846 0.018028846153846152 0.036057692307692304
0 0.22956730769230768 0.5276442307692307 0.010817307692307692 0.03245192307692308