0 0.9927884615384616 0.2980769230769231 0.013221153846153846 0.03245192307692308
0 0.9747596153846154 0.36538461538461536 0.030048076923076924 0.054086538461538464
0 0.8617788461538461 0.23076923076923078 0.039663461538461536 0.0673076923076923
0 0.8413461538461539 0.22235576923076922 0.019230769230769232 0.046875
0 0.7740384615384616 0.22956730769230768 0.03365384615384615 0.05048076923076923
0 0.7295673076923077 0.26802884615384615 0.03245192307692308 0.054086538461538464
0 0.6658653846153846 0.22355769230769232 0.028846153846153848 0.042067307692307696
0 0.6322115384615384 0.24759615384615385 0.02403846153846154 0.037259615384615384
0 0.6069711538461539 0.25721153846153844 0.019230769230769232 0.030048076923076924
0 0.6153846153846154 0.1971153846153846 0.013221153846153846 0.055288461538461536
0 0.5769230769230769 0.3269230769230769 0.03125 0.06490384615384616
0 0.5637019230769231 0.24519230769230768 0.021634615384615384 0.039663461538461536
0 0.5276442307692307 0.2403846153846154 0.020432692307692308 0.036057692307692304
0 0.5036057692307693 0.2283653846153846 0.02283653846153846 0.03485576923076923
0 0.4519230769230769 0.22956730769230768 0.03365384615384615 0.057692307692307696
0 0.5745192307692307 0.17908653846153846 0.015625 0.054086538461538464
0 0.5264423076923077 0.1971153846153846 0.01201923076923077 0.030048076923076924
0 0.5048076923076923 0.18509615384615385 0.009615384615384616 0.025240384615384616
0 0.4891826923076923 0.18269230769230768 0.01201923076923077 0.028846153846153848
0 0.46875 0.1778846153846154 0.010817307692307692 0.03365384615384615
0 0.6045673076923077 0.20793269230769232 0.008413461538461538 0.027644230769230768
0 0.59375 0.21634615384615385 0.013221153846153846 0.028846153846153848
0 0.5180288461538461 0.15264423076923078 0.018028846153846152 0.06129807692307692
0 0.4855769230769231 0.11538461538461539 0.014423076923076924 0.046875
0 0.39783653846153844 0.1814903846153846 0.009615384615384616 0.014423076923076924
0 0.3629807692307692 0.1778846153846154 0.008413461538461538 0.018028846153846152
0 0.3713942307692308 0.14783653846153846 0.01201923076923077 0.025240384615384616
0 0.3894230769230769 0.10697115384615384 0.009615384615384616 0.021634615384615384
0 0.30649038461538464 0.0673076923076923 0.007211538461538462 0.01201923076923077
0 0.3317307692307692 0.06490384615384616 0.008413461538461538 0.015625
0 0.3125 0.03485576923076923 0.009615384615384616 0.02283653846153846
0 0.33052884615384615 0.021634615384615384 0.007211538461538462 0.018028846153846152
0 0.3629807692307692 0.10216346153846154 0.010817307692307692 0.021634615384615384
0 0.3762019230769231 0.10576923076923077 0.01201923076923077 0.027644230769230768
0 0.39903846153846156 0.2644230769230769 0.018028846153846152 0.030048076923076924
0 0.3786057692307692 0.25240384615384615 0.013221153846153846 0.021634615384615384
0 0.3605769230769231 0.2776442307692308 0.018028846153846152 0.028846153846153848
0 0.33413461538461536 0.33774038461538464 0.04326923076923077 0.06490384615384616
0 0.32211538461538464 0.24278846153846154 0.018028846153846152 0.030048076923076924
0 0.27524038461538464 0.30408653846153844 0.018028846153846152 0.03485576923076923
0 0.25 0.2512019230769231 0.028846153846153848 0.057692307692307696
0 0.27163461538461536 0.23076923076923078 0.020432692307692308 0.030048076923076924
0 0.2439903846153846 0.1814903846153846 0.01201923076923077 0.019230769230769232
0 0.234375 0.18028846153846154 0.008413461538461538 0.018028846153846152
0 0.42788461538461536 0.2247596153846154 0.007211538461538462 0.018028846153846152
0 0.4206730769230769 0.22235576923076922 0.008413461538461538 0.018028846153846152
0 0.19951923076923078 0.10216346153846154 0.018028846153846152 0.030048076923076924
0 0.17668269230769232 0.18028846153846154 0.020432692307692308 0.03245192307692308
0 0.18990384615384615 0.2776442307692308 0.020432692307692308 0.039663461538461536
0 0.17668269230769232 0.23557692307692307 0.020432692307692308 0.03485576923076923
0 0.13942307692307693 0.24759615384615385 0.025240384615384616 0.039663461538461536
0 0.11538461538461539 0.25721153846153844 0.02283653846153846 0.040865384615384616
0 0.1141826923076923 0.15144230769230768 0.021634615384615384 0.036057692307692304
0 0.12860576923076922 0.15504807692307693 0.016826923076923076 0.030048076923076924
0 0.7139423076923077 0.25961538461538464 0.026442307692307692 0.04447115384615385