0 0.25721153846153844 0.8473557692307693 0.08774038461538461 0.16826923076923078
0 0.015625 0.6778846153846154 0.030048076923076924 0.14783653846153846
0 0.016826923076923076 0.5853365384615384 0.03365384615384615 0.10096153846153846
0 0.10336538461538461 0.5432692307692307 0.057692307692307696 0.11658653846153846
0 0.2608173076923077 0.7223557692307693 0.038461538461538464 0.0889423076923077
0 0.31009615384615385 0.6887019230769231 0.056490384615384616 0.1141826923076923
0 0.17668269230769232 0.5841346153846154 0.038461538461538464 0.08052884615384616
0 0.13581730769230768 0.5564903846153846 0.03245192307692308 0.07211538461538461
0 0.2764423076923077 0.5697115384615384 0.030048076923076924 0.08173076923076923
0 0.359375 0.5625 0.040865384615384616 0.08533653846153846
0 0.4170673076923077 0.7536057692307693 0.04326923076923077 0.1201923076923077
0 0.05889423076923077 0.5168269230769231 0.03365384615384615 0.06850961538461539
0 0.06971153846153846 0.484375 0.025240384615384616 0.06610576923076923
0 0.12860576923076922 0.40865384615384615 0.020432692307692308 0.054086538461538464
0 0.33052884615384615 0.49759615384615385 0.038461538461538464 0.07572115384615384
0 0.48677884615384615 0.5697115384615384 0.04447115384615385 0.06971153846153846
0 0.46875 0.6862980769230769 0.051682692307692304 0.11298076923076923
0 0.43028846153846156 0.38461538461538464 0.019230769230769232 0.026442307692307692
0 0.6045673076923077 0.6105769230769231 0.04447115384615385 0.109375
0 0.5769230769230769 0.6586538461538461 0.051682692307692304 0.11899038461538461
0 0.6826923076923077 0.5564903846153846 0.028846153846153848 0.0673076923076923
0 0.7427884615384616 0.5228365384615384 0.02403846153846154 0.04807692307692308
0 0.8389423076923077 0.6394230769230769 0.039663461538461536 0.0985576923076923
0 0.7992788461538461 0.5228365384615384 0.021634615384615384 0.051682692307692304
0 0.8617788461538461 0.6117788461538461 0.03245192307692308 0.09254807692307693
0 0.8762019230769231 0.7367788461538461 0.07211538461538461 0.13221153846153846
0 0.7956730769230769 0.7331730769230769 0.07091346153846154 0.09254807692307693
0 0.7367788461538461 0.8125 0.04447115384615385 0.16826923076923078
0 0.5516826923076923 0.7524038461538461 0.08653846153846154 0.140625
0 0.8365384615384616 0.921875 0.09735576923076923 0.15264423076923078
0 0.3954326923076923 0.3088942307692308 0.014423076923076924 0.018028846153846152
0 0.6814903846153846 0.7103365384615384 0.039663461538461536 0.09975961538461539
0 0.7620192307692307 0.6694711538461539 0.057692307692307696 0.10576923076923077
0 0.421875 0.5216346153846154 0.04567307692307692 0.10336538461538461
0 0.5829326923076923 0.46875 0.026442307692307692 0.05889423076923077