0 0.6694711538461539 0.5240384615384616 0.018028846153846152 0.025240384615384616
0 0.4963942307692308 0.43509615384615385 0.010817307692307692 0.020432692307692308
0 0.24519230769230768 0.39903846153846156 0.008413461538461538 0.019230769230769232
0 0.18028846153846154 0.38461538461538464 0.009615384615384616 0.021634615384615384
0 0.2091346153846154 0.40625 0.007211538461538462 0.014423076923076924
0 0.13581730769230768 0.43509615384615385 0.007211538461538462 0.014423076923076924
0 0.19591346153846154 0.4567307692307692 0.007211538461538462 0.014423076923076924
0 0.1658653846153846 0.44591346153846156 0.008413461538461538 0.016826923076923076
0 0.14302884615384615 0.3798076923076923 0.009615384615384616 0.020432692307692308
0 0.33653846153846156 0.4543269230769231 0.009615384615384616 0.020432692307692308
0 0.3473557692307692 0.44471153846153844 0.007211538461538462 0.016826923076923076
0 0.3641826923076923 0.4110576923076923 0.007211538461538462 0.019230769230769232
0 0.41346153846153844 0.5 0.009615384615384616 0.020432692307692308
0 0.43149038461538464 0.48677884615384615 0.007211538461538462 0.015625
0 0.4675480769230769 0.43028846153846156 0.007211538461538462 0.019230769230769232
0 0.4483173076923077 0.4182692307692308 0.010817307692307692 0.025240384615384616
0 0.39903846153846156 0.40024038461538464 0.01201923076923077 0.020432692307692308
0 0.3112980769230769 0.4110576923076923 0.010817307692307692 0.016826923076923076
0 0.4651442307692308 0.49038461538461536 0.008413461538461538 0.020432692307692308
0 0.03125 0.4266826923076923 0.007211538461538462 0.021634615384615384