0 0.06129807692307692 0.28365384615384615 0.007211538461538462 0.009615384615384616
0 0.36658653846153844 0.32572115384615385 0.008413461538461538 0.013221153846153846
0 0.4411057692307692 0.36177884615384615 0.006009615384615385 0.010817307692307692
0 0.4519230769230769 0.3557692307692308 0.007211538461538462 0.013221153846153846
0 0.47475961538461536 0.37259615384615385 0.007211538461538462 0.013221153846153846
0 0.5492788461538461 0.36538461538461536 0.007211538461538462 0.009615384615384616
0 0.36778846153846156 0.53125 0.025240384615384616 0.042067307692307696
0 0.5600961538461539 0.4651442307692308 0.018028846153846152 0.040865384615384616
0 0.4026442307692308 0.421875 0.019230769230769232 0.036057692307692304
0 0.29927884615384615 0.4182692307692308 0.013221153846153846 0.028846153846153848
0 0.515625 0.4567307692307692 0.026442307692307692 0.05048076923076923
0 0.12379807692307693 0.5408653846153846 0.038461538461538464 0.08052884615384616
0 0.8485576923076923 0.4230769230769231 0.014423076923076924 0.021634615384615384
0 0.20673076923076922 0.3870192307692308 0.007211538461538462 0.01201923076923077
0 0.1875 0.4074519230769231 0.006009615384615385 0.009615384615384616
0 0.16826923076923078 0.3870192307692308 0.007211538461538462 0.01201923076923077
0 0.21514423076923078 0.35336538461538464 0.008413461538461538 0.014423076923076924
0 0.2439903846153846 0.3545673076923077 0.010817307692307692 0.014423076923076924
0 0.057692307692307696 0.3076923076923077 0.006009615384615385 0.009615384615384616
0 0.2127403846153846 0.3701923076923077 0.007211538461538462 0.010817307692307692
0 0.9086538461538461 0.41947115384615385 0.018028846153846152 0.025240384615384616
0 0.8930288461538461 0.36538461538461536 0.006009615384615385 0.010817307692307692
0 0.25721153846153844 0.37740384615384615 0.007211538461538462 0.01201923076923077
0 0.05048076923076923 0.4387019230769231 0.009615384615384616 0.02403846153846154
0 0.020432692307692308 0.2692307692307692 0.009615384615384616 0.015625
0 0.052884615384615384 0.28725961538461536 0.007211538461538462 0.015625
0 0.09495192307692307 0.3076923076923077 0.004807692307692308 0.009615384615384616
0 0.3449519230769231 0.32211538461538464 0.007211538461538462 0.01201923076923077
0 0.3858173076923077 0.3762019230769231 0.007211538461538462 0.01201923076923077
0 0.44591346153846156 0.3870192307692308 0.006009615384615385 0.007211538461538462
0 0.40865384615384615 0.3701923076923077 0.003605769230769231 0.007211538461538462
0 0.5961538461538461 0.3641826923076923 0.006009615384615385 0.010817307692307692
0 0.5829326923076923 0.3870192307692308 0.004807692307692308 0.010817307692307692
0 0.59375 0.3870192307692308 0.004807692307692308 0.01201923076923077
0 0.5625 0.36899038461538464 0.007211538461538462 0.010817307692307692
0 0.5649038461538461 0.35096153846153844 0.006009615384615385 0.010817307692307692
0 0.4639423076923077 0.328125 0.003605769230769231 0.006009615384615385
0 0.6033653846153846 0.3605769230769231 0.004807692307692308 0.01201923076923077
0 0.5685096153846154 0.38100961538461536 0.007211538461538462 0.009615384615384616
0 0.8149038461538461 0.3473557692307692 0.008413461538461538 0.013221153846153846
0 0.5817307692307693 0.3401442307692308 0.007211538461538462 0.010817307692307692
0 0.9855769230769231 0.3233173076923077 0.006009615384615385 0.009615384615384616
0 0.8834134615384616 0.34134615384615385 0.007211538461538462 0.01201923076923077
0 0.8461538461538461 0.3485576923076923 0.007211538461538462 0.014423076923076924
0 0.9399038461538461 0.35336538461538464 0.008413461538461538 0.009615384615384616
0 0.9903846153846154 0.35096153846153844 0.006009615384615385 0.010817307692307692
0 0.16947115384615385 0.3173076923076923 0.006009615384615385 0.009615384615384616
0 0.08774038461538461 0.38221153846153844 0.007211538461538462 0.013221153846153846
0 0.17908653846153846 0.3137019230769231 0.004807692307692308 0.009615384615384616
0 0.23317307692307693 0.36778846153846156 0.007211538461538462 0.010817307692307692