0 0.3918269230769231 0.46153846153846156 0.06850961538461539 0.13581730769230768
0 0.2608173076923077 0.43028846153846156 0.056490384615384616 0.08774038461538461
0 0.6105769230769231 0.7632211538461539 0.0625 0.10817307692307693
0 0.7524038461538461 0.7379807692307693 0.03245192307692308 0.06490384615384616
0 0.9627403846153846 0.8125 0.04927884615384615 0.09134615384615384
0 0.5240384615384616 0.6286057692307693 0.020432692307692308 0.036057692307692304
0 0.4891826923076923 0.6298076923076923 0.010817307692307692 0.026442307692307692
0 0.12379807692307693 0.609375 0.020432692307692308 0.036057692307692304
0 0.06850961538461539 0.5600961538461539 0.010817307692307692 0.020432692307692308
0 0.052884615384615384 0.5300480769230769 0.010817307692307692 0.019230769230769232
0 0.02403846153846154 0.5324519230769231 0.009615384615384616 0.014423076923076924
0 0.004807692307692308 0.5625 0.008413461538461538 0.018028846153846152
0 0.07091346153846154 0.5204326923076923 0.008413461538461538 0.015625
0 0.0625 0.5132211538461539 0.007211538461538462 0.015625
0 0.10096153846153846 0.5228365384615384 0.008413461538461538 0.013221153846153846
0 0.6670673076923077 0.49399038461538464 0.006009615384615385 0.01201923076923077
0 0.6971153846153846 0.4987980769230769 0.006009615384615385 0.010817307692307692
0 0.7584134615384616 0.4963942307692308 0.008413461538461538 0.01201923076923077
0 0.7920673076923077 0.4963942307692308 0.008413461538461538 0.014423076923076924
0 0.828125 0.4963942307692308 0.009615384615384616 0.016826923076923076
0 0.8713942307692307 0.49759615384615385 0.009615384615384616 0.015625
0 0.9314903846153846 0.4987980769230769 0.007211538461538462 0.019230769230769232
0 0.9495192307692307 0.5 0.007211538461538462 0.01201923076923077
0 0.9783653846153846 0.5 0.008413461538461538 0.014423076923076924
0 0.9975961538461539 0.49278846153846156 0.003605769230769231 0.018028846153846152