0 0.14302884615384615 0.9423076923076923 0.02403846153846154 0.09495192307692307
0 0.15865384615384615 0.9723557692307693 0.028846153846153848 0.051682692307692304
0 0.31971153846153844 0.4855769230769231 0.028846153846153848 0.09254807692307693
0 0.4423076923076923 0.2764423076923077 0.030048076923076924 0.10096153846153846
0 0.039663461538461536 0.9663461538461539 0.036057692307692304 0.06370192307692307
0 0.859375 0.9050480769230769 0.026442307692307692 0.0733173076923077
0 0.8173076923076923 0.7800480769230769 0.028846153846153848 0.07211538461538461
0 0.7439903846153846 0.828125 0.025240384615384616 0.06610576923076923
0 0.6899038461538461 0.8004807692307693 0.028846153846153848 0.07572115384615384
0 0.5877403846153846 0.828125 0.030048076923076924 0.0673076923076923
0 0.5649038461538461 0.8197115384615384 0.028846153846153848 0.07211538461538461
0 0.5528846153846154 0.7139423076923077 0.02283653846153846 0.046875
0 0.4795673076923077 0.7463942307692307 0.026442307692307692 0.06370192307692307
0 0.8641826923076923 0.7295673076923077 0.02403846153846154 0.051682692307692304
0 0.6430288461538461 0.625 0.019230769230769232 0.051682692307692304
0 0.6694711538461539 0.5817307692307693 0.014423076923076924 0.04447115384615385
0 0.36658653846153844 0.6862980769230769 0.028846153846153848 0.056490384615384616
0 0.3641826923076923 0.6057692307692307 0.020432692307692308 0.046875
0 0.06490384615384616 0.5961538461538461 0.021634615384615384 0.038461538461538464
0 0.003605769230769231 0.5973557692307693 0.007211538461538462 0.042067307692307696
0 0.7103365384615384 0.7680288461538461 0.021634615384615384 0.054086538461538464
0 0.6646634615384616 0.6694711538461539 0.019230769230769232 0.042067307692307696
0 0.8725961538461539 0.6574519230769231 0.020432692307692308 0.038461538461538464
0 0.7043269230769231 0.8389423076923077 0.016826923076923076 0.05048076923076923
0 0.8966346153846154 0.8149038461538461 0.02283653846153846 0.057692307692307696
0 0.7115384615384616 0.5276442307692307 0.010817307692307692 0.03125
0 0.9110576923076923 0.49158653846153844 0.008413461538461538 0.025240384615384616
0 0.9302884615384616 0.34615384615384615 0.009615384615384616 0.025240384615384616
0 0.9110576923076923 0.34615384615384615 0.008413461538461538 0.021634615384615384
0 0.9603365384615384 0.3485576923076923 0.008413461538461538 0.025240384615384616
0 0.9326923076923077 0.4579326923076923 0.007211538461538462 0.021634615384615384
0 0.9110576923076923 0.4639423076923077 0.008413461538461538 0.02283653846153846
0 0.8365384615384616 0.44471153846153844 0.010817307692307692 0.025240384615384616
0 0.8882211538461539 0.34975961538461536 0.007211538461538462 0.027644230769230768
0 0.8653846153846154 0.35216346153846156 0.008413461538461538 0.021634615384615384
0 0.8461538461538461 0.3641826923076923 0.009615384615384616 0.021634615384615384
0 0.578125 0.5673076923076923 0.018028846153846152 0.054086538461538464
0 0.7427884615384616 0.3233173076923077 0.009615384615384616 0.027644230769230768
0 0.734375 0.5300480769230769 0.01201923076923077 0.03245192307692308
0 0.4879807692307692 0.4543269230769231 0.007211538461538462 0.02283653846153846
0 0.5889423076923077 0.7019230769230769 0.02283653846153846 0.054086538461538464
0 0.45072115384615385 0.7355769230769231 0.02283653846153846 0.0733173076923077
0 0.34375 0.6033653846153846 0.018028846153846152 0.040865384615384616
0 0.030048076923076924 0.4579326923076923 0.008413461538461538 0.02283653846153846
0 0.9711538461538461 0.33052884615384615 0.008413461538461538 0.02283653846153846
0 0.8485576923076923 0.4891826923076923 0.010817307692307692 0.027644230769230768
0 0.8858173076923077 0.46634615384615385 0.007211538461538462 0.015625
0 0.8233173076923077 0.4891826923076923 0.008413461538461538 0.019230769230769232
0 0.9254807692307693 0.8629807692307693 0.02403846153846154 0.06370192307692307
0 0.7403846153846154 0.7620192307692307 0.02283653846153846 0.056490384615384616
0 0.7091346153846154 0.6610576923076923 0.014423076923076924 0.03245192307692308
0 0.19471153846153846 0.4795673076923077 0.028846153846153848 0.07692307692307693
0 0.04447115384615385 0.5516826923076923 0.018028846153846152 0.038461538461538464
0 0.040865384615384616 0.5228365384615384 0.018028846153846152 0.042067307692307696
0 0.13221153846153846 0.36899038461538464 0.007211538461538462 0.019230769230769232
0 0.7271634615384616 0.31490384615384615 0.007211538461538462 0.019230769230769232
0 0.7632211538461539 0.33653846153846156 0.007211538461538462 0.021634615384615384
0 0.7800480769230769 0.3233173076923077 0.007211538461538462 0.02283653846153846
0 0.796875 0.31971153846153844 0.007211538461538462 0.021634615384615384
0 0.8701923076923077 0.33413461538461536 0.007211538461538462 0.019230769230769232
0 0.7716346153846154 0.4795673076923077 0.01201923076923077 0.025240384615384616
0 0.8653846153846154 0.4639423076923077 0.006009615384615385 0.013221153846153846
0 0.7992788461538461 0.5264423076923077 0.010817307692307692 0.02283653846153846
0 0.796875 0.9639423076923077 0.027644230769230768 0.0673076923076923