0 0.109375 0.8689903846153846 0.008413461538461538 0.026442307692307692
0 0.1045673076923077 0.7896634615384616 0.009615384615384616 0.02283653846153846
0 0.07091346153846154 0.7536057692307693 0.008413461538461538 0.020432692307692308
0 0.1971153846153846 0.9326923076923077 0.013221153846153846 0.021634615384615384
0 0.20793269230769232 0.7848557692307693 0.008413461538461538 0.021634615384615384
0 0.20552884615384615 0.7103365384615384 0.01201923076923077 0.020432692307692308
0 0.08173076923076923 0.6766826923076923 0.010817307692307692 0.021634615384615384
0 0.15264423076923078 0.6935096153846154 0.008413461538461538 0.02283653846153846
0 0.2932692307692308 0.6971153846153846 0.007211538461538462 0.018028846153846152
0 0.24519230769230768 0.7271634615384616 0.008413461538461538 0.021634615384615384
0 0.2824519230769231 0.5444711538461539 0.009615384615384616 0.018028846153846152
0 0.25841346153846156 0.6394230769230769 0.009615384615384616 0.020432692307692308
0 0.19110576923076922 0.5985576923076923 0.009615384615384616 0.020432692307692308
0 0.14783653846153846 0.6430288461538461 0.008413461538461538 0.016826923076923076
0 0.07692307692307693 0.484375 0.007211538461538462 0.018028846153846152
0 0.12259615384615384 0.4495192307692308 0.007211538461538462 0.018028846153846152
0 0.11658653846153846 0.4050480769230769 0.008413461538461538 0.016826923076923076
0 0.15625 0.4170673076923077 0.007211538461538462 0.018028846153846152
0 0.265625 0.6153846153846154 0.007211538461538462 0.016826923076923076
0 0.234375 0.49399038461538464 0.008413461538461538 0.020432692307692308
0 0.17668269230769232 0.3737980769230769 0.010817307692307692 0.018028846153846152
0 0.23918269230769232 0.32211538461538464 0.008413461538461538 0.014423076923076924
0 0.25 0.27283653846153844 0.008413461538461538 0.015625
0 0.17908653846153846 0.24639423076923078 0.010817307692307692 0.016826923076923076
0 0.057692307692307696 0.3173076923076923 0.007211538461538462 0.016826923076923076
0 0.008413461538461538 0.27403846153846156 0.006009615384615385 0.015625
0 0.036057692307692304 0.25721153846153844 0.010817307692307692 0.020432692307692308
0 0.054086538461538464 0.20673076923076922 0.007211538461538462 0.014423076923076924
0 0.09134615384615384 0.19230769230769232 0.010817307692307692 0.020432692307692308
0 0.125 0.2956730769230769 0.010817307692307692 0.014423076923076924
0 0.1971153846153846 0.14783653846153846 0.008413461538461538 0.014423076923076924
0 0.2548076923076923 0.15865384615384615 0.006009615384615385 0.014423076923076924
0 0.24519230769230768 0.1141826923076923 0.008413461538461538 0.018028846153846152
0 0.14543269230769232 0.16826923076923078 0.007211538461538462 0.01201923076923077
0 0.036057692307692304 0.15985576923076922 0.007211538461538462 0.01201923076923077
0 0.07572115384615384 0.14182692307692307 0.008413461538461538 0.015625
0 0.10216346153846154 0.09975961538461539 0.007211538461538462 0.014423076923076924
0 0.125 0.08413461538461539 0.007211538461538462 0.015625
0 0.09975961538461539 0.06610576923076923 0.007211538461538462 0.014423076923076924
0 0.1141826923076923 0.04927884615384615 0.007211538461538462 0.010817307692307692
0 0.06610576923076923 0.04567307692307692 0.007211538461538462 0.01201923076923077
0 0.028846153846153848 0.08774038461538461 0.003605769230769231 0.010817307692307692
0 0.15264423076923078 0.038461538461538464 0.007211538461538462 0.015625
0 0.24158653846153846 0.06129807692307692 0.006009615384615385 0.014423076923076924
0 0.20552884615384615 0.042067307692307696 0.007211538461538462 0.014423076923076924
0 0.13341346153846154 0.015625 0.006009615384615385 0.01201923076923077
0 0.18990384615384615 0.015625 0.007211538461538462 0.015625
0 0.25841346153846156 0.04927884615384615 0.006009615384615385 0.01201923076923077
0 0.09134615384615384 0.0985576923076923 0.006009615384615385 0.009615384615384616
0 0.1466346153846154 0.13822115384615385 0.007211538461538462 0.014423076923076924
0 0.07932692307692307 0.18269230769230768 0.004807692307692308 0.01201923076923077
0 0.046875 0.0829326923076923 0.006009615384615385 0.01201923076923077
0 0.14543269230769232 0.04326923076923077 0.006009615384615385 0.009615384615384616
0 0.48677884615384615 0.9230769230769231 0.013221153846153846 0.02403846153846154
0 0.3858173076923077 0.9387019230769231 0.01201923076923077 0.018028846153846152
0 0.515625 0.6478365384615384 0.009615384615384616 0.015625
0 0.44591346153846156 0.6442307692307693 0.007211538461538462 0.016826923076923076
0 0.38461538461538464 0.6213942307692307 0.01201923076923077 0.020432692307692308
0 0.41947115384615385 0.5276442307692307 0.010817307692307692 0.02283653846153846
0 0.45072115384615385 0.6887019230769231 0.009615384615384616 0.01201923076923077
0 0.47475961538461536 0.5120192307692307 0.006009615384615385 0.014423076923076924
0 0.5252403846153846 0.49278846153846156 0.007211538461538462 0.015625
0 0.33413461538461536 0.5264423076923077 0.009615384615384616 0.02403846153846154
0 0.32211538461538464 0.5372596153846154 0.008413461538461538 0.02283653846153846
0 0.3317307692307692 0.484375 0.010817307692307692 0.014423076923076924
0 0.33413461538461536 0.4579326923076923 0.007211538461538462 0.016826923076923076
0 0.43149038461538464 0.36778846153846156 0.007211538461538462 0.016826923076923076
0 0.44471153846153844 0.36658653846153844 0.007211538461538462 0.018028846153846152
0 0.3401442307692308 0.34975961538461536 0.007211538461538462 0.016826923076923076
0 0.35336538461538464 0.3473557692307692 0.008413461538461538 0.016826923076923076
0 0.31850961538461536 0.3389423076923077 0.006009615384615385 0.015625
0 0.2956730769230769 0.30288461538461536 0.009615384615384616 0.018028846153846152
0 0.3894230769230769 0.3112980769230769 0.008413461538461538 0.015625
0 0.40625 0.27884615384615385 0.007211538461538462 0.015625
0 0.36778846153846156 0.25841346153846156 0.007211538461538462 0.01201923076923077
0 0.3894230769230769 0.265625 0.007211538461538462 0.01201923076923077
0 0.3942307692307692 0.28365384615384615 0.004807692307692308 0.01201923076923077
0 0.3798076923076923 0.2920673076923077 0.007211538461538462 0.01201923076923077
0 0.32572115384615385 0.24879807692307693 0.007211538461538462 0.010817307692307692
0 0.3641826923076923 0.23798076923076922 0.006009615384615385 0.010817307692307692
0 0.3485576923076923 0.22956730769230768 0.007211538461538462 0.016826923076923076
0 0.35216346153846156 0.19951923076923078 0.007211538461538462 0.015625
0 0.3161057692307692 0.22596153846153846 0.007211538461538462 0.015625
0 0.296875 0.23677884615384615 0.007211538461538462 0.007211538461538462
0 0.3076923076923077 0.2692307692307692 0.007211538461538462 0.010817307692307692
0 0.43509615384615385 0.3389423076923077 0.007211538461538462 0.018028846153846152
0 0.44471153846153844 0.22956730769230768 0.007211538461538462 0.014423076923076924
0 0.47115384615384615 0.20793269230769232 0.009615384615384616 0.015625
0 0.4735576923076923 0.16947115384615385 0.007211538461538462 0.016826923076923076
0 0.46153846153846156 0.13822115384615385 0.009615384615384616 0.015625
0 0.4230769230769231 0.16947115384615385 0.007211538461538462 0.015625
0 0.40865384615384615 0.17427884615384615 0.007211538461538462 0.010817307692307692
0 0.375 0.15504807692307693 0.009615384615384616 0.015625
0 0.39663461538461536 0.12139423076923077 0.008413461538461538 0.015625
0 0.43028846153846156 0.11899038461538461 0.009615384615384616 0.014423076923076924
0 0.3713942307692308 0.07692307692307693 0.007211538461538462 0.01201923076923077
0 0.3401442307692308 0.0829326923076923 0.007211538461538462 0.015625
0 0.47596153846153844 0.08173076923076923 0.007211538461538462 0.016826923076923076
0 0.3425480769230769 0.06490384615384616 0.007211538461538462 0.014423076923076924
0 0.2764423076923077 0.03485576923076923 0.006009615384615385 0.01201923076923077
0 0.35096153846153844 0.02403846153846154 0.007211538461538462 0.016826923076923076
0 0.4639423076923077 0.038461538461538464 0.006009615384615385 0.014423076923076924
0 0.4206730769230769 0.006009615384615385 0.009615384615384616 0.01201923076923077
0 0.5528846153846154 0.9927884615384616 0.010817307692307692 0.010817307692307692
0 0.703125 0.796875 0.010817307692307692 0.020432692307692308
0 0.8185096153846154 0.7163461538461539 0.007211538461538462 0.015625
0 0.7427884615384616 0.8798076923076923 0.006009615384615385 0.018028846153846152
0 0.7632211538461539 0.7379807692307693 0.007211538461538462 0.014423076923076924
0 0.8245192307692307 0.7752403846153846 0.006009615384615385 0.014423076923076924
0 0.8233173076923077 0.7932692307692307 0.006009615384615385 0.014423076923076924
0 0.9471153846153846 0.8858173076923077 0.007211538461538462 0.020432692307692308
0 0.9867788461538461 0.7860576923076923 0.010817307692307692 0.014423076923076924
0 0.9170673076923077 0.7740384615384616 0.010817307692307692 0.016826923076923076
0 0.9555288461538461 0.6105769230769231 0.009615384615384616 0.016826923076923076
0 0.9711538461538461 0.5949519230769231 0.006009615384615385 0.014423076923076924
0 0.9867788461538461 0.5540865384615384 0.008413461538461538 0.020432692307692308
0 0.8317307692307693 0.5108173076923077 0.008413461538461538 0.016826923076923076
0 0.8449519230769231 0.4879807692307692 0.008413461538461538 0.01201923076923077
0 0.8954326923076923 0.484375 0.008413461538461538 0.016826923076923076
0 0.9266826923076923 0.5120192307692307 0.007211538461538462 0.014423076923076924
0 0.9663461538461539 0.5240384615384616 0.009615384615384616 0.016826923076923076
0 0.9134615384615384 0.5805288461538461 0.004807692307692308 0.014423076923076924
0 0.9615384615384616 0.8233173076923077 0.006009615384615385 0.015625
0 0.6177884615384616 0.4987980769230769 0.004807692307692308 0.014423076923076924
0 0.7235576923076923 0.43028846153846156 0.008413461538461538 0.021634615384615384
0 0.5576923076923077 0.4543269230769231 0.007211538461538462 0.015625
0 0.6694711538461539 0.3858173076923077 0.007211538461538462 0.018028846153846152
0 0.65625 0.3605769230769231 0.007211538461538462 0.016826923076923076
0 0.5288461538461539 0.38461538461538464 0.007211538461538462 0.015625
0 0.6298076923076923 0.3016826923076923 0.007211538461538462 0.015625
0 0.6069711538461539 0.27403846153846156 0.007211538461538462 0.014423076923076924
0 0.5961538461538461 0.2403846153846154 0.007211538461538462 0.014423076923076924
0 0.5324519230769231 0.3076923076923077 0.007211538461538462 0.014423076923076924
0 0.5276442307692307 0.3125 0.006009615384615385 0.010817307692307692
0 0.5649038461538461 0.21394230769230768 0.007211538461538462 0.010817307692307692
0 0.5769230769230769 0.1814903846153846 0.006009615384615385 0.010817307692307692
0 0.6069711538461539 0.17067307692307693 0.007211538461538462 0.014423076923076924
0 0.578125 0.14903846153846154 0.007211538461538462 0.014423076923076924
0 0.5444711538461539 0.13942307692307693 0.008413461538461538 0.015625
0 0.5348557692307693 0.21033653846153846 0.007211538461538462 0.014423076923076924
0 0.5168269230769231 0.125 0.007211538461538462 0.016826923076923076
0 0.546875 0.10096153846153846 0.007211538461538462 0.016826923076923076
0 0.59375 0.13942307692307693 0.007211538461538462 0.015625
0 0.6069711538461539 0.13581730769230768 0.007211538461538462 0.015625
0 0.5985576923076923 0.09975961538461539 0.007211538461538462 0.014423076923076924
0 0.546875 0.06490384615384616 0.008413461538461538 0.016826923076923076
0 0.5192307692307693 0.06610576923076923 0.007211538461538462 0.01201923076923077
0 0.48197115384615385 0.0733173076923077 0.006009615384615385 0.014423076923076924
0 0.49278846153846156 0.0829326923076923 0.006009615384615385 0.015625
0 0.609375 0.056490384615384616 0.007211538461538462 0.015625
0 0.49759615384615385 0.015625 0.007211538461538462 0.01201923076923077
0 0.515625 0.01201923076923077 0.004807692307692308 0.014423076923076924
0 0.6117788461538461 0.03125 0.006009615384615385 0.01201923076923077
0 0.640625 0.006009615384615385 0.006009615384615385 0.01201923076923077
0 0.65625 0.021634615384615384 0.004807692307692308 0.010817307692307692
0 0.6346153846153846 0.07692307692307693 0.006009615384615385 0.014423076923076924
0 0.6201923076923077 0.07211538461538461 0.004807692307692308 0.009615384615384616
0 0.6322115384615384 0.1466346153846154 0.007211538461538462 0.016826923076923076
0 0.6742788461538461 0.15504807692307693 0.007211538461538462 0.015625
0 0.6899038461538461 0.1310096153846154 0.007211538461538462 0.016826923076923076
0 0.6802884615384616 0.09495192307692307 0.006009615384615385 0.01201923076923077
0 0.6586538461538461 0.0889423076923077 0.007211538461538462 0.009615384615384616
0 0.671875 0.06971153846153846 0.007211538461538462 0.014423076923076924
0 0.6754807692307693 0.039663461538461536 0.006009615384615385 0.010817307692307692
0 0.6935096153846154 0.02403846153846154 0.006009615384615385 0.014423076923076924
0 0.6983173076923077 0.09975961538461539 0.007211538461538462 0.01201923076923077
0 0.7127403846153846 0.04567307692307692 0.007211538461538462 0.018028846153846152
0 0.8653846153846154 0.7524038461538461 0.006009615384615385 0.015625
0 0.8918269230769231 0.6754807692307693 0.006009615384615385 0.014423076923076924
0 0.8100961538461539 0.47836538461538464 0.007211538461538462 0.015625
0 0.8317307692307693 0.42788461538461536 0.006009615384615385 0.014423076923076924
0 0.8557692307692307 0.4266826923076923 0.008413461538461538 0.018028846153846152
0 0.9002403846153846 0.4411057692307692 0.009615384615384616 0.015625
0 0.8990384615384616 0.40865384615384615 0.008413461538461538 0.014423076923076924
0 0.9314903846153846 0.41586538461538464 0.009615384615384616 0.021634615384615384
0 0.8197115384615384 0.3786057692307692 0.007211538461538462 0.010817307692307692
0 0.78125 0.4675480769230769 0.008413461538461538 0.01201923076923077
0 0.8605769230769231 0.36658653846153844 0.007211538461538462 0.015625
0 0.9038461538461539 0.3786057692307692 0.006009615384615385 0.016826923076923076
0 0.9182692307692307 0.3954326923076923 0.008413461538461538 0.015625
0 0.9759615384615384 0.390625 0.007211538461538462 0.014423076923076924
0 0.9447115384615384 0.36658653846153844 0.007211538461538462 0.015625
0 0.9375 0.39903846153846156 0.009615384615384616 0.014423076923076924
0 0.9579326923076923 0.3737980769230769 0.006009615384615385 0.015625
0 0.9543269230769231 0.34975961538461536 0.006009615384615385 0.01201923076923077
0 0.890625 0.3425480769230769 0.007211538461538462 0.014423076923076924
0 0.8016826923076923 0.34975961538461536 0.007211538461538462 0.016826923076923076
0 0.8293269230769231 0.3389423076923077 0.008413461538461538 0.015625
0 0.7319711538461539 0.3557692307692308 0.009615384615384616 0.016826923076923076
0 0.7824519230769231 0.33413461538461536 0.007211538461538462 0.014423076923076924
0 0.7764423076923077 0.3016826923076923 0.007211538461538462 0.016826923076923076
0 0.7295673076923077 0.3112980769230769 0.009615384615384616 0.016826923076923076
0 0.7115384615384616 0.28125 0.007211538461538462 0.015625
0 0.7391826923076923 0.2704326923076923 0.008413461538461538 0.016826923076923076
0 0.7956730769230769 0.26802884615384615 0.008413461538461538 0.015625
0 0.8713942307692307 0.26802884615384615 0.007211538461538462 0.015625
0 0.6634615384615384 0.19591346153846154 0.008413461538461538 0.015625
0 0.7007211538461539 0.23557692307692307 0.007211538461538462 0.015625
0 0.703125 0.21514423076923078 0.006009615384615385 0.010817307692307692
0 0.7115384615384616 0.23677884615384615 0.006009615384615385 0.010817307692307692
0 0.6838942307692307 0.23076923076923078 0.006009615384615385 0.014423076923076924
0 0.7584134615384616 0.2512019230769231 0.008413461538461538 0.01201923076923077
0 0.7307692307692307 0.1935096153846154 0.007211538461538462 0.015625
0 0.6382211538461539 0.1935096153846154 0.007211538461538462 0.018028846153846152
0 0.7944711538461539 0.2403846153846154 0.006009615384615385 0.01201923076923077
0 0.7283653846153846 0.10336538461538461 0.008413461538461538 0.014423076923076924
0 0.7127403846153846 0.0985576923076923 0.006009615384615385 0.01201923076923077
0 0.7259615384615384 0.03485576923076923 0.004807692307692308 0.010817307692307692
0 0.78125 0.07091346153846154 0.006009615384615385 0.014423076923076924
0 0.8485576923076923 0.14423076923076922 0.004807692307692308 0.006009615384615385
0 0.8425480769230769 0.1201923076923077 0.006009615384615385 0.01201923076923077
0 0.8581730769230769 0.12259615384615384 0.006009615384615385 0.007211538461538462
0 0.8257211538461539 0.12259615384615384 0.006009615384615385 0.010817307692307692
0 0.8100961538461539 0.14182692307692307 0.006009615384615385 0.01201923076923077
0 0.8004807692307693 0.15264423076923078 0.007211538461538462 0.009615384615384616
0 0.7932692307692307 0.12620192307692307 0.007211538461538462 0.010817307692307692
0 0.7776442307692307 0.11177884615384616 0.006009615384615385 0.01201923076923077
0 0.75 0.0985576923076923 0.004807692307692308 0.010817307692307692
0 0.8389423076923077 0.03485576923076923 0.004807692307692308 0.014423076923076924
0 0.8389423076923077 0.10096153846153846 0.007211538461538462 0.01201923076923077
0 0.8341346153846154 0.1310096153846154 0.007211538461538462 0.01201923076923077
0 0.8161057692307693 0.15264423076923078 0.004807692307692308 0.009615384615384616
0 0.8293269230769231 0.15985576923076922 0.004807692307692308 0.009615384615384616
0 0.859375 0.08173076923076923 0.007211538461538462 0.014423076923076924
0 0.8701923076923077 0.03485576923076923 0.006009615384615385 0.01201923076923077
0 0.8341346153846154 0.015625 0.007211538461538462 0.01201923076923077
0 0.7608173076923077 0.007211538461538462 0.007211538461538462 0.010817307692307692
0 0.7451923076923077 0.02283653846153846 0.007211538461538462 0.01201923076923077
0 0.78125 0.015625 0.008413461538461538 0.01201923076923077
0 0.8413461538461539 0.19951923076923078 0.004807692307692308 0.014423076923076924
0 0.7956730769230769 0.14302884615384615 0.004807692307692308 0.009615384615384616
0 0.8149038461538461 0.125 0.004807692307692308 0.009615384615384616
0 0.8882211538461539 0.10817307692307693 0.006009615384615385 0.01201923076923077
0 0.8822115384615384 0.09975961538461539 0.004807692307692308 0.010817307692307692
0 0.8822115384615384 0.08413461538461539 0.006009615384615385 0.010817307692307692
0 0.9879807692307693 0.7403846153846154 0.007211538461538462 0.014423076923076924
0 0.9675480769230769 0.04567307692307692 0.004807692307692308 0.01201923076923077
0 0.9915865384615384 0.13221153846153846 0.007211538461538462 0.014423076923076924
0 0.9663461538461539 0.1466346153846154 0.007211538461538462 0.010817307692307692
0 0.9627403846153846 0.12620192307692307 0.004807692307692308 0.014423076923076924
0 0.9411057692307693 0.004807692307692308 0.004807692307692308 0.009615384615384616
0 0.9399038461538461 0.039663461538461536 0.007211538461538462 0.009615384615384616
0 0.9975961538461539 0.02403846153846154 0.003605769230769231 0.01201923076923077
0 0.9579326923076923 0.038461538461538464 0.006009615384615385 0.01201923076923077
0 0.9507211538461539 0.03125 0.004807692307692308 0.010817307692307692
0 0.9278846153846154 0.004807692307692308 0.006009615384615385 0.009615384615384616
0 0.9098557692307693 0.006009615384615385 0.007211538461538462 0.01201923076923077
0 0.78125 0.026442307692307692 0.006009615384615385 0.010817307692307692
0 0.8329326923076923 0.06610576923076923 0.004807692307692308 0.010817307692307692
0 0.9194711538461539 0.1814903846153846 0.007211538461538462 0.014423076923076924
0 0.9194711538461539 0.15985576923076922 0.007211538461538462 0.014423076923076924
0 0.890625 0.1201923076923077 0.007211538461538462 0.014423076923076924
0 0.9086538461538461 0.3137019230769231 0.007211538461538462 0.016826923076923076
0 0.9146634615384616 0.27283653846153844 0.007211538461538462 0.01201923076923077
0 0.9182692307692307 0.2932692307692308 0.004807692307692308 0.010817307692307692
0 0.953125 0.2764423076923077 0.004807692307692308 0.014423076923076924
0 0.9050480769230769 0.2091346153846154 0.003605769230769231 0.009615384615384616
0 0.9615384615384616 0.3137019230769231 0.006009615384615385 0.014423076923076924
0 0.9711538461538461 0.2932692307692308 0.006009615384615385 0.01201923076923077
0 0.19831730769230768 0.40625 0.007211538461538462 0.016826923076923076
0 0.23557692307692307 0.47716346153846156 0.008413461538461538 0.020432692307692308
0 0.5048076923076923 0.6033653846153846 0.008413461538461538 0.015625
0 0.5084134615384616 0.5889423076923077 0.006009615384615385 0.016826923076923076
0 0.4723557692307692 0.6165865384615384 0.008413461538461538 0.018028846153846152
0 0.4891826923076923 0.6081730769230769 0.007211538461538462 0.016826923076923076
0 0.4879807692307692 0.6382211538461539 0.006009615384615385 0.016826923076923076
0 0.5036057692307693 0.6165865384615384 0.008413461538461538 0.018028846153846152
0 0.4495192307692308 0.39903846153846156 0.006009615384615385 0.014423076923076924
0 0.5384615384615384 0.35216346153846156 0.007211538461538462 0.014423076923076924
0 0.5108173076923077 0.3112980769230769 0.006009615384615385 0.015625
0 0.5192307692307693 0.3112980769230769 0.006009615384615385 0.01201923076923077
0 0.6862980769230769 0.9879807692307693 0.006009615384615385 0.016826923076923076
0 0.9326923076923077 0.9387019230769231 0.007211538461538462 0.014423076923076924
0 0.28846153846153844 0.8798076923076923 0.013221153846153846 0.014423076923076924