0 0.1141826923076923 0.25721153846153844 0.046875 0.12379807692307693
0 0.21754807692307693 0.30649038461538464 0.08653846153846154 0.15144230769230768
0 0.4375 0.40024038461538464 0.04927884615384615 0.11778846153846154
0 0.6021634615384616 0.4326923076923077 0.057692307692307696 0.09735576923076923
0 0.7680288461538461 0.36177884615384615 0.06971153846153846 0.10576923076923077
0 0.65625 0.47475961538461536 0.04807692307692308 0.08653846153846154
0 0.8125 0.6177884615384616 0.02403846153846154 0.039663461538461536
0 0.8173076923076923 0.5456730769230769 0.02403846153846154 0.039663461538461536
0 0.7848557692307693 0.5600961538461539 0.025240384615384616 0.042067307692307696
0 0.7776442307692307 0.6298076923076923 0.021634615384615384 0.042067307692307696
0 0.8425480769230769 0.6105769230769231 0.025240384615384616 0.042067307692307696
0 0.6177884615384616 0.6177884615384616 0.02403846153846154 0.04567307692307692
0 0.6201923076923077 0.6838942307692307 0.025240384615384616 0.051682692307692304
0 0.5877403846153846 0.6766826923076923 0.02403846153846154 0.04567307692307692
0 0.4362980769230769 0.6286057692307693 0.027644230769230768 0.04567307692307692
0 0.453125 0.7055288461538461 0.027644230769230768 0.051682692307692304
0 0.4182692307692308 0.7091346153846154 0.027644230769230768 0.04807692307692308
0 0.3954326923076923 0.6394230769230769 0.027644230769230768 0.046875
0 0.37740384615384615 0.7103365384615384 0.02283653846153846 0.042067307692307696
0 0.4855769230769231 0.7067307692307693 0.018028846153846152 0.04807692307692308
0 0.4723557692307692 0.6370192307692307 0.021634615384615384 0.04326923076923077
0 0.46875 0.5673076923076923 0.018028846153846152 0.04927884615384615
0 0.23197115384615385 0.5769230769230769 0.036057692307692304 0.06009615384615385
0 0.24759615384615385 0.671875 0.030048076923076924 0.06850961538461539
0 0.2091346153846154 0.6658653846153846 0.027644230769230768 0.06009615384615385
0 0.26802884615384615 0.5288461538461539 0.030048076923076924 0.06009615384615385
0 0.9903846153846154 0.4074519230769231 0.016826923076923076 0.08653846153846154