0 0.15745192307692307 0.33774038461538464 0.015625 0.04326923076923077
0 0.1875 0.3545673076923077 0.013221153846153846 0.028846153846153848
0 0.23076923076923078 0.296875 0.016826923076923076 0.039663461538461536
0 0.3016826923076923 0.43028846153846156 0.016826923076923076 0.040865384615384616
0 0.32211538461538464 0.41947115384615385 0.010817307692307692 0.03365384615384615
0 0.3293269230769231 0.38461538461538464 0.018028846153846152 0.057692307692307696
0 0.3786057692307692 0.35216346153846156 0.01201923076923077 0.036057692307692304
0 0.4326923076923077 0.3473557692307692 0.021634615384615384 0.051682692307692304
0 0.47596153846153844 0.3269230769230769 0.016826923076923076 0.05048076923076923
0 0.5228365384615384 0.30528846153846156 0.015625 0.040865384615384616
0 0.5961538461538461 0.296875 0.01201923076923077 0.055288461538461536
0 0.5336538461538461 0.4987980769230769 0.015625 0.040865384615384616
0 0.4375 0.28725961538461536 0.013221153846153846 0.040865384615384616
0 0.6947115384615384 0.31490384615384615 0.02403846153846154 0.06129807692307692
0 0.7331730769230769 0.27524038461538464 0.013221153846153846 0.04326923076923077
0 0.6658653846153846 0.3088942307692308 0.018028846153846152 0.051682692307692304
0 0.7956730769230769 0.3918269230769231 0.026442307692307692 0.07211538461538461
0 0.8293269230769231 0.33653846153846156 0.014423076923076924 0.04326923076923077
0 0.9338942307692307 0.33413461538461536 0.025240384615384616 0.06490384615384616
0 0.9254807692307693 0.28725961538461536 0.010817307692307692 0.036057692307692304
0 0.8846153846153846 0.4170673076923077 0.01201923076923077 0.04326923076923077
0 0.96875 0.28966346153846156 0.01201923076923077 0.03365384615384615
0 0.96875 0.31850961538461536 0.009615384615384616 0.036057692307692304