0 0.8653846153846154 0.27163461538461536 0.007211538461538462 0.056490384615384616
0 0.8305288461538461 0.2860576923076923 0.026442307692307692 0.046875
0 0.9459134615384616 0.2644230769230769 0.020432692307692308 0.036057692307692304
0 0.7824519230769231 0.2932692307692308 0.02283653846153846 0.03485576923076923
0 0.7956730769230769 0.25600961538461536 0.013221153846153846 0.020432692307692308
0 0.7235576923076923 0.3076923076923077 0.028846153846153848 0.04447115384615385
0 0.6923076923076923 0.28725961538461536 0.018028846153846152 0.03245192307692308
0 0.7680288461538461 0.2764423076923077 0.01201923076923077 0.019230769230769232
0 0.7764423076923077 0.25721153846153844 0.010817307692307692 0.016826923076923076
0 0.5901442307692307 0.28125 0.03245192307692308 0.05048076923076923
0 0.6274038461538461 0.2860576923076923 0.02403846153846154 0.037259615384615384
0 0.47115384615384615 0.25961538461538464 0.009615384615384616 0.015625
0 0.5264423076923077 0.2608173076923077 0.007211538461538462 0.013221153846153846
0 0.5360576923076923 0.25 0.006009615384615385 0.009615384615384616
0 0.515625 0.2536057692307692 0.006009615384615385 0.010817307692307692
0 0.38221153846153844 0.30408653846153844 0.030048076923076924 0.042067307692307696
0 0.41586538461538464 0.28365384615384615 0.019230769230769232 0.03245192307692308
0 0.4483173076923077 0.2668269230769231 0.010817307692307692 0.020432692307692308
0 0.36778846153846156 0.24519230769230768 0.004807692307692308 0.01201923076923077
0 0.3581730769230769 0.2704326923076923 0.007211538461538462 0.010817307692307692
0 0.3918269230769231 0.2548076923076923 0.006009615384615385 0.013221153846153846
0 0.2920673076923077 0.27283653846153844 0.02283653846153846 0.038461538461538464
0 0.17548076923076922 0.265625 0.008413461538461538 0.016826923076923076
0 0.1466346153846154 0.2848557692307692 0.014423076923076924 0.02403846153846154
0 0.12740384615384615 0.296875 0.013221153846153846 0.025240384615384616
0 0.06971153846153846 0.27524038461538464 0.019230769230769232 0.03245192307692308
0 0.03365384615384615 0.2776442307692308 0.02283653846153846 0.03485576923076923
0 0.20432692307692307 0.2692307692307692 0.010817307692307692 0.018028846153846152