0 0.13221153846153846 0.34975961538461536 0.02403846153846154 0.06009615384615385
0 0.03125 0.2956730769230769 0.004807692307692308 0.008413461538461538
0 0.078125 0.24639423076923078 0.009615384615384616 0.019230769230769232
0 0.1045673076923077 0.27283653846153844 0.02283653846153846 0.036057692307692304
0 0.16466346153846154 0.2764423076923077 0.010817307692307692 0.02283653846153846
0 0.20673076923076922 0.27163461538461536 0.014423076923076924 0.026442307692307692
0 0.25721153846153844 0.28846153846153844 0.026442307692307692 0.046875
0 0.4423076923076923 0.2247596153846154 0.04927884615384615 0.08052884615384616
0 0.3016826923076923 0.25961538461538464 0.008413461538461538 0.016826923076923076
0 0.5420673076923077 0.23557692307692307 0.021634615384615384 0.03245192307692308
0 0.6009615384615384 0.28365384615384615 0.02403846153846154 0.038461538461538464
0 0.6105769230769231 0.2247596153846154 0.020432692307692308 0.03245192307692308
0 0.6646634615384616 0.24879807692307693 0.014423076923076924 0.026442307692307692
0 0.6862980769230769 0.24519230769230768 0.02403846153846154 0.05048076923076923
0 0.7055288461538461 0.30649038461538464 0.021634615384615384 0.05048076923076923
0 0.7391826923076923 0.29927884615384615 0.06009615384615385 0.125
0 0.8365384615384616 0.23557692307692307 0.02403846153846154 0.036057692307692304
0 0.8966346153846154 0.2764423076923077 0.02403846153846154 0.040865384615384616
0 0.9290865384615384 0.20552884615384615 0.021634615384615384 0.040865384615384616
0 0.8930288461538461 0.21634615384615385 0.015625 0.016826923076923076
0 0.9927884615384616 0.19230769230769232 0.01201923076923077 0.030048076923076924
0 0.9555288461538461 0.21514423076923078 0.016826923076923076 0.03245192307692308
0 0.5180288461538461 0.24759615384615385 0.013221153846153846 0.02403846153846154