0 0.1141826923076923 0.7451923076923077 0.018028846153846152 0.028846153846153848
0 0.010817307692307692 0.7223557692307693 0.021634615384615384 0.03125
0 0.234375 0.6322115384615384 0.016826923076923076 0.026442307692307692
0 0.35697115384615385 0.6490384615384616 0.01201923076923077 0.020432692307692308
0 0.30528846153846156 0.7379807692307693 0.018028846153846152 0.03365384615384615
0 0.24639423076923078 0.8125 0.028846153846153848 0.021634615384615384
0 0.0673076923076923 0.9038461538461539 0.038461538461538464 0.046875
0 0.08173076923076923 0.5997596153846154 0.013221153846153846 0.019230769230769232
0 0.38221153846153844 0.8040865384615384 0.028846153846153848 0.03125
0 0.42427884615384615 0.6838942307692307 0.014423076923076924 0.020432692307692308
0 0.30649038461538464 0.5829326923076923 0.013221153846153846 0.021634615384615384
0 0.36177884615384615 0.5552884615384616 0.009615384615384616 0.018028846153846152
0 0.44350961538461536 0.5637019230769231 0.014423076923076924 0.02283653846153846
0 0.5288461538461539 0.5588942307692307 0.010817307692307692 0.021634615384615384
0 0.515625 0.6382211538461539 0.014423076923076924 0.027644230769230768
0 0.5564903846153846 0.6790865384615384 0.01201923076923077 0.021634615384615384
0 0.4723557692307692 0.6574519230769231 0.013221153846153846 0.015625
0 0.11538461538461539 0.53125 0.008413461538461538 0.01201923076923077
0 0.1658653846153846 0.5240384615384616 0.01201923076923077 0.018028846153846152
0 0.20673076923076922 0.5588942307692307 0.013221153846153846 0.021634615384615384
0 0.04447115384615385 0.5396634615384616 0.009615384615384616 0.013221153846153846
0 0.013221153846153846 0.5552884615384616 0.009615384615384616 0.014423076923076924
0 0.010817307692307692 0.5012019230769231 0.009615384615384616 0.01201923076923077
0 0.020432692307692308 0.4963942307692308 0.007211538461538462 0.01201923076923077
0 0.038461538461538464 0.4831730769230769 0.007211538461538462 0.01201923076923077
0 0.046875 0.4855769230769231 0.007211538461538462 0.010817307692307692
0 0.1622596153846154 0.4987980769230769 0.007211538461538462 0.01201923076923077
0 0.20072115384615385 0.5168269230769231 0.009615384615384616 0.014423076923076924
0 0.21153846153846154 0.45552884615384615 0.007211538461538462 0.010817307692307692
0 0.10096153846153846 0.4423076923076923 0.006009615384615385 0.008413461538461538
0 0.09615384615384616 0.484375 0.007211538461538462 0.014423076923076924
0 0.18629807692307693 0.5084134615384616 0.007211538461538462 0.013221153846153846
0 0.17668269230769232 0.4855769230769231 0.007211538461538462 0.010817307692307692
0 0.17668269230769232 0.45072115384615385 0.006009615384615385 0.01201923076923077
0 0.30649038461538464 0.48197115384615385 0.008413461538461538 0.013221153846153846
0 0.29086538461538464 0.47596153846153844 0.008413461538461538 0.013221153846153846
0 0.30288461538461536 0.5144230769230769 0.008413461538461538 0.014423076923076924
0 0.3918269230769231 0.5372596153846154 0.008413461538461538 0.014423076923076924
0 0.36899038461538464 0.5276442307692307 0.009615384615384616 0.013221153846153846
0 0.33653846153846156 0.5288461538461539 0.008413461538461538 0.015625
0 0.3317307692307692 0.5012019230769231 0.008413461538461538 0.018028846153846152
0 0.39302884615384615 0.4891826923076923 0.009615384615384616 0.015625
0 0.3786057692307692 0.4723557692307692 0.007211538461538462 0.014423076923076924
0 0.41225961538461536 0.5048076923076923 0.010817307692307692 0.018028846153846152
0 0.4182692307692308 0.5168269230769231 0.007211538461538462 0.015625
0 0.43509615384615385 0.48197115384615385 0.007211538461538462 0.013221153846153846
0 0.4579326923076923 0.5036057692307693 0.010817307692307692 0.020432692307692308
0 0.4074519230769231 0.5588942307692307 0.008413461538461538 0.015625
0 0.37740384615384615 0.4230769230769231 0.006009615384615385 0.01201923076923077
0 0.2860576923076923 0.4483173076923077 0.007211538461538462 0.015625
0 0.3737980769230769 0.5012019230769231 0.007211538461538462 0.013221153846153846
0 0.49399038461538464 0.53125 0.013221153846153846 0.019230769230769232
0 0.44711538461538464 0.4579326923076923 0.007211538461538462 0.018028846153846152
0 0.5973557692307693 0.7163461538461539 0.018028846153846152 0.021634615384615384
0 0.6430288461538461 0.7103365384615384 0.019230769230769232 0.026442307692307692
0 0.65625 0.6622596153846154 0.018028846153846152 0.027644230769230768
0 0.7259615384615384 0.6502403846153846 0.018028846153846152 0.03365384615384615
0 0.7620192307692307 0.6189903846153846 0.014423076923076924 0.027644230769230768
0 0.7271634615384616 0.5649038461538461 0.01201923076923077 0.02283653846153846
0 0.6826923076923077 0.5444711538461539 0.01201923076923077 0.021634615384615384
0 0.5661057692307693 0.5384615384615384 0.009615384615384616 0.018028846153846152
0 0.6766826923076923 0.8197115384615384 0.02403846153846154 0.046875
0 0.7403846153846154 0.7199519230769231 0.021634615384615384 0.036057692307692304
0 0.6081730769230769 0.6286057692307693 0.01201923076923077 0.02283653846153846
0 0.8521634615384616 0.8786057692307693 0.06490384615384616 0.09134615384615384
0 0.859375 0.6466346153846154 0.02283653846153846 0.040865384615384616
0 0.8966346153846154 0.625 0.019230769230769232 0.03125
0 0.9387019230769231 0.7139423076923077 0.025240384615384616 0.042067307692307696
0 0.84375 0.5829326923076923 0.016826923076923076 0.03485576923076923
0 0.8389423076923077 0.5456730769230769 0.013221153846153846 0.019230769230769232
0 0.7992788461538461 0.5096153846153846 0.01201923076923077 0.02283653846153846
0 0.8149038461538461 0.4855769230769231 0.009615384615384616 0.018028846153846152
0 0.7932692307692307 0.4567307692307692 0.007211538461538462 0.015625
0 0.8713942307692307 0.5024038461538461 0.010817307692307692 0.014423076923076924
0 0.9867788461538461 0.5036057692307693 0.01201923076923077 0.021634615384615384
0 0.984375 0.4675480769230769 0.013221153846153846 0.026442307692307692
0 0.9387019230769231 0.40865384615384615 0.007211538461538462 0.01201923076923077
0 0.6370192307692307 0.5180288461538461 0.008413461538461538 0.015625
0 0.6766826923076923 0.49038461538461536 0.008413461538461538 0.015625
0 0.7415865384615384 0.4855769230769231 0.009615384615384616 0.018028846153846152
0 0.7175480769230769 0.4387019230769231 0.007211538461538462 0.015625
0 0.7043269230769231 0.6081730769230769 0.01201923076923077 0.025240384615384616
0 0.6358173076923077 0.49158653846153844 0.009615384615384616 0.014423076923076924
0 0.5817307692307693 0.4699519230769231 0.007211538461538462 0.013221153846153846
0 0.49759615384615385 0.48197115384615385 0.007211538461538462 0.013221153846153846
0 0.5264423076923077 0.4831730769230769 0.007211538461538462 0.013221153846153846
0 0.5625 0.5108173076923077 0.007211538461538462 0.013221153846153846
0 0.59375 0.4963942307692308 0.008413461538461538 0.018028846153846152
0 0.8497596153846154 0.4543269230769231 0.007211538461538462 0.013221153846153846
0 0.5925480769230769 0.47596153846153844 0.010817307692307692 0.018028846153846152
0 0.6454326923076923 0.4651442307692308 0.006009615384615385 0.01201923076923077
0 0.38822115384615385 0.44350961538461536 0.008413461538461538 0.015625
0 0.4074519230769231 0.4807692307692308 0.009615384615384616 0.020432692307692308
0 0.25 0.5012019230769231 0.008413461538461538 0.018028846153846152
0 0.055288461538461536 0.5012019230769231 0.009615384615384616 0.013221153846153846