0 0.08413461538461539 0.3485576923076923 0.007211538461538462 0.010817307692307692
0 0.0985576923076923 0.3473557692307692 0.009615384615384616 0.021634615384615384
0 0.08774038461538461 0.390625 0.009615384615384616 0.013221153846153846
0 0.11899038461538461 0.4423076923076923 0.010817307692307692 0.019230769230769232
0 0.15865384615384615 0.4074519230769231 0.010817307692307692 0.019230769230769232
0 0.17668269230769232 0.4411057692307692 0.015625 0.02403846153846154
0 0.2091346153846154 0.3942307692307692 0.013221153846153846 0.026442307692307692
0 0.2668269230769231 0.44471153846153844 0.014423076923076924 0.025240384615384616
0 0.21514423076923078 0.44711538461538464 0.013221153846153846 0.019230769230769232
0 0.1346153846153846 0.38341346153846156 0.01201923076923077 0.015625
0 0.10576923076923077 0.44711538461538464 0.019230769230769232 0.026442307692307692
0 0.15865384615384615 0.36177884615384615 0.01201923076923077 0.019230769230769232
0 0.18028846153846154 0.390625 0.013221153846153846 0.018028846153846152
0 0.051682692307692304 0.4362980769230769 0.01201923076923077 0.019230769230769232
0 0.35096153846153844 0.3713942307692308 0.009615384615384616 0.013221153846153846
0 0.3858173076923077 0.38461538461538464 0.009615384615384616 0.016826923076923076
0 0.33653846153846156 0.4074519230769231 0.01201923076923077 0.013221153846153846
0 0.3076923076923077 0.3713942307692308 0.008413461538461538 0.015625
0 0.3858173076923077 0.4699519230769231 0.018028846153846152 0.028846153846153848
0 0.3954326923076923 0.44471153846153844 0.01201923076923077 0.018028846153846152
0 0.3485576923076923 0.46153846153846156 0.013221153846153846 0.02283653846153846
0 0.29447115384615385 0.4110576923076923 0.013221153846153846 0.025240384615384616
0 0.2956730769230769 0.46274038461538464 0.021634615384615384 0.03485576923076923
0 0.2608173076923077 0.5180288461538461 0.02283653846153846 0.038461538461538464
0 0.4014423076923077 0.5108173076923077 0.018028846153846152 0.03125
0 0.38221153846153844 0.3629807692307692 0.007211538461538462 0.01201923076923077
0 0.29927884615384615 0.33653846153846156 0.013221153846153846 0.015625
0 0.2764423076923077 0.3329326923076923 0.010817307692307692 0.013221153846153846
0 0.4170673076923077 0.3737980769230769 0.013221153846153846 0.019230769230769232
0 0.4326923076923077 0.45072115384615385 0.01201923076923077 0.02283653846153846
0 0.4338942307692308 0.3918269230769231 0.010817307692307692 0.018028846153846152
0 0.4651442307692308 0.3581730769230769 0.008413461538461538 0.01201923076923077
0 0.4483173076923077 0.35216346153846156 0.009615384615384616 0.018028846153846152
0 0.6995192307692307 0.3762019230769231 0.009615384615384616 0.014423076923076924
0 0.7512019230769231 0.45072115384615385 0.018028846153846152 0.03125
0 0.7740384615384616 0.44350961538461536 0.013221153846153846 0.026442307692307692
0 0.8112980769230769 0.3629807692307692 0.010817307692307692 0.016826923076923076
0 0.8341346153846154 0.3786057692307692 0.013221153846153846 0.021634615384615384
0 0.7608173076923077 0.38100961538461536 0.013221153846153846 0.016826923076923076
0 0.7824519230769231 0.36778846153846156 0.010817307692307692 0.016826923076923076
0 0.84375 0.4206730769230769 0.016826923076923076 0.02403846153846154
0 0.6778846153846154 0.38100961538461536 0.013221153846153846 0.013221153846153846
0 0.7295673076923077 0.36538461538461536 0.008413461538461538 0.015625
0 0.7307692307692307 0.41586538461538464 0.013221153846153846 0.018028846153846152
0 0.9050480769230769 0.3701923076923077 0.013221153846153846 0.018028846153846152
0 0.8834134615384616 0.3786057692307692 0.010817307692307692 0.015625
0 0.9086538461538461 0.44471153846153844 0.019230769230769232 0.027644230769230768
0 0.7860576923076923 0.5252403846153846 0.018028846153846152 0.038461538461538464
0 0.8762019230769231 0.5733173076923077 0.021634615384615384 0.05889423076923077
0 0.921875 0.5360576923076923 0.018028846153846152 0.026442307692307692
0 0.8317307692307693 0.47836538461538464 0.019230769230769232 0.03245192307692308
0 0.07932692307692307 0.5516826923076923 0.027644230769230768 0.056490384615384616
0 0.15985576923076922 0.5372596153846154 0.028846153846153848 0.040865384615384616
0 0.11177884615384616 0.5024038461538461 0.026442307692307692 0.037259615384615384
0 0.078125 0.6394230769230769 0.03245192307692308 0.06490384615384616
0 0.26802884615384615 0.6430288461538461 0.03365384615384615 0.06850961538461539
0 0.2980769230769231 0.5564903846153846 0.030048076923076924 0.04807692307692308
0 0.7151442307692307 0.5024038461538461 0.013221153846153846 0.025240384615384616
0 0.3641826923076923 0.5360576923076923 0.02403846153846154 0.038461538461538464
0 0.4170673076923077 0.5793269230769231 0.02403846153846154 0.04807692307692308
0 0.21514423076923078 0.48677884615384615 0.015625 0.03365384615384615
0 0.19951923076923078 0.53125 0.02403846153846154 0.046875