0 0 0 0 0
0 0.91943359375 0.3211805555555556 0.0341796875 0.07118055555555555
0 0.9794921875 0.3211805555555556 0.041015625 0.08854166666666667
0 0.87646484375 0.421875 0.0380859375 0.09027777777777778
0 0.8232421875 0.3576388888888889 0.03515625 0.07118055555555555
0 0.76953125 0.2638888888888889 0.033203125 0.06770833333333333
0 0.85986328125 0.1875 0.0224609375 0.052083333333333336
0 0.90771484375 0.15625 0.0244140625 0.046875
0 0.931640625 0.2673611111111111 0.033203125 0.07465277777777778
0 0.94873046875 0.1388888888888889 0.0166015625 0.036458333333333336
0 0.92822265625 0.1371527777777778 0.0205078125 0.041666666666666664
0 0.8154296875 0.1579861111111111 0.02734375 0.052083333333333336
0 0.82958984375 0.1545138888888889 0.0166015625 0.03819444444444445
0 0.77294921875 0.171875 0.0224609375 0.043402777777777776
0 0.72998046875 0.1840277777777778 0.0224609375 0.043402777777777776
0 0.935546875 0.11284722222222222 0.01171875 0.029513888888888888
0 0.9140625 0.10416666666666667 0.015625 0.03125
0 0.876953125 0.10590277777777778 0.017578125 0.036458333333333336
0 0.8330078125 0.09895833333333333 0.015625 0.03298611111111111
0 0.810546875 0.10069444444444445 0.013671875 0.03298611111111111
0 0.79736328125 0.10069444444444445 0.0166015625 0.03125
0 0.79052734375 0.04861111111111111 0.0107421875 0.024305555555555556
0 0.83056640625 0.046875 0.0107421875 0.024305555555555556
0 0.77587890625 0.125 0.0146484375 0.03819444444444445
0 0.75048828125 0.09375 0.0146484375 0.029513888888888888
0 0.736328125 0.10243055555555555 0.015625 0.03125
0 0.7197265625 0.2708333333333333 0.033203125 0.06770833333333333
0 0.70703125 0.2170138888888889 0.029296875 0.059027777777777776
0 0.71044921875 0.15625 0.0146484375 0.034722222222222224
0 0.70458984375 0.1232638888888889 0.0146484375 0.03298611111111111
0 0.69580078125 0.1076388888888889 0.0166015625 0.034722222222222224
0 0.68115234375 0.07291666666666667 0.0087890625 0.015625
0 0.69873046875 0.06076388888888889 0.0087890625 0.019097222222222224
0 0.6767578125 0.059027777777777776 0.01171875 0.026041666666666668
0 0.63037109375 0.20833333333333334 0.0205078125 0.04861111111111111
0 0.6474609375 0.1840277777777778 0.0234375 0.04513888888888889
0 0.654296875 0.3559027777777778 0.04296875 0.08333333333333333
0 0.66552734375 0.3142361111111111 0.0302734375 0.07118055555555555
0 0.55908203125 0.2690972222222222 0.0361328125 0.06944444444444445
0 0.6005859375 0.1701388888888889 0.025390625 0.050347222222222224
0 0.5771484375 0.2552083333333333 0.021484375 0.0625
0 0.52099609375 0.234375 0.0224609375 0.06076388888888889
0 0.6083984375 0.13541666666666666 0.017578125 0.03819444444444445
0 0.654296875 0.13020833333333334 0.021484375 0.03819444444444445
0 0.65673828125 0.10243055555555555 0.0185546875 0.03819444444444445
0 0.62939453125 0.109375 0.0146484375 0.034722222222222224
0 0.60791015625 0.109375 0.0146484375 0.03298611111111111
0 0.5810546875 0.125 0.01953125 0.03819444444444445
0 0.56103515625 0.1076388888888889 0.0146484375 0.027777777777777776
0 0.537109375 0.15104166666666666 0.015625 0.034722222222222224
0 0.54638671875 0.14756944444444445 0.0126953125 0.03298611111111111
0 0.5185546875 0.171875 0.01953125 0.03993055555555555
0 0.5048828125 0.15104166666666666 0.017578125 0.03819444444444445
0 0.515625 0.1371527777777778 0.01953125 0.036458333333333336
0 0.5380859375 0.1111111111111111 0.01171875 0.029513888888888888
0 0.54150390625 0.08506944444444445 0.0087890625 0.026041666666666668
0 0.55712890625 0.06597222222222222 0.0107421875 0.024305555555555556
0 0.6005859375 0.08680555555555555 0.01171875 0.026041666666666668
0 0.6435546875 0.07118055555555555 0.009765625 0.020833333333333332
0 0.64501953125 0.04513888888888889 0.0087890625 0.019097222222222224
0 0.7490234375 0.3767361111111111 0.03125 0.06770833333333333
0 0.46142578125 0.2725694444444444 0.0380859375 0.06770833333333333
0 0.39453125 0.296875 0.0390625 0.0763888888888889
0 0.4111328125 0.22395833333333334 0.0234375 0.050347222222222224
0 0.48486328125 0.17708333333333334 0.0205078125 0.052083333333333336
0 0.49755859375 0.19444444444444445 0.0166015625 0.046875
0 0.3779296875 0.19618055555555555 0.025390625 0.050347222222222224
0 0.3486328125 0.23958333333333334 0.03125 0.07291666666666667
0 0.31396484375 0.3159722222222222 0.0380859375 0.08333333333333333
0 0.28369140625 0.2326388888888889 0.0263671875 0.052083333333333336
0 0.31640625 0.1736111111111111 0.021484375 0.046875
0 0.34228515625 0.1840277777777778 0.0224609375 0.046875
0 0.3857421875 0.14930555555555555 0.017578125 0.03993055555555555
0 0.4326171875 0.1440972222222222 0.01953125 0.041666666666666664
0 0.47900390625 0.125 0.0166015625 0.03993055555555555
0 0.4931640625 0.03125 0.0078125 0.020833333333333332
0 0.544921875 0.03819444444444445 0.0078125 0.017361111111111112
0 0.38525390625 0.10416666666666667 0.0166015625 0.03298611111111111
0 0.421875 0.10243055555555555 0.01171875 0.027777777777777776
0 0.41650390625 0.07291666666666667 0.0107421875 0.026041666666666668
0 0.43505859375 0.0763888888888889 0.0146484375 0.03125
0 0.322265625 0.11458333333333333 0.015625 0.029513888888888888
0 0.29541015625 0.14583333333333334 0.0224609375 0.04513888888888889
0 0.27001953125 0.15104166666666666 0.0244140625 0.046875
0 0.27587890625 0.08159722222222222 0.0087890625 0.020833333333333332
0 0.30419921875 0.09895833333333333 0.0126953125 0.03298611111111111
0 0.33203125 0.08506944444444445 0.01171875 0.026041666666666668
0 0.55029296875 0.22916666666666666 0.0322265625 0.06770833333333333
0 0.47216796875 0.24131944444444445 0.0263671875 0.06944444444444445
0 0.2626953125 0.19618055555555555 0.021484375 0.041666666666666664
0 0.232421875 0.1736111111111111 0.017578125 0.04513888888888889
0 0.24853515625 0.16319444444444445 0.0146484375 0.036458333333333336
0 0.20703125 0.16493055555555555 0.021484375 0.043402777777777776
0 0.2236328125 0.13541666666666666 0.01953125 0.03993055555555555
0 0.24853515625 0.125 0.0126953125 0.03125
0 0.25390625 0.09375 0.009765625 0.027777777777777776
0 0.2373046875 0.09375 0.01171875 0.026041666666666668
0 0.16748046875 0.16493055555555555 0.0205078125 0.041666666666666664
0 0.1416015625 0.20833333333333334 0.021484375 0.04861111111111111
0 0.19384765625 0.22743055555555555 0.0205078125 0.04861111111111111
0 0.21435546875 0.22569444444444445 0.0185546875 0.046875
0 0.10302734375 0.22395833333333334 0.0263671875 0.057291666666666664
0 0.13623046875 0.171875 0.0185546875 0.046875
0 0.08935546875 0.18229166666666666 0.0205078125 0.04513888888888889
0 0.0751953125 0.13368055555555555 0.021484375 0.041666666666666664
0 0.029296875 0.19791666666666666 0.025390625 0.043402777777777776
0 0.0400390625 0.1440972222222222 0.021484375 0.046875
0 0.02099609375 0.11631944444444445 0.0185546875 0.03993055555555555
0 0.13134765625 0.1284722222222222 0.0126953125 0.027777777777777776
0 0.10009765625 0.109375 0.0126953125 0.026041666666666668
0 0.17431640625 0.11631944444444445 0.0107421875 0.022569444444444444
0 0.17919921875 0.1527777777777778 0.0146484375 0.043402777777777776
0 0.189453125 0.11805555555555555 0.015625 0.03125
0 0.1630859375 0.0920138888888889 0.015625 0.022569444444444444
0 0.140625 0.09375 0.009765625 0.019097222222222224
0 0.15234375 0.125 0.013671875 0.027777777777777776
0 0.21044921875 0.0625 0.0107421875 0.019097222222222224
0 0.1435546875 0.07291666666666667 0.0078125 0.013888888888888888
0 0.08251953125 0.08680555555555555 0.0126953125 0.026041666666666668
0 0.369140625 0.11805555555555555 0.013671875 0.03125
0 0.37744140625 0.06770833333333333 0.0107421875 0.026041666666666668
0 0.28076171875 0.0625 0.0087890625 0.020833333333333332
0 0.35107421875 0.052083333333333336 0.0087890625 0.019097222222222224
0 0.501953125 0.08333333333333333 0.01171875 0.029513888888888888
0 0.60986328125 0.052083333333333336 0.0107421875 0.026041666666666668
0 0.36474609375 0.09895833333333333 0.0146484375 0.029513888888888888
0 0.84130859375 0.2864583333333333 0.0322265625 0.07465277777777778
0 0.0390625 0.8576388888888888 0.078125 0.2829861111111111
0 0.0390625 0.10590277777777778 0.01171875 0.024305555555555556
0 0.005859375 0.10069444444444445 0.01171875 0.027777777777777776
0 0.0068359375 0.1753472222222222 0.013671875 0.041666666666666664
0 0.01513671875 0.2604166666666667 0.0224609375 0.041666666666666664