0 0.6129807692307693 0.4098557692307692 0.039663461538461536 0.08653846153846154
0 0.7836538461538461 0.4266826923076923 0.037259615384615384 0.08413461538461539
0 0.7427884615384616 0.4519230769230769 0.027644230769230768 0.06009615384615385
0 0.5685096153846154 0.38822115384615385 0.036057692307692304 0.07451923076923077
0 0.5324519230769231 0.42788461538461536 0.028846153846153848 0.05889423076923077
0 0.796875 0.3858173076923077 0.02283653846153846 0.09134615384615384
0 0.9579326923076923 0.44471153846153844 0.04447115384615385 0.0829326923076923
0 0.9206730769230769 0.43509615384615385 0.030048076923076924 0.0733173076923077
0 0.890625 0.4074519230769231 0.037259615384615384 0.06490384615384616
0 0.8449519230769231 0.17067307692307693 0.03365384615384615 0.05889423076923077
0 0.8942307692307693 0.20793269230769232 0.039663461538461536 0.055288461538461536
0 0.9591346153846154 0.28125 0.042067307692307696 0.046875
0 0.9891826923076923 0.203125 0.019230769230769232 0.06129807692307692
0 0.4891826923076923 0.45913461538461536 0.040865384615384616 0.078125
0 0.4891826923076923 0.4014423076923077 0.038461538461538464 0.052884615384615384
0 0.4182692307692308 0.40024038461538464 0.038461538461538464 0.07091346153846154
0 0.36899038461538464 0.41586538461538464 0.039663461538461536 0.0733173076923077
0 0.31009615384615385 0.4206730769230769 0.037259615384615384 0.06129807692307692
0 0.35336538461538464 0.3954326923076923 0.03365384615384615 0.06370192307692307
0 0.22235576923076922 0.2247596153846154 0.04447115384615385 0.0733173076923077
0 0.18629807692307693 0.28125 0.03365384615384615 0.07211538461538461
0 0.22235576923076922 0.40024038461538464 0.04447115384615385 0.06490384615384616
0 0.15745192307692307 0.390625 0.03245192307692308 0.08533653846153846
0 0.7079326923076923 0.078125 0.014423076923076924 0.021634615384615384
0 0.6045673076923077 0.23557692307692307 0.007211538461538462 0.01201923076923077
0 0.6105769230769231 0.2512019230769231 0.004807692307692308 0.01201923076923077
0 0.5384615384615384 0.23918269230769232 0.015625 0.021634615384615384
0 0.4855769230769231 0.08052884615384616 0.03245192307692308 0.05889423076923077
0 0.35697115384615385 0.04807692307692308 0.036057692307692304 0.057692307692307696
0 0.35697115384615385 0.12740384615384615 0.016826923076923076 0.026442307692307692
0 0.234375 0.03245192307692308 0.03125 0.06009615384615385
0 0.057692307692307696 0.4098557692307692 0.026442307692307692 0.07932692307692307
0 0.125 0.47475961538461536 0.03365384615384615 0.057692307692307696
0 0.24879807692307693 0.42788461538461536 0.02403846153846154 0.04807692307692308
0 0.2668269230769231 0.4987980769230769 0.015625 0.03125
0 0.31850961538461536 0.6201923076923077 0.021634615384615384 0.038461538461538464
0 0.39783653846153844 0.5673076923076923 0.010817307692307692 0.020432692307692308
0 0.37740384615384615 0.5865384615384616 0.018028846153846152 0.03245192307692308
0 0.359375 0.546875 0.013221153846153846 0.02403846153846154
0 0.38100961538461536 0.5396634615384616 0.007211538461538462 0.020432692307692308
0 0.39302884615384615 0.5384615384615384 0.008413461538461538 0.013221153846153846
0 0.40625 0.5384615384615384 0.009615384615384616 0.013221153846153846
0 0.3473557692307692 0.5576923076923077 0.006009615384615385 0.01201923076923077
0 0.35096153846153844 0.5841346153846154 0.006009615384615385 0.013221153846153846
0 0.8161057692307693 0.8209134615384616 0.042067307692307696 0.078125
0 0.7379807692307693 0.8930288461538461 0.036057692307692304 0.08413461538461539
0 0.6947115384615384 0.8305288461538461 0.03485576923076923 0.09975961538461539
0 0.6225961538461539 0.828125 0.03365384615384615 0.08653846153846154
0 0.5240384615384616 0.7307692307692307 0.038461538461538464 0.06370192307692307
0 0.5228365384615384 0.890625 0.03485576923076923 0.10096153846153846
0 0.33533653846153844 0.7379807692307693 0.042067307692307696 0.07091346153846154
0 0.3233173076923077 0.8088942307692307 0.038461538461538464 0.09014423076923077
0 0.22956730769230768 0.8269230769230769 0.015625 0.028846153846153848
0 0.13822115384615385 0.7620192307692307 0.04326923076923077 0.09134615384615384
0 0.20793269230769232 0.7259615384615384 0.03485576923076923 0.0829326923076923
0 0.20552884615384615 0.9350961538461539 0.028846153846153848 0.09134615384615384