0 0.009615384615384616 0.2956730769230769 0.01201923076923077 0.020432692307692308
0 0.02403846153846154 0.32572115384615385 0.013221153846153846 0.021634615384615384
0 0.125 0.3557692307692308 0.037259615384615384 0.07451923076923077
0 0.18028846153846154 0.3112980769230769 0.019230769230769232 0.036057692307692304
0 0.13822115384615385 0.2848557692307692 0.013221153846153846 0.021634615384615384
0 0.01201923076923077 0.3401442307692308 0.015625 0.019230769230769232
0 0.04326923076923077 0.2920673076923077 0.009615384615384616 0.014423076923076924
0 0.037259615384615384 0.2980769230769231 0.006009615384615385 0.004807692307692308
0 0.109375 0.29447115384615385 0.008413461538461538 0.015625
0 0.15745192307692307 0.2620192307692308 0.004807692307692308 0.009615384615384616
0 0.171875 0.2920673076923077 0.010817307692307692 0.021634615384615384
0 0.171875 0.25721153846153844 0.007211538461538462 0.007211538461538462
0 0.054086538461538464 0.2692307692307692 0.006009615384615385 0.01201923076923077
0 0.09735576923076923 0.2764423076923077 0.007211538461538462 0.010817307692307692
0 0.06610576923076923 0.3004807692307692 0.007211538461538462 0.014423076923076924
0 0.07091346153846154 0.2932692307692308 0.007211538461538462 0.013221153846153846
0 0.18269230769230768 0.2800480769230769 0.010817307692307692 0.016826923076923076
0 0.014423076923076924 0.4326923076923077 0.028846153846153848 0.0673076923076923
0 0.07211538461538461 0.49278846153846156 0.04447115384615385 0.0733173076923077
0 0.18870192307692307 0.44711538461538464 0.04807692307692308 0.07572115384615384
0 0.21153846153846154 0.33052884615384615 0.02283653846153846 0.03365384615384615
0 0.2512019230769231 0.30288461538461536 0.013221153846153846 0.014423076923076924
0 0.26322115384615385 0.359375 0.03125 0.0625
0 0.2824519230769231 0.390625 0.03365384615384615 0.06129807692307692
0 0.37259615384615385 0.41947115384615385 0.037259615384615384 0.078125
0 0.359375 0.31850961538461536 0.025240384615384616 0.05048076923076923
0 0.21394230769230768 0.27163461538461536 0.008413461538461538 0.019230769230769232
0 0.22596153846153846 0.2800480769230769 0.013221153846153846 0.025240384615384616
0 0.28966346153846156 0.2692307692307692 0.014423076923076924 0.025240384615384616
0 0.32091346153846156 0.29086538461538464 0.018028846153846152 0.030048076923076924
0 0.359375 0.2668269230769231 0.016826923076923076 0.021634615384615384
0 0.4639423076923077 0.32572115384615385 0.030048076923076924 0.06009615384615385
0 0.5120192307692307 0.3173076923076923 0.038461538461538464 0.078125
0 0.4519230769230769 0.2920673076923077 0.026442307692307692 0.04447115384615385
0 0.4326923076923077 0.2644230769230769 0.013221153846153846 0.025240384615384616
0 0.48677884615384615 0.22115384615384615 0.013221153846153846 0.019230769230769232
0 0.5108173076923077 0.21634615384615385 0.010817307692307692 0.01201923076923077
0 0.5408653846153846 0.23197115384615385 0.013221153846153846 0.019230769230769232
0 0.5709134615384616 0.2608173076923077 0.018028846153846152 0.025240384615384616
0 0.3269230769230769 0.2536057692307692 0.007211538461538462 0.01201923076923077
0 0.3701923076923077 0.23798076923076922 0.007211538461538462 0.009615384615384616
0 0.3329326923076923 0.2439903846153846 0.008413461538461538 0.013221153846153846
0 0.2403846153846154 0.2824519230769231 0.008413461538461538 0.014423076923076924
0 0.25961538461538464 0.2403846153846154 0.007211538461538462 0.01201923076923077
0 0.6658653846153846 0.21634615384615385 0.015625 0.03485576923076923
0 0.734375 0.2283653846153846 0.018028846153846152 0.037259615384615384
0 0.6346153846153846 0.23918269230769232 0.018028846153846152 0.03125
0 0.7716346153846154 0.2776442307692308 0.028846153846153848 0.055288461538461536
0 0.5901442307692307 0.33774038461538464 0.038461538461538464 0.07451923076923077
0 0.6538461538461539 0.2956730769230769 0.03485576923076923 0.06009615384615385
0 0.6766826923076923 0.4026442307692308 0.04326923076923077 0.09134615384615384
0 0.8533653846153846 0.42427884615384615 0.04927884615384615 0.09014423076923077
0 0.8689903846153846 0.3076923076923077 0.038461538461538464 0.07211538461538461
0 0.8161057692307693 0.23197115384615385 0.02403846153846154 0.037259615384615384
0 0.11778846153846154 0.2704326923076923 0.010817307692307692 0.014423076923076924
0 0.042067307692307696 0.2668269230769231 0.008413461538461538 0.01201923076923077
0 0.18990384615384615 0.2548076923076923 0.006009615384615385 0.009615384615384616
0 0.234375 0.25 0.004807692307692308 0.006009615384615385
0 0.4206730769230769 0.2283653846153846 0.007211538461538462 0.01201923076923077
0 0.421875 0.20673076923076922 0.008413461538461538 0.014423076923076924
0 0.12980769230769232 0.26802884615384615 0.010817307692307692 0.018028846153846152
0 0.15504807692307693 0.15745192307692307 0.01201923076923077 0.025240384615384616
0 0.5733173076923077 0.2127403846153846 0.010817307692307692 0.016826923076923076
0 0.8461538461538461 0.3076923076923077 0.016826923076923076 0.04326923076923077
0 0.9771634615384616 0.18269230769230768 0.007211538461538462 0.015625
0 0.9747596153846154 0.23798076923076922 0.004807692307692308 0.009615384615384616
0 0.7079326923076923 0.20793269230769232 0.007211538461538462 0.010817307692307692
0 0.43509615384615385 0.23557692307692307 0.008413461538461538 0.013221153846153846
0 0.0985576923076923 0.2980769230769231 0.014423076923076924 0.026442307692307692
0 0.11899038461538461 0.2932692307692308 0.008413461538461538 0.015625
0 0.39903846153846156 0.24879807692307693 0.006009615384615385 0.010817307692307692
0 0.3629807692307692 0.22596153846153846 0.004807692307692308 0.009615384615384616
0 0.4495192307692308 0.21995192307692307 0.007211538461538462 0.007211538461538462
0 0.390625 0.265625 0.008413461538461538 0.014423076923076924
0 0.4651442307692308 0.2620192307692308 0.010817307692307692 0.020432692307692308