0 0.6262019230769231 0.13221153846153846 0.028846153846153848 0.06850961538461539
0 0.5793269230769231 0.12740384615384615 0.020432692307692308 0.057692307692307696
0 0.5588942307692307 0.09495192307692307 0.019230769230769232 0.042067307692307696
0 0.5432692307692307 0.10336538461538461 0.013221153846153846 0.03125
0 0.5288461538461539 0.11298076923076923 0.013221153846153846 0.02283653846153846
0 0.5132211538461539 0.109375 0.013221153846153846 0.036057692307692304
0 0.609375 0.22355769230769232 0.03365384615384615 0.06971153846153846
0 0.5516826923076923 0.2704326923076923 0.04447115384615385 0.08173076923076923
0 0.5012019230769231 0.24519230769230768 0.028846153846153848 0.046875
0 0.5108173076923077 0.18870192307692307 0.02283653846153846 0.04326923076923077
0 0.5384615384615384 0.1622596153846154 0.015625 0.038461538461538464
0 0.4206730769230769 0.13822115384615385 0.018028846153846152 0.03365384615384615
0 0.36658653846153844 0.140625 0.02403846153846154 0.027644230769230768
0 0.40024038461538464 0.13341346153846154 0.010817307692307692 0.025240384615384616
0 0.25600961538461536 0.10096153846153846 0.009615384615384616 0.018028846153846152
0 0.21394230769230768 0.12740384615384615 0.02283653846153846 0.020432692307692308
0 0.18028846153846154 0.17548076923076922 0.013221153846153846 0.019230769230769232
0 0.23317307692307693 0.15745192307692307 0.016826923076923076 0.03245192307692308
0 0.09254807692307693 0.12740384615384615 0.016826923076923076 0.026442307692307692
0 0.0673076923076923 0.14543269230769232 0.03245192307692308 0.04567307692307692
0 0.4831730769230769 0.12259615384615384 0.008413461538461538 0.020432692307692308
0 0.9038461538461539 0.38461538461538464 0.06490384615384616 0.12379807692307693
0 0.7139423076923077 0.3233173076923077 0.05048076923076923 0.11177884615384616
0 0.7223557692307693 0.027644230769230768 0.02403846153846154 0.04447115384615385