0 0.19831730769230768 0.02283653846153846 0.028846153846153848 0.04567307692307692
0 0.11658653846153846 0.4230769230769231 0.0625 0.12259615384615384
0 0.20673076923076922 0.4567307692307692 0.027644230769230768 0.10096153846153846
0 0.2512019230769231 0.328125 0.027644230769230768 0.10697115384615384
0 0.3449519230769231 0.265625 0.03365384615384615 0.09975961538461539
0 0.40625 0.24639423076923078 0.04927884615384615 0.1045673076923077
0 0.48677884615384615 0.2536057692307692 0.04447115384615385 0.08774038461538461
0 0.609375 0.22235576923076922 0.02403846153846154 0.0733173076923077
0 0.6983173076923077 0.23677884615384615 0.03485576923076923 0.07932692307692307
0 0.7475961538461539 0.21634615384615385 0.03365384615384615 0.06610576923076923
0 0.7572115384615384 0.10817307692307693 0.021634615384615384 0.07451923076923077
0 0.8233173076923077 0.14903846153846154 0.013221153846153846 0.06850961538461539
0 0.8365384615384616 0.15745192307692307 0.018028846153846152 0.054086538461538464
0 0.9350961538461539 0.09495192307692307 0.025240384615384616 0.06129807692307692
0 0.6310096153846154 0.6490384615384616 0.054086538461538464 0.109375
0 0.9795673076923077 0.4170673076923077 0.038461538461538464 0.09615384615384616
0 0.9459134615384616 0.671875 0.057692307692307696 0.12740384615384615
0 0.5673076923076923 0.23557692307692307 0.02403846153846154 0.06971153846153846
0 0.9375 0.19110576923076922 0.013221153846153846 0.026442307692307692
0 0.9927884615384616 0.14182692307692307 0.013221153846153846 0.04326923076923077