0 0.8894230769230769 0.36538461538461536 0.03125 0.06009615384615385
0 0.9170673076923077 0.3076923076923077 0.021634615384615384 0.042067307692307696
0 0.9362980769230769 0.24759615384615385 0.027644230769230768 0.046875
0 0.8245192307692307 0.19230769230769232 0.036057692307692304 0.056490384615384616
0 0.9086538461538461 0.24879807692307693 0.025240384615384616 0.04927884615384615
0 0.7788461538461539 0.22115384615384615 0.028846153846153848 0.05889423076923077
0 0.7524038461538461 0.21514423076923078 0.026442307692307692 0.051682692307692304
0 0.6622596153846154 0.2692307692307692 0.03365384615384615 0.04927884615384615
0 0.59375 0.20673076923076922 0.02403846153846154 0.0625
0 0.5300480769230769 0.22716346153846154 0.030048076923076924 0.051682692307692304
0 0.49759615384615385 0.24879807692307693 0.03125 0.056490384615384616
0 0.4651442307692308 0.22596153846153846 0.02283653846153846 0.04447115384615385
0 0.44471153846153844 0.12259615384615384 0.019230769230769232 0.03365384615384615
0 0.36778846153846156 0.21394230769230768 0.03245192307692308 0.051682692307692304
0 0.3894230769230769 0.18990384615384615 0.03245192307692308 0.052884615384615384
0 0.28846153846153844 0.21875 0.027644230769230768 0.046875
0 0.28365384615384615 0.296875 0.028846153846153848 0.05889423076923077
0 0.22596153846153846 0.22355769230769232 0.03125 0.06129807692307692
0 0.15745192307692307 0.20192307692307693 0.03245192307692308 0.052884615384615384
0 0.09134615384615384 0.21514423076923078 0.028846153846153848 0.05889423076923077
0 0.11298076923076923 0.1814903846153846 0.028846153846153848 0.052884615384615384
0 0.019230769230769232 0.19471153846153846 0.018028846153846152 0.04807692307692308
0 0.007211538461538462 0.19230769230769232 0.013221153846153846 0.05889423076923077
0 0.1141826923076923 0.22716346153846154 0.020432692307692308 0.040865384615384616
0 0.49759615384615385 0.45552884615384615 0.046875 0.07932692307692307
0 0.9975961538461539 0.2091346153846154 0.003605769230769231 0.04447115384615385
0 0.2608173076923077 0.19471153846153846 0.020432692307692308 0.040865384615384616
0 0.6370192307692307 0.21754807692307693 0.019230769230769232 0.04567307692307692
0 0.5829326923076923 0.21875 0.018028846153846152 0.046875
0 0.27884615384615385 0.21033653846153846 0.020432692307692308 0.04567307692307692
0 0.48197115384615385 0.20552884615384615 0.025240384615384616 0.051682692307692304
0 0.5721153846153846 0.1814903846153846 0.013221153846153846 0.020432692307692308