0 0.1141826923076923 0.3317307692307692 0.028846153846153848 0.056490384615384616
0 0.028846153846153848 0.057692307692307696 0.016826923076923076 0.030048076923076924
0 0.23918269230769232 0.10576923076923077 0.02403846153846154 0.046875
0 0.2091346153846154 0.07572115384615384 0.01201923076923077 0.019230769230769232
0 0.15625 0.25961538461538464 0.02403846153846154 0.04447115384615385
0 0.18028846153846154 0.24639423076923078 0.02403846153846154 0.042067307692307696
0 0.3329326923076923 0.13701923076923078 0.018028846153846152 0.03365384615384615
0 0.3701923076923077 0.3401442307692308 0.02283653846153846 0.037259615384615384
0 0.38461538461538464 0.3293269230769231 0.015625 0.026442307692307692
0 0.40384615384615385 0.3317307692307692 0.021634615384615384 0.03365384615384615
0 0.43028846153846156 0.31971153846153844 0.020432692307692308 0.037259615384615384
0 0.44471153846153844 0.38822115384615385 0.020432692307692308 0.03485576923076923
0 0.515625 0.37259615384615385 0.025240384615384616 0.040865384615384616
0 0.5084134615384616 0.3401442307692308 0.021634615384615384 0.027644230769230768
0 0.46875 0.3701923076923077 0.015625 0.028846153846153848
0 0.4699519230769231 0.22115384615384615 0.018028846153846152 0.027644230769230768
0 0.4963942307692308 0.21754807692307693 0.013221153846153846 0.028846153846153848
0 0.5204326923076923 0.2091346153846154 0.014423076923076924 0.03125
0 0.5625 0.171875 0.016826923076923076 0.02403846153846154
0 0.46033653846153844 0.32211538461538464 0.016826923076923076 0.040865384615384616
0 0.5588942307692307 0.38221153846153844 0.02403846153846154 0.04447115384615385
0 0.6382211538461539 0.3245192307692308 0.020432692307692308 0.03125
0 0.6514423076923077 0.375 0.02283653846153846 0.04567307692307692
0 0.6490384615384616 0.4074519230769231 0.02403846153846154 0.042067307692307696
0 0.49759615384615385 0.2800480769230769 0.013221153846153846 0.03485576923076923
0 0.546875 0.3317307692307692 0.018028846153846152 0.03365384615384615
0 0.7079326923076923 0.3425480769230769 0.020432692307692308 0.04807692307692308
0 0.7584134615384616 0.3954326923076923 0.025240384615384616 0.04567307692307692
0 0.8233173076923077 0.19951923076923078 0.018028846153846152 0.027644230769230768
0 0.8112980769230769 0.38100961538461536 0.02403846153846154 0.040865384615384616
0 0.8413461538461539 0.36899038461538464 0.020432692307692308 0.030048076923076924
0 0.8701923076923077 0.4266826923076923 0.027644230769230768 0.04326923076923077
0 0.9194711538461539 0.37740384615384615 0.020432692307692308 0.03485576923076923
0 0.5769230769230769 0.34375 0.02283653846153846 0.03485576923076923
0 0.265625 0.3954326923076923 0.028846153846153848 0.046875
0 0.9459134615384616 0.3942307692307692 0.018028846153846152 0.03485576923076923