0 0.019230769230769232 0.06370192307692307 0.038461538461538464 0.06971153846153846
0 0.16346153846153846 0.140625 0.04326923076923077 0.07211538461538461
0 0.25841346153846156 0.10817307692307693 0.039663461538461536 0.07932692307692307
0 0.33653846153846156 0.171875 0.04447115384615385 0.09014423076923077
0 0.015625 0.2824519230769231 0.03125 0.0985576923076923
0 0.27283653846153844 0.38461538461538464 0.05048076923076923 0.09014423076923077
0 0.38100961538461536 0.2848557692307692 0.04927884615384615 0.09975961538461539
0 0.47716346153846156 0.4206730769230769 0.06009615384615385 0.11057692307692307
0 0.4579326923076923 0.31850961538461536 0.04927884615384615 0.09134615384615384
0 0.49278846153846156 0.06370192307692307 0.038461538461538464 0.07451923076923077
0 0.38221153846153844 0.018028846153846152 0.027644230769230768 0.03365384615384615
0 0.4579326923076923 0.014423076923076924 0.02403846153846154 0.028846153846153848
0 0.5288461538461539 0.28966346153846156 0.052884615384615384 0.09254807692307693
0 0.6165865384615384 0.2620192307692308 0.052884615384615384 0.109375
0 0.6069711538461539 0.055288461538461536 0.046875 0.08653846153846154
0 0.7079326923076923 0.09975961538461539 0.039663461538461536 0.08413461538461539
0 0.8100961538461539 0.036057692307692304 0.04326923076923077 0.07211538461538461
0 0.8329326923076923 0.039663461538461536 0.03125 0.07572115384615384
0 0.9615384615384616 0.10697115384615384 0.04326923076923077 0.07211538461538461
0 0.9375 0.2704326923076923 0.04447115384615385 0.07932692307692307
0 0.8245192307692307 0.38221153846153844 0.04567307692307692 0.07451923076923077
0 0.8509615384615384 0.4230769230769231 0.055288461538461536 0.11658653846153846