0 0.007211538461538462 0.44711538461538464 0.014423076923076924 0.028846153846153848
0 0.046875 0.4483173076923077 0.025240384615384616 0.038461538461538464
0 0.054086538461538464 0.49038461538461536 0.03125 0.04807692307692308
0 0.0733173076923077 0.4338942307692308 0.018028846153846152 0.030048076923076924
0 0.14302884615384615 0.5072115384615384 0.025240384615384616 0.046875
0 0.14302884615384615 0.45552884615384615 0.013221153846153846 0.026442307692307692
0 0.22716346153846154 0.3858173076923077 0.007211538461538462 0.010817307692307692
0 0.21514423076923078 0.41466346153846156 0.010817307692307692 0.016826923076923076
0 0.23918269230769232 0.4182692307692308 0.010817307692307692 0.019230769230769232
0 0.171875 0.4182692307692308 0.008413461538461538 0.016826923076923076
0 0.19230769230769232 0.43028846153846156 0.010817307692307692 0.016826923076923076
0 0.21875 0.4519230769230769 0.015625 0.02283653846153846
0 0.17908653846153846 0.47115384615384615 0.026442307692307692 0.039663461538461536
0 0.26322115384615385 0.44591346153846156 0.019230769230769232 0.03245192307692308
0 0.28725961538461536 0.453125 0.016826923076923076 0.03125
0 0.25600961538461536 0.49038461538461536 0.019230769230769232 0.036057692307692304
0 0.265625 0.48197115384615385 0.018028846153846152 0.03125
0 0.17067307692307693 0.39783653846153844 0.007211538461538462 0.016826923076923076
0 0.2764423076923077 0.421875 0.008413461538461538 0.015625
0 0.19831730769230768 0.47115384615384615 0.01201923076923077 0.027644230769230768
0 0.09975961538461539 0.5985576923076923 0.03365384615384615 0.055288461538461536
0 0.19471153846153846 0.6454326923076923 0.037259615384615384 0.055288461538461536
0 0.055288461538461536 0.6838942307692307 0.037259615384615384 0.06490384615384616
0 0.19951923076923078 0.7572115384615384 0.04447115384615385 0.08413461538461539
0 0.32091346153846156 0.375 0.006009615384615385 0.010817307692307692
0 0.328125 0.4170673076923077 0.013221153846153846 0.020432692307692308
0 0.36778846153846156 0.4675480769230769 0.016826923076923076 0.027644230769230768
0 0.4206730769230769 0.3737980769230769 0.006009615384615385 0.008413461538461538
0 0.41947115384615385 0.43149038461538464 0.013221153846153846 0.025240384615384616
0 0.38822115384615385 0.53125 0.025240384615384616 0.038461538461538464
0 0.3004807692307692 0.5264423076923077 0.02403846153846154 0.038461538461538464
0 0.2668269230769231 0.5564903846153846 0.021634615384615384 0.03365384615384615
0 0.3329326923076923 0.546875 0.020432692307692308 0.039663461538461536
0 0.33774038461538464 0.6394230769230769 0.030048076923076924 0.055288461538461536
0 0.46274038461538464 0.3870192307692308 0.007211538461538462 0.013221153846153846
0 0.45072115384615385 0.4206730769230769 0.014423076923076924 0.02283653846153846
0 0.4423076923076923 0.45552884615384615 0.015625 0.03125
0 0.47475961538461536 0.4519230769230769 0.015625 0.028846153846153848
0 0.49278846153846156 0.45072115384615385 0.01201923076923077 0.02283653846153846
0 0.4879807692307692 0.47716346153846156 0.021634615384615384 0.037259615384615384
0 0.4579326923076923 0.49038461538461536 0.021634615384615384 0.042067307692307696
0 0.4387019230769231 0.5709134615384616 0.018028846153846152 0.04447115384615385
0 0.515625 0.5492788461538461 0.027644230769230768 0.04447115384615385
0 0.5997596153846154 0.4723557692307692 0.02403846153846154 0.039663461538461536
0 0.5625 0.4855769230769231 0.013221153846153846 0.025240384615384616
0 0.5420673076923077 0.44591346153846156 0.014423076923076924 0.027644230769230768
0 0.5564903846153846 0.45072115384615385 0.015625 0.026442307692307692
0 0.5805288461538461 0.44350961538461536 0.013221153846153846 0.030048076923076924
0 0.6117788461538461 0.44350961538461536 0.013221153846153846 0.025240384615384616
0 0.6021634615384616 0.6286057692307693 0.036057692307692304 0.05889423076923077
0 0.5 0.7019230769230769 0.03365384615384615 0.06490384615384616
0 0.6670673076923077 0.7596153846153846 0.051682692307692304 0.07211538461538461
0 0.6983173076923077 0.7175480769230769 0.03245192307692308 0.06009615384615385
0 0.49278846153846156 0.42788461538461536 0.007211538461538462 0.014423076923076924
0 0.5180288461538461 0.4170673076923077 0.007211538461538462 0.014423076923076924
0 0.5516826923076923 0.38822115384615385 0.007211538461538462 0.013221153846153846
0 0.5637019230769231 0.41586538461538464 0.010817307692307692 0.019230769230769232
0 0.578125 0.3870192307692308 0.006009615384615385 0.01201923076923077
0 0.6634615384615384 0.4639423076923077 0.015625 0.030048076923076924
0 0.6766826923076923 0.5504807692307693 0.018028846153846152 0.025240384615384616
0 0.640625 0.4519230769230769 0.014423076923076924 0.027644230769230768
0 0.6081730769230769 0.390625 0.006009615384615385 0.013221153846153846
0 0.609375 0.38461538461538464 0.007211538461538462 0.010817307692307692
0 0.6298076923076923 0.39302884615384615 0.007211538461538462 0.010817307692307692
0 0.5865384615384616 0.43509615384615385 0.01201923076923077 0.019230769230769232
0 0.65625 0.4050480769230769 0.006009615384615385 0.013221153846153846
0 0.640625 0.4110576923076923 0.007211538461538462 0.010817307692307692
0 0.6586538461538461 0.4254807692307692 0.008413461538461538 0.016826923076923076
0 0.6454326923076923 0.39663461538461536 0.007211538461538462 0.007211538461538462
0 0.6887019230769231 0.4387019230769231 0.01201923076923077 0.02403846153846154
0 0.7451923076923077 0.4338942307692308 0.008413461538461538 0.021634615384615384
0 0.7560096153846154 0.42788461538461536 0.010817307692307692 0.021634615384615384
0 0.78125 0.40024038461538464 0.004807692307692308 0.01201923076923077
0 0.7956730769230769 0.39783653846153844 0.003605769230769231 0.010817307692307692
0 0.7896634615384616 0.4362980769230769 0.008413461538461538 0.019230769230769232
0 0.8016826923076923 0.4375 0.007211538461538462 0.016826923076923076
0 0.7920673076923077 0.47716346153846156 0.01201923076923077 0.025240384615384616
0 0.7487980769230769 0.4951923076923077 0.018028846153846152 0.027644230769230768
0 0.7475961538461539 0.53125 0.02283653846153846 0.037259615384615384
0 0.8257211538461539 0.47596153846153844 0.01201923076923077 0.026442307692307692
0 0.8185096153846154 0.44591346153846156 0.008413461538461538 0.016826923076923076
0 0.8149038461538461 0.39783653846153844 0.007211538461538462 0.01201923076923077
0 0.8257211538461539 0.39663461538461536 0.006009615384615385 0.013221153846153846
0 0.8125 0.4098557692307692 0.007211538461538462 0.013221153846153846
0 0.8617788461538461 0.4254807692307692 0.006009615384615385 0.008413461538461538
0 0.8689903846153846 0.44471153846153844 0.010817307692307692 0.020432692307692308
0 0.9747596153846154 0.41346153846153844 0.009615384615384616 0.018028846153846152
0 0.9831730769230769 0.4338942307692308 0.008413461538461538 0.013221153846153846
0 0.8557692307692307 0.49158653846153844 0.02283653846153846 0.039663461538461536
0 0.9242788461538461 0.4951923076923077 0.016826923076923076 0.02283653846153846
0 0.8978365384615384 0.5132211538461539 0.016826923076923076 0.020432692307692308
0 0.8846153846153846 0.5444711538461539 0.020432692307692308 0.052884615384615384
0 0.96875 0.5913461538461539 0.02403846153846154 0.04447115384615385
0 0.9903846153846154 0.5516826923076923 0.018028846153846152 0.039663461538461536
0 0.8894230769230769 0.44711538461538464 0.01201923076923077 0.018028846153846152
0 0.84375 0.6454326923076923 0.03245192307692308 0.06009615384615385