0 0.09735576923076923 0.06370192307692307 0.01201923076923077 0.028846153846153848
0 0.030048076923076924 0.12620192307692307 0.014423076923076924 0.030048076923076924
0 0.009615384615384616 0.16105769230769232 0.01201923076923077 0.03125
0 0.0985576923076923 0.23918269230769232 0.028846153846153848 0.06850961538461539
0 0.19230769230769232 0.38100961538461536 0.03245192307692308 0.05889423076923077
0 0.23197115384615385 0.33052884615384615 0.028846153846153848 0.06370192307692307
0 0.025240384615384616 0.22115384615384615 0.018028846153846152 0.038461538461538464
0 0.0889423076923077 0.4639423076923077 0.038461538461538464 0.078125
0 0.28725961538461536 0.38461538461538464 0.03485576923076923 0.06971153846153846
0 0.03365384615384615 0.6237980769230769 0.040865384615384616 0.07572115384615384
0 0.2920673076923077 0.2932692307692308 0.028846153846153848 0.04927884615384615
0 0.2764423076923077 0.125 0.014423076923076924 0.028846153846153848
0 0.3088942307692308 0.17067307692307693 0.014423076923076924 0.03125
0 0.39663461538461536 0.09375 0.013221153846153846 0.026442307692307692
0 0.390625 0.2668269230769231 0.025240384615384616 0.046875
0 0.359375 0.26322115384615385 0.020432692307692308 0.04326923076923077
0 0.3918269230769231 0.3858173076923077 0.02283653846153846 0.056490384615384616
0 0.3557692307692308 0.051682692307692304 0.015625 0.021634615384615384
0 0.4567307692307692 0.03125 0.008413461538461538 0.025240384615384616
0 0.35216346153846156 0.20432692307692307 0.018028846153846152 0.039663461538461536
0 0.4963942307692308 0.02403846153846154 0.013221153846153846 0.025240384615384616
0 0.890625 0.20072115384615385 0.020432692307692308 0.036057692307692304
0 0.8329326923076923 0.23076923076923078 0.018028846153846152 0.040865384615384616
0 0.8774038461538461 0.2848557692307692 0.021634615384615384 0.054086538461538464
0 0.8521634615384616 0.5516826923076923 0.038461538461538464 0.07451923076923077
0 0.9399038461538461 0.5132211538461539 0.04567307692307692 0.08653846153846154
0 0.9459134615384616 0.30408653846153844 0.03365384615384615 0.07932692307692307
0 0.7992788461538461 0.008413461538461538 0.01201923076923077 0.015625
0 0.8894230769230769 0.010817307692307692 0.013221153846153846 0.020432692307692308
0 0.9146634615384616 0.14543269230769232 0.015625 0.028846153846153848
0 0.9074519230769231 0.13822115384615385 0.010817307692307692 0.026442307692307692
0 0.3269230769230769 0.6153846153846154 0.039663461538461536 0.08173076923076923
0 0.41346153846153844 0.7908653846153846 0.04927884615384615 0.06971153846153846
0 0.6766826923076923 0.6598557692307693 0.04447115384615385 0.10096153846153846
0 0.7944711538461539 0.6538461538461539 0.04447115384615385 0.08413461538461539
0 0.8173076923076923 0.8305288461538461 0.06009615384615385 0.07932692307692307
0 0.078125 0.15985576923076922 0.013221153846153846 0.03485576923076923
0 0.7872596153846154 0.03485576923076923 0.010817307692307692 0.026442307692307692
0 0.8918269230769231 0.5060096153846154 0.038461538461538464 0.06009615384615385
0 0.5408653846153846 0.28365384615384615 0.014423076923076924 0.036057692307692304