0 0.9387019230769231 0.8269230769230769 0.018028846153846152 0.03125
0 0.9603365384615384 0.8545673076923077 0.018028846153846152 0.03365384615384615
0 0.8533653846153846 0.8497596153846154 0.018028846153846152 0.036057692307692304
0 0.8221153846153846 0.8810096153846154 0.007211538461538462 0.025240384615384616
0 0.6790865384615384 0.8100961538461539 0.008413461538461538 0.02283653846153846
0 0.6983173076923077 0.8052884615384616 0.010817307692307692 0.021634615384615384
0 0.8100961538461539 0.765625 0.009615384615384616 0.018028846153846152
0 0.8509615384615384 0.7632211538461539 0.007211538461538462 0.015625
0 0.8653846153846154 0.7692307692307693 0.009615384615384616 0.018028846153846152
0 0.8858173076923077 0.765625 0.008413461538461538 0.019230769230769232
0 0.9194711538461539 0.7776442307692307 0.009615384615384616 0.018028846153846152
0 0.9795673076923077 0.7920673076923077 0.010817307692307692 0.018028846153846152
0 0.7704326923076923 0.7439903846153846 0.007211538461538462 0.01201923076923077
0 0.7295673076923077 0.75 0.007211538461538462 0.013221153846153846
0 0.7103365384615384 0.7512019230769231 0.006009615384615385 0.01201923076923077
0 0.7175480769230769 0.75 0.007211538461538462 0.01201923076923077
0 0.7283653846153846 0.8125 0.008413461538461538 0.020432692307692308
0 0.9543269230769231 0.7331730769230769 0.007211538461538462 0.01201923076923077
0 0.9387019230769231 0.7800480769230769 0.007211538461538462 0.015625
0 0.9891826923076923 0.8365384615384616 0.009615384615384616 0.025240384615384616
0 0.9411057692307693 0.7403846153846154 0.007211538461538462 0.013221153846153846
0 0.6959134615384616 0.7524038461538461 0.004807692307692308 0.01201923076923077
0 0.7536057692307693 0.7439903846153846 0.004807692307692308 0.013221153846153846
0 0.7620192307692307 0.7632211538461539 0.006009615384615385 0.013221153846153846
0 0.7728365384615384 0.7920673076923077 0.006009615384615385 0.014423076923076924
0 0.7860576923076923 0.7451923076923077 0.004807692307692308 0.010817307692307692
0 0.8810096153846154 0.828125 0.013221153846153846 0.026442307692307692
0 0.9783653846153846 0.7692307692307693 0.009615384615384616 0.014423076923076924
0 0.9795673076923077 0.7331730769230769 0.007211538461538462 0.013221153846153846
0 0.9314903846153846 0.765625 0.008413461538461538 0.014423076923076924
0 0.9507211538461539 0.7608173076923077 0.007211538461538462 0.014423076923076924
0 0.8870192307692307 0.7199519230769231 0.007211538461538462 0.01201923076923077
0 0.9350961538461539 0.7307692307692307 0.004807692307692308 0.010817307692307692
0 0.47475961538461536 0.8341346153846154 0.01201923076923077 0.027644230769230768
0 0.4050480769230769 0.8040865384615384 0.010817307692307692 0.02283653846153846
0 0.35697115384615385 0.8305288461538461 0.009615384615384616 0.019230769230769232
0 0.375 0.9110576923076923 0.013221153846153846 0.039663461538461536
0 0.4110576923076923 0.8677884615384616 0.013221153846153846 0.03245192307692308
0 0.45913461538461536 0.9206730769230769 0.015625 0.042067307692307696
0 0.546875 0.8185096153846154 0.008413461538461538 0.02283653846153846
0 0.6177884615384616 0.8942307692307693 0.01201923076923077 0.036057692307692304
0 0.6117788461538461 0.7716346153846154 0.007211538461538462 0.019230769230769232
0 0.5072115384615384 0.7632211538461539 0.007211538461538462 0.014423076923076924
0 0.4579326923076923 0.7908653846153846 0.007211538461538462 0.018028846153846152
0 0.39903846153846156 0.7716346153846154 0.006009615384615385 0.014423076923076924
0 0.38341346153846156 0.7668269230769231 0.007211538461538462 0.015625
0 0.4170673076923077 0.7608173076923077 0.006009615384615385 0.015625
0 0.3173076923076923 0.8846153846153846 0.013221153846153846 0.038461538461538464
0 0.43509615384615385 0.7920673076923077 0.004807692307692308 0.014423076923076924
0 0.359375 0.7764423076923077 0.004807692307692308 0.015625
0 0.3161057692307692 0.7740384615384616 0.007211538461538462 0.013221153846153846
0 0.49278846153846156 0.7728365384615384 0.006009615384615385 0.014423076923076924
0 0.5540865384615384 0.7764423076923077 0.006009615384615385 0.014423076923076924
0 0.18629807692307693 0.875 0.016826923076923076 0.03245192307692308
0 0.12980769230769232 0.9206730769230769 0.020432692307692308 0.039663461538461536
0 0.09375 0.8713942307692307 0.020432692307692308 0.03485576923076923
0 0.042067307692307696 0.8942307692307693 0.02283653846153846 0.036057692307692304
0 0.051682692307692304 0.8497596153846154 0.020432692307692308 0.028846153846153848
0 0.13341346153846154 0.8677884615384616 0.015625 0.03125
0 0.2668269230769231 0.8665865384615384 0.015625 0.027644230769230768
0 0.21394230769230768 0.9206730769230769 0.020432692307692308 0.03245192307692308
0 0.27163461538461536 0.984375 0.025240384615384616 0.028846153846153848
0 0.29927884615384615 0.9338942307692307 0.018028846153846152 0.03245192307692308
0 0.30649038461538464 0.8257211538461539 0.009615384615384616 0.02283653846153846
0 0.21634615384615385 0.8209134615384616 0.010817307692307692 0.02283653846153846
0 0.18990384615384615 0.8341346153846154 0.013221153846153846 0.026442307692307692
0 0.18269230769230768 0.7716346153846154 0.007211538461538462 0.015625
0 0.1502403846153846 0.7932692307692307 0.009615384615384616 0.018028846153846152
0 0.1346153846153846 0.7788461538461539 0.009615384615384616 0.018028846153846152
0 0.171875 0.8028846153846154 0.008413461538461538 0.019230769230769232
0 0.042067307692307696 0.8004807692307693 0.013221153846153846 0.02283653846153846
0 0.2536057692307692 0.7764423076923077 0.008413461538461538 0.015625
0 0.21875 0.7608173076923077 0.009615384615384616 0.015625
0 0.19831730769230768 0.7512019230769231 0.006009615384615385 0.01201923076923077
0 0.3161057692307692 0.7992788461538461 0.007211538461538462 0.020432692307692308
0 0.0673076923076923 0.765625 0.008413461538461538 0.013221153846153846
0 0.056490384615384616 0.75 0.006009615384615385 0.01201923076923077
0 0.17067307692307693 0.7560096153846154 0.004807692307692308 0.015625
0 0.21153846153846154 0.7836538461538461 0.006009615384615385 0.018028846153846152
0 0.18269230769230768 0.7536057692307693 0.006009615384615385 0.014423076923076924
0 0.078125 0.7439903846153846 0.004807692307692308 0.01201923076923077
0 0.009615384615384616 0.7896634615384616 0.007211538461538462 0.019230769230769232
0 0.3629807692307692 0.7560096153846154 0.004807692307692308 0.015625
0 0.03365384615384615 0.7427884615384616 0.006009615384615385 0.008413461538461538
0 0.5420673076923077 0.7632211538461539 0.007211538461538462 0.01201923076923077
0 0.5540865384615384 0.7584134615384616 0.006009615384615385 0.01201923076923077
0 0.39663461538461536 0.7331730769230769 0.004807692307692308 0.008413461538461538
0 0.7367788461538461 0.7764423076923077 0.006009615384615385 0.014423076923076924
0 0.6935096153846154 0.7872596153846154 0.007211538461538462 0.014423076923076924
0 0.6598557692307693 0.7908653846153846 0.007211538461538462 0.013221153846153846
0 0.8701923076923077 0.9122596153846154 0.013221153846153846 0.040865384615384616
0 0.328125 0.8617788461538461 0.010817307692307692 0.025240384615384616
0 0.11778846153846154 0.7704326923076923 0.006009615384615385 0.013221153846153846
0 0.10216346153846154 0.7644230769230769 0.004807692307692308 0.013221153846153846
0 0.6574519230769231 0.8641826923076923 0.014423076923076924 0.027644230769230768