0 0.9783653846153846 0.32211538461538464 0.03365384615384615 0.036057692307692304
0 0.8509615384615384 0.5252403846153846 0.1346153846153846 0.14903846153846154
0 0.5673076923076923 0.41466346153846156 0.06009615384615385 0.06009615384615385
0 0.328125 0.3762019230769231 0.04326923076923077 0.0985576923076923
0 0.3918269230769231 0.3317307692307692 0.018028846153846152 0.02283653846153846
0 0.3641826923076923 0.34134615384615385 0.02403846153846154 0.025240384615384616
0 0.4110576923076923 0.3473557692307692 0.013221153846153846 0.01201923076923077
0 0.12980769230769232 0.3786057692307692 0.03365384615384615 0.030048076923076924
0 0.08774038461538461 0.40024038461538464 0.038461538461538464 0.036057692307692304
0 0.03125 0.3786057692307692 0.026442307692307692 0.03365384615384615
0 0.10096153846153846 0.3545673076923077 0.019230769230769232 0.021634615384615384
0 0.20673076923076922 0.31009615384615385 0.007211538461538462 0.006009615384615385
0 0.1971153846153846 0.3112980769230769 0.007211538461538462 0.007211538461538462
0 0.18629807692307693 0.3112980769230769 0.007211538461538462 0.006009615384615385
0 0.08052884615384616 0.4483173076923077 0.013221153846153846 0.014423076923076924
0 0.09975961538461539 0.4543269230769231 0.013221153846153846 0.016826923076923076
0 0.11778846153846154 0.45913461538461536 0.013221153846153846 0.013221153846153846
0 0.0625 0.46153846153846156 0.014423076923076924 0.01201923076923077
0 0.010817307692307692 0.34134615384615385 0.008413461538461538 0.010817307692307692
0 0.06971153846153846 0.3473557692307692 0.013221153846153846 0.01201923076923077
0 0.6478365384615384 0.24879807692307693 0.01201923076923077 0.010817307692307692
0 0.6310096153846154 0.24519230769230768 0.01201923076923077 0.010817307692307692
0 0.6153846153846154 0.2403846153846154 0.013221153846153846 0.01201923076923077
0 0.6009615384615384 0.2512019230769231 0.01201923076923077 0.009615384615384616
0 0.15625 0.35096153846153844 0.013221153846153846 0.013221153846153846
0 0.13221153846153846 0.3485576923076923 0.009615384615384616 0.010817307692307692
0 0.37740384615384615 0.30408653846153844 0.004807692307692308 0.004807692307692308
0 0.38822115384615385 0.30649038461538464 0.007211538461538462 0.006009615384615385