0 0.6502403846153846 0.9278846153846154 0.0985576923076923 0.13942307692307693
0 0.8197115384615384 0.9110576923076923 0.06971153846153846 0.15504807692307693
0 0.9615384615384616 0.9555288461538461 0.07451923076923077 0.08653846153846154
0 0.9507211538461539 0.8978365384615384 0.09134615384615384 0.16947115384615385
0 0.9675480769230769 0.7752403846153846 0.057692307692307696 0.0985576923076923
0 0.5120192307692307 0.8737980769230769 0.08533653846153846 0.1935096153846154
0 0.4639423076923077 0.7920673076923077 0.078125 0.18269230769230768
0 0.765625 0.7007211538461539 0.0889423076923077 0.1814903846153846
0 0.6730769230769231 0.4639423076923077 0.06971153846153846 0.16105769230769232
0 0.7403846153846154 0.33653846153846156 0.06490384615384616 0.10576923076923077
0 0.59375 0.1466346153846154 0.05048076923076923 0.09375
0 0.578125 0.0985576923076923 0.04927884615384615 0.08052884615384616
0 0.5612980769230769 0.0733173076923077 0.04326923076923077 0.07572115384615384
0 0.47596153846153844 0.06610576923076923 0.03365384615384615 0.07451923076923077
0 0.6838942307692307 0.0673076923076923 0.03365384615384615 0.05889423076923077
0 0.640625 0.02403846153846154 0.025240384615384616 0.04807692307692308
0 0.11778846153846154 0.859375 0.09134615384615384 0.17908653846153846
0 0.6129807692307693 0.8689903846153846 0.0889423076923077 0.19951923076923078
0 0.9435096153846154 0.36658653846153844 0.07091346153846154 0.14543269230769232
0 0.9639423076923077 0.2247596153846154 0.057692307692307696 0.10697115384615384
0 0.8389423076923077 0.15985576923076922 0.06850961538461539 0.11899038461538461
0 0.9326923076923077 0.11538461538461539 0.051682692307692304 0.09014423076923077
0 0.7704326923076923 0.2283653846153846 0.057692307692307696 0.08533653846153846
0 0.7668269230769231 0.11899038461538461 0.057692307692307696 0.09375
0 0.8269230769230769 0.06129807692307692 0.03365384615384615 0.055288461538461536
0 0.9891826923076923 0.2608173076923077 0.020432692307692308 0.051682692307692304
0 0.9855769230769231 0.6622596153846154 0.027644230769230768 0.078125
0 0.42427884615384615 0.5396634615384616 0.08774038461538461 0.15384615384615385
0 0.38221153846153844 0.5420673076923077 0.0625 0.11298076923076923
0 0.3112980769230769 0.8377403846153846 0.07692307692307693 0.16466346153846154
0 0.2848557692307692 0.7199519230769231 0.06971153846153846 0.12620192307692307
0 0.2439903846153846 0.44350961538461536 0.07932692307692307 0.12139423076923077
0 0.08533653846153846 0.41947115384615385 0.06490384615384616 0.13341346153846154
0 0.026442307692307692 0.6862980769230769 0.038461538461538464 0.18509615384615385
0 0.28846153846153844 0.2824519230769231 0.06610576923076923 0.13221153846153846
0 0.5288461538461539 0.2848557692307692 0.056490384615384616 0.13221153846153846
0 0.4831730769230769 0.2620192307692308 0.06009615384615385 0.10576923076923077
0 0.36177884615384615 0.16947115384615385 0.06490384615384616 0.11899038461538461
0 0.40384615384615385 0.21754807692307693 0.04567307692307692 0.09375
0 0.15985576923076922 0.2127403846153846 0.07091346153846154 0.13581730769230768
0 0.10697115384615384 0.12740384615384615 0.05889423076923077 0.0985576923076923
0 0.06009615384615385 0.078125 0.036057692307692304 0.07572115384615384
0 0.28846153846153844 0.07091346153846154 0.055288461538461536 0.09975961538461539
0 0.2620192307692308 0.17548076923076922 0.06009615384615385 0.11177884615384616
0 0.21514423076923078 0.06009615384615385 0.03365384615384615 0.06850961538461539
0 0.14543269230769232 0.03245192307692308 0.036057692307692304 0.06490384615384616
0 0.6274038461538461 0.19951923076923078 0.054086538461538464 0.12259615384615384
0 0.3329326923076923 0.07692307692307693 0.026442307692307692 0.051682692307692304