0 0.057692307692307696 0.9543269230769231 0.010817307692307692 0.03125
0 0.13822115384615385 0.9050480769230769 0.018028846153846152 0.038461538461538464
0 0.19591346153846154 0.21995192307692307 0.020432692307692308 0.07932692307692307
0 0.15384615384615385 0.21033653846153846 0.027644230769230768 0.1045673076923077
0 0.2764423076923077 0.49278846153846156 0.013221153846153846 0.03245192307692308
0 0.25600961538461536 0.546875 0.01201923076923077 0.03125
0 0.29447115384615385 0.5661057692307693 0.013221153846153846 0.036057692307692304
0 0.27163461538461536 0.5949519230769231 0.013221153846153846 0.03245192307692308
0 0.2776442307692308 0.6322115384615384 0.01201923076923077 0.02283653846153846
0 0.29447115384615385 0.6105769230769231 0.009615384615384616 0.028846153846153848
0 0.26802884615384615 0.6622596153846154 0.013221153846153846 0.038461538461538464
0 0.33653846153846156 0.6358173076923077 0.007211538461538462 0.03245192307692308
0 0.34375 0.6334134615384616 0.013221153846153846 0.03485576923076923
0 0.3701923076923077 0.6165865384615384 0.01201923076923077 0.03245192307692308
0 0.3076923076923077 0.5901442307692307 0.013221153846153846 0.042067307692307696
0 0.24639423076923078 0.578125 0.010817307692307692 0.040865384615384616
0 0.2439903846153846 0.6478365384615384 0.009615384615384616 0.040865384615384616
0 0.25 0.6778846153846154 0.007211538461538462 0.028846153846153848
0 0.25 0.7379807692307693 0.016826923076923076 0.036057692307692304
0 0.3485576923076923 0.6862980769230769 0.013221153846153846 0.03125
0 0.3161057692307692 0.7091346153846154 0.013221153846153846 0.03125
0 0.27403846153846156 0.7091346153846154 0.015625 0.036057692307692304
0 0.328125 0.7355769230769231 0.010817307692307692 0.03125
0 0.3786057692307692 0.7091346153846154 0.015625 0.042067307692307696
0 0.2848557692307692 0.6995192307692307 0.014423076923076924 0.040865384615384616
0 0.29086538461538464 0.6526442307692307 0.008413461538461538 0.021634615384615384
0 0.3870192307692308 0.5817307692307693 0.008413461538461538 0.02283653846153846
0 0.36778846153846156 0.5685096153846154 0.01201923076923077 0.03245192307692308
0 0.6694711538461539 0.9423076923076923 0.02403846153846154 0.06370192307692307
0 0.7920673076923077 0.9783653846153846 0.021634615384615384 0.040865384615384616
0 0.71875 0.6490384615384616 0.021634615384615384 0.08052884615384616
0 0.6838942307692307 0.3581730769230769 0.02403846153846154 0.07091346153846154
0 0.7235576923076923 0.3713942307692308 0.020432692307692308 0.07091346153846154
0 0.75 0.3605769230769231 0.018028846153846152 0.06129807692307692
0 0.6610576923076923 0.3737980769230769 0.018028846153846152 0.06610576923076923
0 0.9014423076923077 0.28846153846153844 0.014423076923076924 0.06610576923076923
0 0.8798076923076923 0.31009615384615385 0.013221153846153846 0.054086538461538464
0 0.5913461538461539 0.11538461538461539 0.03125 0.125
0 0.3473557692307692 0.07572115384615384 0.037259615384615384 0.12860576923076922
0 0.7920673076923077 0.06610576923076923 0.026442307692307692 0.10216346153846154
0 0.010817307692307692 0.9519230769230769 0.008413461538461538 0.03125
0 0.5048076923076923 0.38341346153846156 0.09254807692307693 0.25841346153846156
0 0.9627403846153846 0.028846153846153848 0.021634615384615384 0.057692307692307696