0 0.40865384615384615 0.38822115384615385 0.036057692307692304 0.08052884615384616
0 0.5048076923076923 0.3737980769230769 0.07932692307692307 0.15384615384615385
0 0.5757211538461539 0.45552884615384615 0.027644230769230768 0.052884615384615384
0 0.6045673076923077 0.4098557692307692 0.020432692307692308 0.04927884615384615
0 0.6430288461538461 0.3954326923076923 0.019230769230769232 0.04807692307692308
0 0.6538461538461539 0.42427884615384615 0.02283653846153846 0.037259615384615384
0 0.6850961538461539 0.43028846153846156 0.018028846153846152 0.028846153846153848
0 0.7115384615384616 0.4651442307692308 0.013221153846153846 0.026442307692307692
0 0.7475961538461539 0.4519230769230769 0.021634615384615384 0.036057692307692304
0 0.7271634615384616 0.42788461538461536 0.013221153846153846 0.026442307692307692
0 0.7127403846153846 0.4338942307692308 0.014423076923076924 0.02403846153846154
0 0.7403846153846154 0.4170673076923077 0.008413461538461538 0.020432692307692308
0 0.796875 0.42908653846153844 0.015625 0.028846153846153848
0 0.030048076923076924 0.4266826923076923 0.03485576923076923 0.07572115384615384
0 0.07572115384615384 0.4362980769230769 0.03125 0.04927884615384615
0 0.20793269230769232 0.41466346153846156 0.054086538461538464 0.08774038461538461
0 0.27403846153846156 0.46033653846153844 0.013221153846153846 0.021634615384615384
0 0.10096153846153846 0.4639423076923077 0.01201923076923077 0.020432692307692308
0 0.9038461538461539 0.4387019230769231 0.014423076923076924 0.03365384615384615
0 0.5492788461538461 0.43990384615384615 0.007211538461538462 0.020432692307692308
0 0.3389423076923077 0.4411057692307692 0.02283653846153846 0.030048076923076924
0 0.2956730769230769 0.4387019230769231 0.014423076923076924 0.018028846153846152