0 0.43990384615384615 0.23677884615384615 0.07692307692307693 0.1201923076923077
0 0.7151442307692307 0.2536057692307692 0.06610576923076923 0.109375
0 0.028846153846153848 0.6081730769230769 0.015625 0.020432692307692308
0 0.06490384615384616 0.6502403846153846 0.019230769230769232 0.03245192307692308
0 0.06009615384615385 0.6057692307692307 0.013221153846153846 0.014423076923076924
0 0.20673076923076922 0.4951923076923077 0.078125 0.09254807692307693
0 0.5396634615384616 0.7415865384615384 0.08413461538461539 0.11778846153846154
0 0.45913461538461536 0.6213942307692307 0.02403846153846154 0.03365384615384615
0 0.4795673076923077 0.5985576923076923 0.015625 0.025240384615384616
0 0.37740384615384615 0.6237980769230769 0.016826923076923076 0.02283653846153846
0 0.25721153846153844 0.5697115384615384 0.013221153846153846 0.027644230769230768
0 0.2692307692307692 0.5769230769230769 0.007211538461538462 0.008413461538461538
0 0.3581730769230769 0.6141826923076923 0.010817307692307692 0.015625
0 0.33653846153846156 0.609375 0.010817307692307692 0.016826923076923076
0 0.3858173076923077 0.6334134615384616 0.007211538461538462 0.010817307692307692
0 0.4014423076923077 0.6201923076923077 0.006009615384615385 0.013221153846153846
0 0.40865384615384615 0.6141826923076923 0.007211538461538462 0.016826923076923076
0 0.4254807692307692 0.6201923076923077 0.003605769230769231 0.008413461538461538
0 0.5649038461538461 0.6141826923076923 0.021634615384615384 0.026442307692307692
0 0.5072115384615384 0.6129807692307693 0.004807692307692308 0.008413461538461538
0 0.4855769230769231 0.6165865384615384 0.008413461538461538 0.010817307692307692
0 0.5336538461538461 0.6069711538461539 0.003605769230769231 0.006009615384615385
0 0.4951923076923077 0.6177884615384616 0.003605769230769231 0.007211538461538462
0 0.5096153846153846 0.609375 0.006009615384615385 0.010817307692307692
0 0.5336538461538461 0.6177884615384616 0.004807692307692308 0.006009615384615385
0 0.7379807692307693 0.6514423076923077 0.046875 0.07211538461538461
0 0.6454326923076923 0.5961538461538461 0.04326923076923077 0.046875
0 0.6899038461538461 0.5901442307692307 0.007211538461538462 0.013221153846153846
0 0.6033653846153846 0.6033653846153846 0.004807692307692308 0.008413461538461538
0 0.609375 0.6081730769230769 0.002403846153846154 0.007211538461538462
0 0.8653846153846154 0.5985576923076923 0.056490384615384616 0.06971153846153846
0 0.9242788461538461 0.5600961538461539 0.015625 0.019230769230769232
0 0.796875 0.5841346153846154 0.004807692307692308 0.007211538461538462
0 0.9615384615384616 0.5396634615384616 0.002403846153846154 0.004807692307692308
0 0.8990384615384616 0.5576923076923077 0.01201923076923077 0.010817307692307692
0 0.7824519230769231 0.5829326923076923 0.004807692307692308 0.006009615384615385