0 0.5408653846153846 0.03245192307692308 0.007211538461538462 0.016826923076923076
0 0.5865384615384616 0.05048076923076923 0.009615384615384616 0.016826923076923076
0 0.7235576923076923 0.09495192307692307 0.008413461538461538 0.02283653846153846
0 0.6682692307692307 0.18028846153846154 0.01201923076923077 0.027644230769230768
0 0.6117788461538461 0.21153846153846154 0.010817307692307692 0.026442307692307692
0 0.5649038461538461 0.23798076923076922 0.010817307692307692 0.02283653846153846
0 0.21514423076923078 0.2980769230769231 0.010817307692307692 0.026442307692307692
0 0.20432692307692307 0.27283653846153844 0.008413461538461538 0.02403846153846154
0 0.41346153846153844 0.21153846153846154 0.01201923076923077 0.020432692307692308
0 0.4483173076923077 0.21033653846153846 0.008413461538461538 0.02403846153846154
0 0.49399038461538464 0.20673076923076922 0.010817307692307692 0.02283653846153846
0 0.5204326923076923 0.23317307692307693 0.009615384615384616 0.026442307692307692
0 0.5456730769230769 0.20793269230769232 0.01201923076923077 0.03125
0 0.4266826923076923 0.17908653846153846 0.01201923076923077 0.02403846153846154
0 0.7475961538461539 0.21754807692307693 0.01201923076923077 0.02403846153846154
0 0.8425480769230769 0.19110576923076922 0.01201923076923077 0.030048076923076924
0 0.7944711538461539 0.16105769230769232 0.010817307692307692 0.02403846153846154
0 0.8076923076923077 0.2548076923076923 0.010817307692307692 0.026442307692307692
0 0.6382211538461539 0.25 0.010817307692307692 0.030048076923076924
0 0.9290865384615384 0.4014423076923077 0.013221153846153846 0.030048076923076924
0 0.9735576923076923 0.3545673076923077 0.010817307692307692 0.027644230769230768
0 0.7740384615384616 0.3293269230769231 0.01201923076923077 0.03125
0 0.8810096153846154 0.3401442307692308 0.01201923076923077 0.03245192307692308
0 0.8353365384615384 0.4483173076923077 0.01201923076923077 0.03125
0 0.20432692307692307 0.4098557692307692 0.010817307692307692 0.03485576923076923
0 0.47115384615384615 0.9603365384615384 0.013221153846153846 0.03245192307692308
0 0.9663461538461539 0.4579326923076923 0.013221153846153846 0.027644230769230768
0 0.96875 0.5120192307692307 0.013221153846153846 0.03485576923076923
0 0.7247596153846154 0.2536057692307692 0.009615384615384616 0.020432692307692308
0 0.7704326923076923 0.2692307692307692 0.010817307692307692 0.020432692307692308
0 0.8954326923076923 0.21875 0.014423076923076924 0.03485576923076923
0 0.890625 0.24278846153846154 0.007211538461538462 0.020432692307692308
0 0.9182692307692307 0.3605769230769231 0.007211538461538462 0.014423076923076924
0 0.5528846153846154 0.3545673076923077 0.009615384615384616 0.02403846153846154
0 0.5733173076923077 0.2776442307692308 0.013221153846153846 0.026442307692307692
0 0.4891826923076923 0.24158653846153846 0.013221153846153846 0.02283653846153846
0 0.5204326923076923 0.203125 0.007211538461538462 0.01201923076923077
0 0.3329326923076923 0.24519230769230768 0.010817307692307692 0.02403846153846154
0 0.33413461538461536 0.203125 0.008413461538461538 0.015625
0 0.33653846153846156 0.18870192307692307 0.007211538461538462 0.019230769230769232
0 0.34134615384615385 0.17908653846153846 0.006009615384615385 0.008413461538461538
0 0.34615384615384615 0.16466346153846154 0.007211538461538462 0.019230769230769232
0 0.390625 0.23317307692307693 0.008413461538461538 0.020432692307692308
0 0.4170673076923077 0.3016826923076923 0.010817307692307692 0.02403846153846154
0 0.28125 0.24639423076923078 0.007211538461538462 0.015625
0 0.21153846153846154 0.2704326923076923 0.007211538461538462 0.020432692307692308
0 0.4375 0.515625 0.009615384615384616 0.030048076923076924
0 0.25 0.4543269230769231 0.01201923076923077 0.036057692307692304
0 0.20552884615384615 0.3641826923076923 0.009615384615384616 0.02403846153846154
0 0.15985576923076922 0.3581730769230769 0.009615384615384616 0.020432692307692308
0 0.10216346153846154 0.4483173076923077 0.016826923076923076 0.038461538461538464
0 0.20552884615384615 0.4831730769230769 0.007211538461538462 0.026442307692307692
0 0.48197115384615385 0.390625 0.013221153846153846 0.03485576923076923
0 0.45913461538461536 0.3713942307692308 0.014423076923076924 0.03125
0 0.2920673076923077 0.32091346153846156 0.010817307692307692 0.027644230769230768
0 0.41586538461538464 0.6995192307692307 0.015625 0.027644230769230768