0 0.003605769230769231 0.21033653846153846 0.003605769230769231 0.02403846153846154
0 0.038461538461538464 0.3137019230769231 0.02403846153846154 0.06610576923076923
0 0.010817307692307692 0.3401442307692308 0.008413461538461538 0.042067307692307696
0 0.10216346153846154 0.2548076923076923 0.01201923076923077 0.028846153846153848
0 0.025240384615384616 0.37740384615384615 0.021634615384615384 0.0829326923076923
0 0.021634615384615384 0.7692307692307693 0.04326923076923077 0.125
0 0.08173076923076923 0.4807692307692308 0.02283653846153846 0.10096153846153846
0 0.1971153846153846 0.3112980769230769 0.018028846153846152 0.054086538461538464
0 0.21754807692307693 0.7007211538461539 0.027644230769230768 0.12980769230769232
0 0.21634615384615385 0.3894230769230769 0.019230769230769232 0.0829326923076923
0 0.3161057692307692 0.453125 0.02403846153846154 0.0985576923076923
0 0.16706730769230768 0.2548076923076923 0.008413461538461538 0.026442307692307692
0 0.2283653846153846 0.2548076923076923 0.015625 0.054086538461538464
0 0.3004807692307692 0.23798076923076922 0.013221153846153846 0.03245192307692308
0 0.30649038461538464 0.27884615384615385 0.013221153846153846 0.046875
0 0.3737980769230769 0.44591346153846156 0.02403846153846154 0.08052884615384616
0 0.421875 0.35336538461538464 0.02403846153846154 0.0733173076923077
0 0.39663461538461536 0.53125 0.03245192307692308 0.12980769230769232
0 0.4206730769230769 0.6346153846153846 0.04567307692307692 0.16947115384615385
0 0.4807692307692308 0.43149038461538464 0.038461538461538464 0.10096153846153846
0 0.5612980769230769 0.6298076923076923 0.04326923076923077 0.14423076923076922
0 0.515625 0.375 0.02283653846153846 0.0733173076923077
0 0.5084134615384616 0.2824519230769231 0.007211538461538462 0.039663461538461536
0 0.5685096153846154 0.42427884615384615 0.02403846153846154 0.08774038461538461
0 0.5949519230769231 0.453125 0.02403846153846154 0.11057692307692307
0 0.5901442307692307 0.3485576923076923 0.013221153846153846 0.046875
0 0.6213942307692307 0.2668269230769231 0.013221153846153846 0.039663461538461536
0 0.6358173076923077 0.33774038461538464 0.02403846153846154 0.07572115384615384
0 0.6550480769230769 0.6959134615384616 0.04447115384615385 0.0985576923076923
0 0.6875 0.3581730769230769 0.02403846153846154 0.07572115384615384
0 0.7175480769230769 0.4362980769230769 0.028846153846153848 0.10817307692307693
0 0.6911057692307693 0.23557692307692307 0.008413461538461538 0.02403846153846154
0 0.8052884615384616 0.4831730769230769 0.026442307692307692 0.09254807692307693
0 0.7644230769230769 0.31850961538461536 0.014423076923076924 0.039663461538461536
0 0.8149038461538461 0.2920673076923077 0.01201923076923077 0.037259615384615384
0 0.7872596153846154 0.3329326923076923 0.008413461538461538 0.051682692307692304
0 0.84375 0.2403846153846154 0.009615384615384616 0.03125
0 0.7247596153846154 0.25 0.010817307692307692 0.03485576923076923
0 0.8245192307692307 0.38461538461538464 0.01201923076923077 0.054086538461538464
0 0.8293269230769231 0.4266826923076923 0.018028846153846152 0.0985576923076923
0 0.8954326923076923 0.28725961538461536 0.014423076923076924 0.046875
0 0.8485576923076923 0.28966346153846156 0.013221153846153846 0.021634615384615384
0 0.9002403846153846 0.4411057692307692 0.02403846153846154 0.078125
0 0.8653846153846154 0.2283653846153846 0.007211538461538462 0.02403846153846154
0 0.9134615384615384 0.6105769230769231 0.028846153846153848 0.11538461538461539
0 0.9615384615384616 0.34615384615384615 0.015625 0.06370192307692307
0 0.9759615384615384 0.37740384615384615 0.018028846153846152 0.07091346153846154
0 0.9038461538461539 0.2403846153846154 0.01201923076923077 0.03485576923076923
0 0.7463942307692307 0.703125 0.036057692307692304 0.13221153846153846
0 0.8413461538461539 0.78125 0.055288461538461536 0.0985576923076923
0 0.9891826923076923 0.24519230769230768 0.013221153846153846 0.03125
0 0.1310096153846154 0.75 0.054086538461538464 0.15985576923076922
0 0.12379807692307693 0.41225961538461536 0.025240384615384616 0.10336538461538461
0 0.5012019230769231 0.21875 0.010817307692307692 0.03485576923076923