0 0.003605769230769231 0.9254807692307693 0.007211538461538462 0.014423076923076924
0 0.030048076923076924 0.8701923076923077 0.006009615384615385 0.01201923076923077
0 0.0625 0.875 0.004807692307692308 0.010817307692307692
0 0.040865384615384616 0.9663461538461539 0.01201923076923077 0.018028846153846152
0 0.0889423076923077 0.9411057692307693 0.010817307692307692 0.013221153846153846
0 0.13221153846153846 0.9639423076923077 0.009615384615384616 0.013221153846153846
0 0.15865384615384615 0.9795673076923077 0.01201923076923077 0.014423076923076924
0 0.18269230769230768 0.953125 0.009615384615384616 0.015625
0 0.15384615384615385 0.9471153846153846 0.009615384615384616 0.014423076923076924
0 0.11057692307692307 0.8810096153846154 0.008413461538461538 0.013221153846153846
0 0.13581730769230768 0.8882211538461539 0.010817307692307692 0.014423076923076924
0 0.14543269230769232 0.8377403846153846 0.006009615384615385 0.010817307692307692
0 0.12259615384615384 0.8629807692307693 0.006009615384615385 0.007211538461538462
0 0.12860576923076922 0.8569711538461539 0.004807692307692308 0.009615384615384616
0 0.18389423076923078 0.8461538461538461 0.007211538461538462 0.01201923076923077
0 0.21033653846153846 0.9122596153846154 0.009615384615384616 0.014423076923076924
0 0.25 0.9411057692307693 0.008413461538461538 0.014423076923076924
0 0.26802884615384615 0.9026442307692307 0.008413461538461538 0.013221153846153846
0 0.3137019230769231 0.9338942307692307 0.008413461538461538 0.01201923076923077
0 0.34615384615384615 0.9543269230769231 0.009615384615384616 0.015625
0 0.36899038461538464 0.9375 0.007211538461538462 0.013221153846153846
0 0.359375 0.8533653846153846 0.008413461538461538 0.013221153846153846
0 0.020432692307692308 0.7439903846153846 0.007211538461538462 0.007211538461538462
0 0.16346153846153846 0.6430288461538461 0.006009615384615385 0.009615384615384616
0 0.06490384615384616 0.6370192307692307 0.006009615384615385 0.007211538461538462
0 0.07451923076923077 0.5829326923076923 0.006009615384615385 0.007211538461538462
0 0.09254807692307693 0.5853365384615384 0.007211538461538462 0.009615384615384616
0 0.11899038461538461 0.6177884615384616 0.004807692307692308 0.007211538461538462
0 0.1466346153846154 0.6189903846153846 0.006009615384615385 0.009615384615384616
0 0.17668269230769232 0.6346153846153846 0.006009615384615385 0.007211538461538462
0 0.17427884615384615 0.6141826923076923 0.004807692307692308 0.007211538461538462
0 0.19110576923076922 0.6105769230769231 0.004807692307692308 0.007211538461538462
0 0.1658653846153846 0.6045673076923077 0.004807692307692308 0.006009615384615385
0 0.14302884615384615 0.5877403846153846 0.004807692307692308 0.006009615384615385
0 0.15985576923076922 0.5817307692307693 0.006009615384615385 0.006009615384615385
0 0.004807692307692308 0.6634615384615384 0.004807692307692308 0.007211538461538462
0 0.002403846153846154 0.6189903846153846 0.004807692307692308 0.007211538461538462
0 0.036057692307692304 0.59375 0.003605769230769231 0.007211538461538462
0 0.038461538461538464 0.5192307692307693 0.006009615384615385 0.007211538461538462
0 0.030048076923076924 0.45552884615384615 0.002403846153846154 0.004807692307692308
0 0.0625 0.4963942307692308 0.003605769230769231 0.004807692307692308
0 0.078125 0.5204326923076923 0.004807692307692308 0.007211538461538462
0 0.09254807692307693 0.4987980769230769 0.003605769230769231 0.006009615384615385
0 0.06850961538461539 0.4831730769230769 0.003605769230769231 0.004807692307692308
0 0.09254807692307693 0.47596153846153844 0.003605769230769231 0.006009615384615385
0 0.09375 0.4375 0.004807692307692308 0.006009615384615385
0 0.11057692307692307 0.43509615384615385 0.002403846153846154 0.006009615384615385
0 0.11057692307692307 0.47475961538461536 0.002403846153846154 0.004807692307692308
0 0.11658653846153846 0.48197115384615385 0.003605769230769231 0.004807692307692308
0 0.13221153846153846 0.4951923076923077 0.003605769230769231 0.007211538461538462
0 0.125 0.47475961538461536 0.004807692307692308 0.006009615384615385
0 0.12620192307692307 0.43149038461538464 0.004807692307692308 0.006009615384615385
0 0.14302884615384615 0.4807692307692308 0.003605769230769231 0.004807692307692308
0 0.14423076923076922 0.46875 0.004807692307692308 0.007211538461538462
0 0.1502403846153846 0.44471153846153844 0.003605769230769231 0.006009615384615385
0 0.15625 0.43028846153846156 0.003605769230769231 0.006009615384615385
0 0.15985576923076922 0.4639423076923077 0.003605769230769231 0.006009615384615385
0 0.16947115384615385 0.49399038461538464 0.003605769230769231 0.006009615384615385
0 0.18870192307692307 0.4891826923076923 0.004807692307692308 0.006009615384615385
0 0.17908653846153846 0.46274038461538464 0.004807692307692308 0.004807692307692308
0 0.18028846153846154 0.453125 0.006009615384615385 0.006009615384615385
0 0.18509615384615385 0.4230769230769231 0.004807692307692308 0.004807692307692308
0 0.02403846153846154 0.33774038461538464 0.002403846153846154 0.003605769230769231
0 0.040865384615384616 0.3425480769230769 0.002403846153846154 0.004807692307692308
0 0.09014423076923077 0.4014423076923077 0.002403846153846154 0.004807692307692308
0 0.09615384615384616 0.37259615384615385 0.002403846153846154 0.003605769230769231
0 0.11057692307692307 0.37259615384615385 0.002403846153846154 0.006009615384615385
0 0.2764423076923077 0.7644230769230769 0.008413461538461538 0.013221153846153846
0 0.23677884615384615 0.6526442307692307 0.006009615384615385 0.007211538461538462
0 0.19230769230769232 0.6502403846153846 0.006009615384615385 0.007211538461538462
0 0.3389423076923077 0.671875 0.008413461538461538 0.01201923076923077
0 0.35336538461538464 0.7079326923076923 0.007211538461538462 0.010817307692307692
0 0.3786057692307692 0.7067307692307693 0.006009615384615385 0.009615384615384616
0 0.4050480769230769 0.7319711538461539 0.007211538461538462 0.009615384615384616
0 0.38221153846153844 0.6430288461538461 0.008413461538461538 0.010817307692307692
0 0.36538461538461536 0.5829326923076923 0.004807692307692308 0.006009615384615385
0 0.3269230769230769 0.6346153846153846 0.006009615384615385 0.009615384615384616
0 0.33413461538461536 0.6682692307692307 0.004807692307692308 0.009615384615384616
0 0.29927884615384615 0.6274038461538461 0.006009615384615385 0.009615384615384616
0 0.2920673076923077 0.6057692307692307 0.004807692307692308 0.007211538461538462
0 0.21634615384615385 0.6225961538461539 0.006009615384615385 0.009615384615384616
0 0.21634615384615385 0.5829326923076923 0.004807692307692308 0.009615384615384616
0 0.23557692307692307 0.5841346153846154 0.006009615384615385 0.009615384615384616
0 0.2283653846153846 0.5612980769230769 0.004807692307692308 0.006009615384615385
0 0.27283653846153844 0.5985576923076923 0.004807692307692308 0.006009615384615385
0 0.22716346153846154 0.6189903846153846 0.003605769230769231 0.006009615384615385
0 0.26322115384615385 0.6225961538461539 0.004807692307692308 0.007211538461538462
0 0.22956730769230768 0.6033653846153846 0.004807692307692308 0.007211538461538462
0 0.25841346153846156 0.6237980769230769 0.003605769230769231 0.006009615384615385
0 0.24519230769230768 0.5600961538461539 0.004807692307692308 0.009615384615384616
0 0.2920673076923077 0.5444711538461539 0.004807692307692308 0.006009615384615385
0 0.2920673076923077 0.5336538461538461 0.006009615384615385 0.007211538461538462
0 0.3004807692307692 0.5408653846153846 0.004807692307692308 0.009615384615384616
0 0.32572115384615385 0.5060096153846154 0.003605769230769231 0.006009615384615385
0 0.2824519230769231 0.5096153846153846 0.004807692307692308 0.007211538461538462
0 0.2848557692307692 0.5805288461538461 0.004807692307692308 0.006009615384615385
0 0.21995192307692307 0.4579326923076923 0.003605769230769231 0.006009615384615385
0 0.19831730769230768 0.4543269230769231 0.002403846153846154 0.003605769230769231
0 0.19471153846153846 0.45072115384615385 0.003605769230769231 0.004807692307692308
0 0.1971153846153846 0.43509615384615385 0.003605769230769231 0.003605769230769231
0 0.21394230769230768 0.4230769230769231 0.003605769230769231 0.006009615384615385
0 0.234375 0.421875 0.003605769230769231 0.004807692307692308
0 0.25 0.44471153846153844 0.004807692307692308 0.006009615384615385
0 0.2776442307692308 0.4230769230769231 0.004807692307692308 0.006009615384615385
0 0.29086538461538464 0.4098557692307692 0.002403846153846154 0.006009615384615385
0 0.296875 0.39903846153846156 0.003605769230769231 0.004807692307692308
0 0.25600961538461536 0.41225961538461536 0.002403846153846154 0.004807692307692308
0 0.2536057692307692 0.40384615384615385 0.002403846153846154 0.006009615384615385
0 0.23076923076923078 0.4026442307692308 0.003605769230769231 0.003605769230769231
0 0.22115384615384615 0.4050480769230769 0.003605769230769231 0.004807692307692308
0 0.19951923076923078 0.3954326923076923 0.002403846153846154 0.003605769230769231
0 0.203125 0.38822115384615385 0.002403846153846154 0.004807692307692308
0 0.18629807692307693 0.3894230769230769 0.002403846153846154 0.004807692307692308
0 0.18269230769230768 0.375 0.002403846153846154 0.003605769230769231
0 0.24278846153846154 0.38461538461538464 0.003605769230769231 0.003605769230769231
0 0.2536057692307692 0.3762019230769231 0.004807692307692308 0.007211538461538462
0 0.2704326923076923 0.4026442307692308 0.002403846153846154 0.004807692307692308
0 0.2980769230769231 0.38461538461538464 0.002403846153846154 0.003605769230769231
0 0.29086538461538464 0.3737980769230769 0.004807692307692308 0.006009615384615385
0 0.2776442307692308 0.37259615384615385 0.006009615384615385 0.006009615384615385
0 0.21754807692307693 0.3269230769230769 0.003605769230769231 0.003605769230769231
0 0.18509615384615385 0.328125 0.002403846153846154 0.003605769230769231
0 0.18629807692307693 0.31009615384615385 0.002403846153846154 0.003605769230769231
0 0.20552884615384615 0.328125 0.002403846153846154 0.003605769230769231
0 0.16105769230769232 0.2980769230769231 0.002403846153846154 0.003605769230769231
0 0.17427884615384615 0.3317307692307692 0.002403846153846154 0.004807692307692308
0 0.18990384615384615 0.2956730769230769 0.002403846153846154 0.003605769230769231
0 0.013221153846153846 0.375 0.003605769230769231 0.004807692307692308
0 0.007211538461538462 0.2980769230769231 0.002403846153846154 0.002403846153846154
0 0.014423076923076924 0.296875 0.002403846153846154 0.002403846153846154
0 0.06009615384615385 0.29086538461538464 0.002403846153846154 0.002403846153846154
0 0.057692307692307696 0.2824519230769231 0.002403846153846154 0.002403846153846154
0 0.055288461538461536 0.27283653846153844 0.002403846153846154 0.002403846153846154
0 0.06129807692307692 0.27524038461538464 0.002403846153846154 0.002403846153846154
0 0.11298076923076923 0.3004807692307692 0.002403846153846154 0.003605769230769231
0 0.10216346153846154 0.30288461538461536 0.002403846153846154 0.003605769230769231
0 0.14543269230769232 0.2800480769230769 0.002403846153846154 0.003605769230769231
0 0.12259615384615384 0.2860576923076923 0.002403846153846154 0.002403846153846154
0 0.1141826923076923 0.2776442307692308 0.002403846153846154 0.002403846153846154
0 0.12740384615384615 0.27524038461538464 0.002403846153846154 0.002403846153846154
0 0.20793269230769232 0.2920673076923077 0.002403846153846154 0.004807692307692308
0 0.1971153846153846 0.28846153846153844 0.002403846153846154 0.003605769230769231
0 0.2692307692307692 0.3293269230769231 0.003605769230769231 0.003605769230769231
0 0.24879807692307693 0.3701923076923077 0.004807692307692308 0.004807692307692308
0 0.3088942307692308 0.36177884615384615 0.004807692307692308 0.010817307692307692
0 0.21995192307692307 0.36899038461538464 0.003605769230769231 0.004807692307692308
0 0.234375 0.35697115384615385 0.006009615384615385 0.009615384615384616
0 0.24759615384615385 0.3605769230769231 0.002403846153846154 0.004807692307692308
0 0.30528846153846156 0.41947115384615385 0.003605769230769231 0.003605769230769231
0 0.31971153846153844 0.44471153846153844 0.003605769230769231 0.006009615384615385
0 0.3329326923076923 0.4411057692307692 0.002403846153846154 0.006009615384615385
0 0.29927884615384615 0.46153846153846156 0.003605769230769231 0.006009615384615385
0 0.3173076923076923 0.40384615384615385 0.002403846153846154 0.003605769230769231
0 0.31490384615384615 0.4026442307692308 0.003605769230769231 0.007211538461538462
0 0.328125 0.3786057692307692 0.002403846153846154 0.004807692307692308
0 0.3425480769230769 0.3798076923076923 0.002403846153846154 0.003605769230769231
0 0.3473557692307692 0.3894230769230769 0.002403846153846154 0.003605769230769231
0 0.3581730769230769 0.4050480769230769 0.002403846153846154 0.004807692307692308
0 0.33774038461538464 0.4182692307692308 0.003605769230769231 0.004807692307692308
0 0.33774038461538464 0.4326923076923077 0.003605769230769231 0.006009615384615385
0 0.3329326923076923 0.27884615384615385 0.003605769230769231 0.004807692307692308
0 0.3425480769230769 0.27163461538461536 0.002403846153846154 0.006009615384615385
0 0.3581730769230769 0.3112980769230769 0.003605769230769231 0.006009615384615385
0 0.36778846153846156 0.296875 0.002403846153846154 0.004807692307692308
0 0.359375 0.3016826923076923 0.003605769230769231 0.006009615384615385
0 0.34134615384615385 0.2956730769230769 0.002403846153846154 0.004807692307692308
0 0.3485576923076923 0.2932692307692308 0.004807692307692308 0.006009615384615385
0 0.35697115384615385 0.2860576923076923 0.003605769230769231 0.006009615384615385
0 0.3545673076923077 0.2692307692307692 0.002403846153846154 0.002403846153846154
0 0.3401442307692308 0.31009615384615385 0.002403846153846154 0.004807692307692308
0 0.42427884615384615 0.4110576923076923 0.003605769230769231 0.006009615384615385
0 0.43990384615384615 0.40384615384615385 0.003605769230769231 0.006009615384615385
0 0.36899038461538464 0.36778846153846156 0.003605769230769231 0.004807692307692308
0 0.38822115384615385 0.359375 0.003605769230769231 0.006009615384615385
0 0.40024038461538464 0.3389423076923077 0.003605769230769231 0.006009615384615385
0 0.4074519230769231 0.36177884615384615 0.003605769230769231 0.004807692307692308
0 0.4182692307692308 0.34134615384615385 0.003605769230769231 0.004807692307692308
0 0.4326923076923077 0.34134615384615385 0.002403846153846154 0.004807692307692308
0 0.4266826923076923 0.3557692307692308 0.003605769230769231 0.004807692307692308
0 0.42427884615384615 0.3870192307692308 0.003605769230769231 0.006009615384615385
0 0.39903846153846156 0.4375 0.003605769230769231 0.003605769230769231
0 0.4026442307692308 0.41346153846153844 0.003605769230769231 0.006009615384615385
0 0.47596153846153844 0.4170673076923077 0.003605769230769231 0.006009615384615385
0 0.44711538461538464 0.4519230769230769 0.003605769230769231 0.004807692307692308
0 0.46274038461538464 0.4411057692307692 0.003605769230769231 0.007211538461538462
0 0.4543269230769231 0.4266826923076923 0.003605769230769231 0.004807692307692308
0 0.34615384615384615 0.5060096153846154 0.006009615384615385 0.007211538461538462
0 0.36658653846153844 0.4807692307692308 0.003605769230769231 0.006009615384615385
0 0.3870192307692308 0.47475961538461536 0.003605769230769231 0.004807692307692308
0 0.39663461538461536 0.47836538461538464 0.003605769230769231 0.006009615384615385
0 0.4254807692307692 0.546875 0.006009615384615385 0.007211538461538462
0 0.45552884615384615 0.49038461538461536 0.003605769230769231 0.006009615384615385
0 0.43149038461538464 0.6346153846153846 0.004807692307692308 0.01201923076923077
0 0.46033653846153844 0.6213942307692307 0.006009615384615385 0.01201923076923077
0 0.48677884615384615 0.6009615384615384 0.006009615384615385 0.009615384615384616
0 0.5204326923076923 0.5925480769230769 0.004807692307692308 0.010817307692307692
0 0.5132211538461539 0.6838942307692307 0.006009615384615385 0.009615384615384616
0 0.5204326923076923 0.7127403846153846 0.006009615384615385 0.009615384615384616
0 0.5757211538461539 0.7295673076923077 0.008413461538461538 0.014423076923076924
0 0.43028846153846156 0.7007211538461539 0.007211538461538462 0.013221153846153846
0 0.4074519230769231 0.8064903846153846 0.007211538461538462 0.009615384615384616
0 0.390625 0.9014423076923077 0.007211538461538462 0.014423076923076924
0 0.4699519230769231 0.8473557692307693 0.008413461538461538 0.013221153846153846
0 0.5228365384615384 0.9699519230769231 0.007211538461538462 0.014423076923076924
0 0.42427884615384615 0.9855769230769231 0.007211538461538462 0.013221153846153846
0 0.4375 0.8028846153846154 0.008413461538461538 0.01201923076923077
0 0.4735576923076923 0.7920673076923077 0.007211538461538462 0.013221153846153846
0 0.5144230769230769 0.7956730769230769 0.007211538461538462 0.014423076923076924
0 0.5540865384615384 0.8401442307692307 0.007211538461538462 0.014423076923076924
0 0.47836538461538464 0.7512019230769231 0.006009615384615385 0.007211538461538462
0 0.5 0.7596153846153846 0.006009615384615385 0.010817307692307692
0 0.43149038461538464 0.7644230769230769 0.008413461538461538 0.01201923076923077
0 0.41346153846153844 0.9939903846153846 0.007211538461538462 0.010817307692307692
0 0.4026442307692308 0.9903846153846154 0.007211538461538462 0.013221153846153846
0 0.4387019230769231 0.78125 0.007211538461538462 0.009615384615384616
0 0.4855769230769231 0.7620192307692307 0.004807692307692308 0.009615384615384616
0 0.4795673076923077 0.4639423076923077 0.003605769230769231 0.006009615384615385
0 0.47475961538461536 0.4519230769230769 0.002403846153846154 0.004807692307692308
0 0.515625 0.4567307692307692 0.003605769230769231 0.004807692307692308
0 0.5072115384615384 0.4891826923076923 0.003605769230769231 0.006009615384615385
0 0.5384615384615384 0.4831730769230769 0.003605769230769231 0.006009615384615385
0 0.5480769230769231 0.4723557692307692 0.003605769230769231 0.006009615384615385
0 0.5384615384615384 0.5276442307692307 0.003605769230769231 0.007211538461538462
0 0.5745192307692307 0.5168269230769231 0.006009615384615385 0.009615384615384616
0 0.609375 0.5300480769230769 0.006009615384615385 0.007211538461538462
0 0.578125 0.5504807692307693 0.002403846153846154 0.007211538461538462
0 0.6129807692307693 0.5432692307692307 0.002403846153846154 0.006009615384615385
0 0.5901442307692307 0.5757211538461539 0.006009615384615385 0.009615384615384616
0 0.6081730769230769 0.578125 0.006009615384615385 0.009615384615384616
0 0.6177884615384616 0.5576923076923077 0.006009615384615385 0.007211538461538462
0 0.5588942307692307 0.5949519230769231 0.007211538461538462 0.009615384615384616
0 0.6322115384615384 0.6430288461538461 0.007211538461538462 0.009615384615384616
0 0.6225961538461539 0.6802884615384616 0.006009615384615385 0.009615384615384616
0 0.6622596153846154 0.5901442307692307 0.006009615384615385 0.01201923076923077
0 0.6634615384615384 0.7019230769230769 0.007211538461538462 0.010817307692307692
0 0.6201923076923077 0.7463942307692307 0.007211538461538462 0.010817307692307692
0 0.6237980769230769 0.7211538461538461 0.004807692307692308 0.01201923076923077
0 0.6911057692307693 0.7019230769230769 0.004807692307692308 0.009615384615384616
0 0.7079326923076923 0.6622596153846154 0.007211538461538462 0.013221153846153846
0 0.7379807692307693 0.6887019230769231 0.006009615384615385 0.010817307692307692
0 0.7319711538461539 0.7115384615384616 0.006009615384615385 0.01201923076923077
0 0.8173076923076923 0.671875 0.006009615384615385 0.009615384615384616
0 0.8629807692307693 0.7055288461538461 0.007211538461538462 0.010817307692307692
0 0.9086538461538461 0.7475961538461539 0.006009615384615385 0.01201923076923077
0 0.875 0.7091346153846154 0.007211538461538462 0.01201923076923077
0 0.8605769230769231 0.7319711538461539 0.004807692307692308 0.010817307692307692
0 0.6069711538461539 0.859375 0.007211538461538462 0.013221153846153846
0 0.5877403846153846 0.8317307692307693 0.007211538461538462 0.013221153846153846
0 0.6201923076923077 0.8052884615384616 0.007211538461538462 0.013221153846153846
0 0.6310096153846154 0.828125 0.007211538461538462 0.010817307692307692
0 0.625 0.8822115384615384 0.008413461538461538 0.015625
0 0.6706730769230769 0.9375 0.007211538461538462 0.013221153846153846
0 0.6646634615384616 0.9675480769230769 0.006009615384615385 0.010817307692307692
0 0.7475961538461539 0.9663461538461539 0.007211538461538462 0.013221153846153846
0 0.7331730769230769 0.953125 0.007211538461538462 0.013221153846153846
0 0.7536057692307693 0.8449519230769231 0.006009615384615385 0.013221153846153846
0 0.7536057692307693 0.8112980769230769 0.004807692307692308 0.01201923076923077
0 0.7355769230769231 0.8329326923076923 0.008413461538461538 0.013221153846153846
0 0.7259615384615384 0.8161057692307693 0.007211538461538462 0.014423076923076924
0 0.6911057692307693 0.8076923076923077 0.004807692307692308 0.01201923076923077
0 0.6694711538461539 0.7788461538461539 0.007211538461538462 0.01201923076923077
0 0.8137019230769231 0.9783653846153846 0.006009615384615385 0.014423076923076924
0 0.8125 0.8942307692307693 0.006009615384615385 0.010817307692307692
0 0.8401442307692307 0.9338942307692307 0.007211538461538462 0.014423076923076924
0 0.9266826923076923 0.8545673076923077 0.007211538461538462 0.014423076923076924
0 0.9110576923076923 0.8293269230769231 0.007211538461538462 0.014423076923076924
0 0.8882211538461539 0.8317307692307693 0.006009615384615385 0.013221153846153846
0 0.8798076923076923 0.84375 0.004807692307692308 0.014423076923076924
0 0.8149038461538461 0.8100961538461539 0.007211538461538462 0.01201923076923077
0 0.8028846153846154 0.8377403846153846 0.003605769230769231 0.010817307692307692
0 0.890625 0.8810096153846154 0.008413461538461538 0.013221153846153846
0 0.9711538461538461 0.9579326923076923 0.006009615384615385 0.013221153846153846
0 0.9362980769230769 0.9338942307692307 0.006009615384615385 0.010817307692307692
0 0.9447115384615384 0.875 0.004807692307692308 0.010817307692307692
0 0.8990384615384616 0.953125 0.007211538461538462 0.010817307692307692
0 0.90625 0.9651442307692307 0.004807692307692308 0.01201923076923077
0 0.8822115384615384 0.9507211538461539 0.007211538461538462 0.010817307692307692