0 0 0 0 0
0 0.0537109375 0.24097472924187727 0.015625 0.01444043321299639
0 0.091796875 0.22202166064981949 0.015625 0.01895306859205776
0 0.14990234375 0.22202166064981949 0.0146484375 0.01895306859205776
0 0.17724609375 0.2184115523465704 0.0146484375 0.017148014440433214
0 0.21826171875 0.19855595667870035 0.0146484375 0.016245487364620937
0 0.25927734375 0.2157039711191336 0.0166015625 0.021660649819494584
0 0.1953125 0.25541516245487367 0.029296875 0.05144404332129964
0 0.34765625 0.18592057761732853 0.015625 0.018050541516245487
0 0.31298828125 0.2003610108303249 0.0166015625 0.019855595667870037
0 0.3046875 0.24458483754512636 0.033203125 0.05054151624548736
0 0.009765625 0.23375451263537905 0.015625 0.02075812274368231
0 0.138671875 0.30505415162454874 0.037109375 0.04512635379061372
0 0.38037109375 0.3303249097472924 0.0771484375 0.07490974729241877