0 0.04927884615384615 0.3269230769230769 0.019230769230769232 0.037259615384615384
0 0.12740384615384615 0.43149038461538464 0.015625 0.03365384615384615
0 0.1502403846153846 0.3858173076923077 0.013221153846153846 0.026442307692307692
0 0.18870192307692307 0.4254807692307692 0.013221153846153846 0.036057692307692304
0 0.19951923076923078 0.4206730769230769 0.020432692307692308 0.03245192307692308
0 0.24278846153846154 0.45913461538461536 0.019230769230769232 0.036057692307692304
0 0.2776442307692308 0.46033653846153844 0.007211538461538462 0.028846153846153848
0 0.33653846153846156 0.4411057692307692 0.019230769230769232 0.042067307692307696
0 0.375 0.43990384615384615 0.020432692307692308 0.036057692307692304
0 0.40865384615384615 0.3473557692307692 0.018028846153846152 0.036057692307692304
0 0.4170673076923077 0.32572115384615385 0.016826923076923076 0.036057692307692304
0 0.46875 0.2848557692307692 0.028846153846153848 0.05889423076923077
0 0.49038461538461536 0.32572115384615385 0.020432692307692308 0.03365384615384615
0 0.5336538461538461 0.3076923076923077 0.018028846153846152 0.037259615384615384
0 0.5324519230769231 0.3425480769230769 0.020432692307692308 0.036057692307692304
0 0.5480769230769231 0.3329326923076923 0.02403846153846154 0.052884615384615384
0 0.5829326923076923 0.33413461538461536 0.027644230769230768 0.039663461538461536
0 0.6502403846153846 0.33413461538461536 0.028846153846153848 0.04447115384615385
0 0.6875 0.36177884615384615 0.026442307692307692 0.04447115384615385
0 0.6911057692307693 0.3137019230769231 0.02403846153846154 0.039663461538461536
0 0.859375 0.45552884615384615 0.021634615384615384 0.03485576923076923
0 0.8786057692307693 0.4579326923076923 0.019230769230769232 0.042067307692307696
0 0.9086538461538461 0.32572115384615385 0.027644230769230768 0.052884615384615384
0 0.9975961538461539 0.35697115384615385 0.002403846153846154 0.04326923076923077