0 0.08052884615384616 0.1658653846153846 0.07451923076923077 0.21995192307692307
0 0.234375 0.3389423076923077 0.028846153846153848 0.0625
0 0.26802884615384615 0.3112980769230769 0.03365384615384615 0.10697115384615384
0 0.3112980769230769 0.34615384615384615 0.04326923076923077 0.14302884615384615
0 0.36778846153846156 0.36899038461538464 0.016826923076923076 0.054086538461538464
0 0.4230769230769231 0.3293269230769231 0.030048076923076924 0.09134615384615384
0 0.5252403846153846 0.2920673076923077 0.038461538461538464 0.11177884615384616
0 0.6706730769230769 0.4014423076923077 0.016826923076923076 0.056490384615384616
0 0.7235576923076923 0.36658653846153844 0.02403846153846154 0.056490384615384616
0 0.7596153846153846 0.28966346153846156 0.040865384615384616 0.12620192307692307
0 0.8389423076923077 0.31490384615384615 0.028846153846153848 0.06971153846153846
0 0.875 0.3858173076923077 0.03365384615384615 0.10096153846153846
0 0.96875 0.22355769230769232 0.06129807692307692 0.19831730769230768
0 0.2956730769230769 0.7848557692307693 0.046875 0.07451923076923077
0 0.3581730769230769 0.7776442307692307 0.04567307692307692 0.07211538461538461
0 0.48677884615384615 0.84375 0.038461538461538464 0.051682692307692304
0 0.5829326923076923 0.8786057692307693 0.04447115384615385 0.0625
0 0.6802884615384616 0.8088942307692307 0.046875 0.07932692307692307
0 0.7740384615384616 0.8317307692307693 0.057692307692307696 0.08653846153846154
0 0.5925480769230769 0.3269230769230769 0.030048076923076924 0.0673076923076923