0 0.8425480769230769 0.15264423076923078 0.014423076923076924 0.03125
0 0.8137019230769231 0.14903846153846154 0.008413461538461538 0.02283653846153846
0 0.8798076923076923 0.15745192307692307 0.013221153846153846 0.016826923076923076
0 0.9002403846153846 0.17548076923076922 0.013221153846153846 0.02283653846153846
0 0.859375 0.28725961538461536 0.04567307692307692 0.08413461538461539
0 0.765625 0.2247596153846154 0.04927884615384615 0.08653846153846154
0 0.43149038461538464 0.21394230769230768 0.036057692307692304 0.06009615384615385
0 0.6694711538461539 0.08653846153846154 0.009615384615384616 0.013221153846153846
0 0.36899038461538464 0.1814903846153846 0.018028846153846152 0.016826923076923076
0 0.23677884615384615 0.24158653846153846 0.04447115384615385 0.07692307692307693
0 0.2764423076923077 0.23677884615384615 0.03245192307692308 0.06971153846153846
0 0.3293269230769231 0.234375 0.021634615384615384 0.040865384615384616
0 0.3641826923076923 0.24519230769230768 0.037259615384615384 0.07211538461538461
0 0.41346153846153844 0.2620192307692308 0.04326923076923077 0.07692307692307693
0 0.5336538461538461 0.30408653846153844 0.037259615384615384 0.057692307692307696
0 0.6334134615384616 0.26322115384615385 0.040865384615384616 0.07692307692307693
0 0.4098557692307692 0.14302884615384615 0.013221153846153846 0.02403846153846154
0 0.4266826923076923 0.16346153846153846 0.013221153846153846 0.027644230769230768
0 0.4651442307692308 0.171875 0.008413461538461538 0.015625
0 0.5673076923076923 0.17307692307692307 0.014423076923076924 0.026442307692307692
0 0.5396634615384616 0.1658653846153846 0.021634615384615384 0.028846153846153848
0 0.055288461538461536 0.14783653846153846 0.007211538461538462 0.021634615384615384
0 0.10697115384615384 0.20793269230769232 0.019230769230769232 0.021634615384615384
0 0.18629807692307693 0.17668269230769232 0.013221153846153846 0.027644230769230768
0 0.21754807692307693 0.13822115384615385 0.014423076923076924 0.026442307692307692
0 0.28966346153846156 0.13701923076923078 0.014423076923076924 0.02403846153846154
0 0.32572115384615385 0.13942307692307693 0.016826923076923076 0.02403846153846154
0 0.16947115384615385 0.2620192307692308 0.039663461538461536 0.06129807692307692
0 0.5925480769230769 0.15985576923076922 0.007211538461538462 0.01201923076923077
0 0.7776442307692307 0.1622596153846154 0.013221153846153846 0.020432692307692308
0 0.65625 0.17427884615384615 0.01201923076923077 0.02403846153846154
0 0.6862980769230769 0.20432692307692307 0.018028846153846152 0.036057692307692304
0 0.7079326923076923 0.18028846153846154 0.013221153846153846 0.019230769230769232
0 0.484375 0.3088942307692308 0.03245192307692308 0.04447115384615385