0 0.5841346153846154 0.44350961538461536 0.016826923076923076 0.025240384615384616
0 0.5985576923076923 0.3701923076923077 0.018028846153846152 0.028846153846153848
0 0.6466346153846154 0.3701923076923077 0.018028846153846152 0.026442307692307692
0 0.234375 0.1622596153846154 0.01201923076923077 0.019230769230769232
0 0.21754807692307693 0.13221153846153846 0.009615384615384616 0.018028846153846152
0 0.18990384615384615 0.1875 0.010817307692307692 0.020432692307692308
0 0.171875 0.171875 0.010817307692307692 0.018028846153846152
0 0.12259615384615384 0.18990384615384615 0.010817307692307692 0.016826923076923076
0 0.09014423076923077 0.15745192307692307 0.01201923076923077 0.019230769230769232
0 0.0733173076923077 0.14302884615384615 0.010817307692307692 0.016826923076923076
0 0.015625 0.18870192307692307 0.009615384615384616 0.019230769230769232
0 0.02403846153846154 0.14182692307692307 0.009615384615384616 0.019230769230769232
0 0.021634615384615384 0.016826923076923076 0.008413461538461538 0.016826923076923076
0 0.03245192307692308 0.042067307692307696 0.009615384615384616 0.018028846153846152
0 0.06971153846153846 0.02403846153846154 0.009615384615384616 0.018028846153846152
0 0.0985576923076923 0.007211538461538462 0.008413461538461538 0.014423076923076924
0 0.12139423076923077 0.020432692307692308 0.009615384615384616 0.019230769230769232
0 0.1346153846153846 0.040865384615384616 0.009615384615384616 0.021634615384615384
0 0.17427884615384615 0.018028846153846152 0.01201923076923077 0.018028846153846152
0 0.18509615384615385 0.05048076923076923 0.010817307692307692 0.019230769230769232
0 0.4375 0.18990384615384615 0.010817307692307692 0.019230769230769232
0 0.5336538461538461 0.18389423076923078 0.009615384615384616 0.019230769230769232
0 0.4206730769230769 0.15504807692307693 0.013221153846153846 0.025240384615384616
0 0.4891826923076923 0.1778846153846154 0.01201923076923077 0.019230769230769232
0 0.4795673076923077 0.16706730769230768 0.010817307692307692 0.016826923076923076
0 0.47596153846153844 0.12980769230769232 0.010817307692307692 0.019230769230769232
0 0.5444711538461539 0.21514423076923078 0.010817307692307692 0.018028846153846152
0 0.5985576923076923 0.21153846153846154 0.008413461538461538 0.019230769230769232
0 0.5853365384615384 0.17668269230769232 0.01201923076923077 0.019230769230769232
0 0.6009615384615384 0.1310096153846154 0.01201923076923077 0.018028846153846152
0 0.6646634615384616 0.2091346153846154 0.010817307692307692 0.020432692307692308
0 0.6502403846153846 0.18269230769230768 0.009615384615384616 0.016826923076923076
0 0.6658653846153846 0.16105769230769232 0.010817307692307692 0.019230769230769232
0 0.6670673076923077 0.140625 0.009615384615384616 0.019230769230769232
0 0.5180288461538461 0.12259615384615384 0.013221153846153846 0.018028846153846152
0 0.7872596153846154 0.20432692307692307 0.010817307692307692 0.019230769230769232
0 0.84375 0.20673076923076922 0.010817307692307692 0.018028846153846152
0 0.921875 0.20673076923076922 0.01201923076923077 0.014423076923076924
0 0.7307692307692307 0.18509615384615385 0.01201923076923077 0.021634615384615384
0 0.8245192307692307 0.1622596153846154 0.010817307692307692 0.018028846153846152
0 0.8798076923076923 0.1622596153846154 0.009615384615384616 0.016826923076923076
0 0.9447115384615384 0.1622596153846154 0.009615384615384616 0.019230769230769232
0 0.7704326923076923 0.1346153846153846 0.010817307692307692 0.016826923076923076
0 0.7283653846153846 0.11778846153846154 0.01201923076923077 0.019230769230769232
0 0.84375 0.12740384615384615 0.008413461538461538 0.016826923076923076
0 0.890625 0.1346153846153846 0.010817307692307692 0.019230769230769232
0 0.9555288461538461 0.140625 0.010817307692307692 0.019230769230769232
0 0.3557692307692308 0.04807692307692308 0.008413461538461538 0.015625
0 0.40384615384615385 0.04567307692307692 0.009615384615384616 0.016826923076923076
0 0.390625 0.020432692307692308 0.01201923076923077 0.019230769230769232
0 0.34134615384615385 0.014423076923076924 0.009615384615384616 0.014423076923076924
0 0.43509615384615385 0.057692307692307696 0.01201923076923077 0.018028846153846152
0 0.44591346153846156 0.02403846153846154 0.009615384615384616 0.019230769230769232
0 0.5 0.04567307692307692 0.009615384615384616 0.019230769230769232
0 0.5540865384615384 0.046875 0.009615384615384616 0.018028846153846152
0 0.5889423076923077 0.05048076923076923 0.010817307692307692 0.020432692307692308
0 0.5432692307692307 0.016826923076923076 0.010817307692307692 0.018028846153846152
0 0.6045673076923077 0.04807692307692308 0.01201923076923077 0.018028846153846152
0 0.671875 0.037259615384615384 0.010817307692307692 0.019230769230769232
0 0.6538461538461539 0.014423076923076924 0.009615384615384616 0.015625
0 0.7463942307692307 0.03485576923076923 0.010817307692307692 0.018028846153846152
0 0.7235576923076923 0.020432692307692308 0.010817307692307692 0.018028846153846152
0 0.7848557692307693 0.042067307692307696 0.008413461538461538 0.020432692307692308
0 0.7860576923076923 0.015625 0.009615384615384616 0.018028846153846152
0 0.8401442307692307 0.027644230769230768 0.010817307692307692 0.018028846153846152
0 0.9795673076923077 0.0829326923076923 0.009615384615384616 0.016826923076923076
0 0.8786057692307693 0.046875 0.009615384615384616 0.018028846153846152
0 0.8930288461538461 0.016826923076923076 0.009615384615384616 0.020432692307692308
0 0.9375 0.04447115384615385 0.009615384615384616 0.019230769230769232