0 0.07692307692307693 0.2091346153846154 0.0733173076923077 0.09495192307692307
0 0.47115384615384615 0.12259615384615384 0.125 0.15144230769230768
0 0.6165865384615384 0.3798076923076923 0.02403846153846154 0.028846153846153848
0 0.6117788461538461 0.44350961538461536 0.03485576923076923 0.04567307692307692
0 0.6983173076923077 0.46033653846153844 0.046875 0.03245192307692308
0 0.9254807692307693 0.375 0.03245192307692308 0.03125
0 0.84375 0.3269230769230769 0.025240384615384616 0.028846153846153848
0 0.8846153846153846 0.32211538461538464 0.026442307692307692 0.025240384615384616
0 0.9399038461538461 0.3161057692307692 0.025240384615384616 0.026442307692307692
0 0.984375 0.4254807692307692 0.030048076923076924 0.0673076923076923
0 0.7391826923076923 0.4074519230769231 0.026442307692307692 0.03365384615384615
0 0.9447115384615384 0.42427884615384615 0.039663461538461536 0.056490384615384616
0 0.6658653846153846 0.37740384615384615 0.028846153846153848 0.030048076923076924
0 0.8473557692307693 0.296875 0.019230769230769232 0.020432692307692308
0 0.8100961538461539 0.3425480769230769 0.021634615384615384 0.019230769230769232
0 0.7391826923076923 0.3173076923076923 0.018028846153846152 0.018028846153846152
0 0.7764423076923077 0.2920673076923077 0.014423076923076924 0.020432692307692308
0 0.7259615384615384 0.29447115384615385 0.018028846153846152 0.021634615384615384
0 0.703125 0.3016826923076923 0.014423076923076924 0.019230769230769232
0 0.84375 0.25721153846153844 0.020432692307692308 0.02403846153846154
0 0.8100961538461539 0.2848557692307692 0.025240384615384616 0.02403846153846154
0 0.9915865384615384 0.28966346153846156 0.015625 0.02403846153846154
0 0.9927884615384616 0.32211538461538464 0.013221153846153846 0.021634615384615384
0 0.9927884615384616 0.36658653846153844 0.01201923076923077 0.03365384615384615
0 0.7199519230769231 0.19831730769230768 0.019230769230769232 0.020432692307692308
0 0.828125 0.18629807692307693 0.019230769230769232 0.021634615384615384
0 0.8329326923076923 0.11899038461538461 0.016826923076923076 0.018028846153846152
0 0.9038461538461539 0.10817307692307693 0.016826923076923076 0.019230769230769232
0 0.8677884615384616 0.0829326923076923 0.014423076923076924 0.016826923076923076
0 0.8064903846153846 0.08413461538461539 0.014423076923076924 0.016826923076923076
0 0.7740384615384616 0.140625 0.013221153846153846 0.019230769230769232
0 0.6826923076923077 0.17307692307692307 0.018028846153846152 0.021634615384615384
0 0.6081730769230769 0.09735576923076923 0.015625 0.016826923076923076
0 0.3112980769230769 0.14182692307692307 0.014423076923076924 0.013221153846153846
0 0.26322115384615385 0.14543269230769232 0.013221153846153846 0.014423076923076924
0 0.23317307692307693 0.1045673076923077 0.015625 0.016826923076923076
0 0.29086538461538464 0.10697115384615384 0.013221153846153846 0.014423076923076924
0 0.33533653846153844 0.109375 0.014423076923076924 0.014423076923076924
0 0.20552884615384615 0.2764423076923077 0.015625 0.018028846153846152
0 0.16947115384615385 0.2439903846153846 0.015625 0.019230769230769232
0 0.10216346153846154 0.13701923076923078 0.020432692307692308 0.013221153846153846
0 0.23317307692307693 0.3004807692307692 0.018028846153846152 0.020432692307692308
0 0.6838942307692307 0.4326923076923077 0.036057692307692304 0.039663461538461536
0 0.31971153846153844 0.06129807692307692 0.013221153846153846 0.016826923076923076
0 0.22235576923076922 0.06370192307692307 0.013221153846153846 0.013221153846153846
0 0.27283653846153844 0.06370192307692307 0.01201923076923077 0.013221153846153846
0 0.16947115384615385 0.06370192307692307 0.013221153846153846 0.01201923076923077
0 0.7704326923076923 0.19230769230769232 0.018028846153846152 0.016826923076923076
0 0.7319711538461539 0.16826923076923078 0.016826923076923076 0.019230769230769232
0 0.7872596153846154 0.16105769230769232 0.015625 0.018028846153846152
0 0.7872596153846154 0.32572115384615385 0.021634615384615384 0.02403846153846154
0 0.765625 0.08774038461538461 0.016826923076923076 0.014423076923076924
0 0.6730769230769231 0.07211538461538461 0.013221153846153846 0.013221153846153846
0 0.8545673076923077 0.18629807692307693 0.016826923076923076 0.018028846153846152
0 0.9435096153846154 0.2980769230769231 0.018028846153846152 0.016826923076923076
0 0.3629807692307692 0.07932692307692307 0.013221153846153846 0.014423076923076924
0 0.21153846153846154 0.09014423076923077 0.013221153846153846 0.013221153846153846
0 0.31850961538461536 0.08653846153846154 0.013221153846153846 0.01201923076923077
0 0.19951923076923078 0.04326923076923077 0.01201923076923077 0.013221153846153846
0 0.25721153846153844 0.03365384615384615 0.01201923076923077 0.013221153846153846
0 0.29086538461538464 0.039663461538461536 0.009615384615384616 0.010817307692307692
0 0.33653846153846156 0.03125 0.01201923076923077 0.013221153846153846
0 0.3858173076923077 0.03245192307692308 0.010817307692307692 0.013221153846153846
0 0.14783653846153846 0.040865384615384616 0.009615384615384616 0.010817307692307692
0 0.6213942307692307 0.0733173076923077 0.01201923076923077 0.013221153846153846
0 0.734375 0.07091346153846154 0.010817307692307692 0.010817307692307692
0 0.734375 0.04447115384615385 0.013221153846153846 0.013221153846153846
0 0.7367788461538461 0.014423076923076924 0.010817307692307692 0.010817307692307692
0 0.7764423076923077 0.015625 0.013221153846153846 0.01201923076923077
0 0.6658653846153846 0.021634615384615384 0.013221153846153846 0.013221153846153846
0 0.9122596153846154 0.30408653846153844 0.021634615384615384 0.021634615384615384
0 0.7620192307692307 0.33774038461538464 0.016826923076923076 0.016826923076923076
0 0.9663461538461539 0.1346153846153846 0.015625 0.019230769230769232
0 0.6514423076923077 0.21394230769230768 0.016826923076923076 0.015625
0 0.2704326923076923 0.010817307692307692 0.014423076923076924 0.013221153846153846
0 0.296875 0.018028846153846152 0.013221153846153846 0.013221153846153846