0 0.056490384615384616 0.31850961538461536 0.02283653846153846 0.07091346153846154
0 0.08052884615384616 0.43028846153846156 0.03365384615384615 0.054086538461538464
0 0.13581730769230768 0.4411057692307692 0.036057692307692304 0.0673076923076923
0 0.06370192307692307 0.5925480769230769 0.038461538461538464 0.07091346153846154
0 0.3557692307692308 0.18990384615384615 0.055288461538461536 0.11177884615384616
0 0.36177884615384615 0.49038461538461536 0.038461538461538464 0.07692307692307693
0 0.328125 0.6105769230769231 0.03125 0.06610576923076923
0 0.6899038461538461 0.14182692307692307 0.05048076923076923 0.10576923076923077
0 0.8173076923076923 0.4879807692307692 0.039663461538461536 0.07932692307692307
0 0.9110576923076923 0.44591346153846156 0.04447115384615385 0.09615384615384616
0 0.9879807692307693 0.4855769230769231 0.02283653846153846 0.0889423076923077
0 0.8329326923076923 0.33653846153846156 0.026442307692307692 0.056490384615384616
0 0.4495192307692308 0.23076923076923078 0.026442307692307692 0.052884615384615384
0 0.5709134615384616 0.23918269230769232 0.028846153846153848 0.04927884615384615
0 0.5096153846153846 0.5048076923076923 0.038461538461538464 0.057692307692307696
0 0.8233173076923077 0.16706730769230768 0.03245192307692308 0.052884615384615384
0 0.12259615384615384 0.18509615384615385 0.02283653846153846 0.03365384615384615
0 0.01201923076923077 0.47115384615384615 0.02403846153846154 0.04927884615384615
0 0.5144230769230769 0.09375 0.026442307692307692 0.046875
0 0.5877403846153846 0.10336538461538461 0.026442307692307692 0.056490384615384616
0 0.27524038461538464 0.1466346153846154 0.02283653846153846 0.04567307692307692
0 0.18629807692307693 0.18990384615384615 0.027644230769230768 0.038461538461538464
0 0.90625 0.32211538461538464 0.037259615384615384 0.052884615384615384
0 0.8605769230769231 0.4567307692307692 0.030048076923076924 0.056490384615384616
0 0.47716346153846156 0.34615384615384615 0.02403846153846154 0.04567307692307692
0 0.39903846153846156 0.2848557692307692 0.03245192307692308 0.05048076923076923
0 0.008413461538461538 0.3701923076923077 0.013221153846153846 0.056490384615384616