0 0.47836538461538464 0.29086538461538464 0.03485576923076923 0.07451923076923077
0 0.4206730769230769 0.4110576923076923 0.042067307692307696 0.08533653846153846
0 0.06610576923076923 0.31490384615384615 0.020432692307692308 0.039663461538461536
0 0.010817307692307692 0.47836538461538464 0.013221153846153846 0.026442307692307692
0 0.055288461538461536 0.42427884615384615 0.006009615384615385 0.01201923076923077
0 0.037259615384615384 0.40024038461538464 0.007211538461538462 0.014423076923076924
0 0.013221153846153846 0.4014423076923077 0.009615384615384616 0.018028846153846152
0 0.013221153846153846 0.38461538461538464 0.007211538461538462 0.014423076923076924
0 0.010817307692307692 0.36177884615384615 0.006009615384615385 0.013221153846153846
0 0.038461538461538464 0.34975961538461536 0.006009615384615385 0.01201923076923077
0 0.042067307692307696 0.3329326923076923 0.006009615384615385 0.010817307692307692
0 0.008413461538461538 0.33533653846153844 0.004807692307692308 0.01201923076923077
0 0.018028846153846152 0.3161057692307692 0.006009615384615385 0.014423076923076924
0 0.015625 0.3004807692307692 0.006009615384615385 0.008413461538461538
0 0.026442307692307692 0.30408653846153844 0.007211538461538462 0.013221153846153846
0 0.039663461538461536 0.29086538461538464 0.004807692307692308 0.010817307692307692
0 0.028846153846153848 0.26322115384615385 0.004807692307692308 0.01201923076923077
0 0.004807692307692308 0.28725961538461536 0.007211538461538462 0.01201923076923077
0 0.02403846153846154 0.2860576923076923 0.006009615384615385 0.010817307692307692
0 0.0625 0.35096153846153844 0.007211538461538462 0.014423076923076924
0 0.08173076923076923 0.28365384615384615 0.006009615384615385 0.010817307692307692
0 0.0889423076923077 0.2956730769230769 0.004807692307692308 0.01201923076923077
0 0.1045673076923077 0.3173076923076923 0.004807692307692308 0.01201923076923077
0 0.11057692307692307 0.33413461538461536 0.004807692307692308 0.008413461538461538
0 0.11298076923076923 0.3485576923076923 0.007211538461538462 0.01201923076923077
0 0.125 0.4254807692307692 0.007211538461538462 0.014423076923076924
0 0.13822115384615385 0.45072115384615385 0.007211538461538462 0.018028846153846152
0 0.15264423076923078 0.46033653846153844 0.006009615384615385 0.015625
0 0.14543269230769232 0.4891826923076923 0.009615384615384616 0.020432692307692308
0 0.10817307692307693 0.30649038461538464 0.006009615384615385 0.010817307692307692
0 0.1310096153846154 0.2824519230769231 0.004807692307692308 0.010817307692307692
0 0.11538461538461539 0.29927884615384615 0.007211538461538462 0.013221153846153846
0 0.12740384615384615 0.3161057692307692 0.006009615384615385 0.010817307692307692
0 0.12259615384615384 0.33413461538461536 0.004807692307692308 0.010817307692307692
0 0.12980769230769232 0.3473557692307692 0.004807692307692308 0.01201923076923077
0 0.1502403846153846 0.36177884615384615 0.007211538461538462 0.013221153846153846
0 0.15865384615384615 0.33774038461538464 0.006009615384615385 0.008413461538461538
0 0.18028846153846154 0.35336538461538464 0.006009615384615385 0.010817307692307692
0 0.1622596153846154 0.3581730769230769 0.004807692307692308 0.010817307692307692
0 0.16346153846153846 0.3762019230769231 0.007211538461538462 0.01201923076923077
0 0.1814903846153846 0.38100961538461536 0.006009615384615385 0.01201923076923077
0 0.12139423076923077 0.4074519230769231 0.007211538461538462 0.010817307692307692
0 0.12379807692307693 0.3762019230769231 0.006009615384615385 0.013221153846153846
0 0.1466346153846154 0.39783653846153844 0.006009615384615385 0.014423076923076924
0 0.15384615384615385 0.4170673076923077 0.006009615384615385 0.01201923076923077
0 0.15985576923076922 0.41466346153846156 0.006009615384615385 0.010817307692307692
0 0.16105769230769232 0.4411057692307692 0.007211538461538462 0.015625
0 0.16947115384615385 0.43028846153846156 0.004807692307692308 0.010817307692307692
0 0.19471153846153846 0.33052884615384615 0.004807692307692308 0.010817307692307692
0 0.18389423076923078 0.33413461538461536 0.004807692307692308 0.008413461538461538
0 0.19471153846153846 0.27403846153846156 0.004807692307692308 0.013221153846153846
0 0.15144230769230768 0.2692307692307692 0.004807692307692308 0.010817307692307692
0 0.1310096153846154 0.31009615384615385 0.004807692307692308 0.013221153846153846
0 0.14302884615384615 0.3112980769230769 0.006009615384615385 0.008413461538461538
0 0.004807692307692308 0.22716346153846154 0.002403846153846154 0.01201923076923077
0 0.025240384615384616 0.22956730769230768 0.003605769230769231 0.008413461538461538
0 0.056490384615384616 0.23557692307692307 0.003605769230769231 0.01201923076923077
0 0.06971153846153846 0.2536057692307692 0.003605769230769231 0.008413461538461538
0 0.0829326923076923 0.2548076923076923 0.002403846153846154 0.007211538461538462
0 0.10817307692307693 0.2608173076923077 0.002403846153846154 0.008413461538461538
0 0.12139423076923077 0.24879807692307693 0.003605769230769231 0.01201923076923077
0 0.12860576923076922 0.25 0.003605769230769231 0.010817307692307692
0 0.11298076923076923 0.234375 0.004807692307692308 0.010817307692307692
0 0.0889423076923077 0.2091346153846154 0.004807692307692308 0.010817307692307692
0 0.07211538461538461 0.21514423076923078 0.004807692307692308 0.008413461538461538
0 0.0625 0.20673076923076922 0.004807692307692308 0.008413461538461538
0 0.13942307692307693 0.2548076923076923 0.003605769230769231 0.006009615384615385
0 0.11899038461538461 0.203125 0.002403846153846154 0.008413461538461538
0 0.20552884615384615 0.34375 0.004807692307692308 0.008413461538461538
0 0.19951923076923078 0.36899038461538464 0.006009615384615385 0.006009615384615385
0 0.1778846153846154 0.36899038461538464 0.007211538461538462 0.008413461538461538
0 0.2127403846153846 0.3557692307692308 0.004807692307692308 0.013221153846153846
0 0.22596153846153846 0.35096153846153844 0.006009615384615385 0.010817307692307692
0 0.22596153846153846 0.36899038461538464 0.004807692307692308 0.010817307692307692
0 0.19951923076923078 0.3942307692307692 0.014423076923076924 0.028846153846153848
0 0.22596153846153846 0.41586538461538464 0.006009615384615385 0.010817307692307692
0 0.26802884615384615 0.4362980769230769 0.007211538461538462 0.01201923076923077
0 0.25600961538461536 0.38822115384615385 0.004807692307692308 0.01201923076923077
0 0.23798076923076922 0.3870192307692308 0.004807692307692308 0.01201923076923077
0 0.2692307692307692 0.375 0.004807692307692308 0.01201923076923077
0 0.2920673076923077 0.35697115384615385 0.004807692307692308 0.013221153846153846
0 0.25961538461538464 0.3293269230769231 0.003605769230769231 0.008413461538461538
0 0.2800480769230769 0.3545673076923077 0.003605769230769231 0.010817307692307692
0 0.45552884615384615 0.4807692307692308 0.006009615384615385 0.013221153846153846
0 0.46274038461538464 0.47115384615384615 0.007211538461538462 0.013221153846153846
0 0.4375 0.4879807692307692 0.007211538461538462 0.013221153846153846
0 0.38461538461538464 0.3798076923076923 0.003605769230769231 0.010817307692307692
0 0.359375 0.35336538461538464 0.004807692307692308 0.008413461538461538
0 0.34615384615384615 0.3545673076923077 0.003605769230769231 0.008413461538461538
0 0.38822115384615385 0.35697115384615385 0.003605769230769231 0.008413461538461538
0 0.5697115384615384 0.49038461538461536 0.007211538461538462 0.014423076923076924
0 0.6394230769230769 0.20673076923076922 0.03365384615384615 0.06971153846153846
0 0.9014423076923077 0.2283653846153846 0.030048076923076924 0.0625
0 0.7548076923076923 0.35336538461538464 0.013221153846153846 0.03245192307692308
0 0.5961538461538461 0.5036057692307693 0.006009615384615385 0.015625
0 0.6141826923076923 0.4879807692307692 0.004807692307692308 0.01201923076923077
0 0.6129807692307693 0.5144230769230769 0.004807692307692308 0.013221153846153846
0 0.6069711538461539 0.5228365384615384 0.006009615384615385 0.013221153846153846
0 0.5985576923076923 0.5288461538461539 0.004807692307692308 0.013221153846153846