0 0.765625 0.6694711538461539 0.03365384615384615 0.030048076923076924
0 0.7427884615384616 0.6466346153846154 0.021634615384615384 0.016826923076923076
0 0.78125 0.6538461538461539 0.03365384615384615 0.027644230769230768
0 0.8545673076923077 0.6514423076923077 0.020432692307692308 0.016826923076923076
0 0.8762019230769231 0.6778846153846154 0.028846153846153848 0.025240384615384616
0 0.8882211538461539 0.65625 0.030048076923076924 0.026442307692307692
0 0.9278846153846154 0.65625 0.026442307692307692 0.020432692307692308
0 0.9483173076923077 0.6466346153846154 0.02283653846153846 0.015625
0 0.984375 0.6538461538461539 0.028846153846153848 0.02283653846153846
0 0.9891826923076923 0.6706730769230769 0.019230769230769232 0.02403846153846154
0 0.9807692307692307 0.6201923076923077 0.021634615384615384 0.018028846153846152
0 0.9579326923076923 0.6057692307692307 0.018028846153846152 0.015625
0 0.9194711538461539 0.6045673076923077 0.02283653846153846 0.016826923076923076
0 0.7680288461538461 0.6165865384615384 0.02403846153846154 0.019230769230769232
0 0.8413461538461539 0.6141826923076923 0.019230769230769232 0.021634615384615384
0 0.8978365384615384 0.6370192307692307 0.02283653846153846 0.018028846153846152
0 0.8954326923076923 0.6177884615384616 0.02403846153846154 0.019230769230769232
0 0.8425480769230769 0.5985576923076923 0.02283653846153846 0.019230769230769232
0 0.8569711538461539 0.5757211538461539 0.018028846153846152 0.015625
0 0.9014423076923077 0.578125 0.019230769230769232 0.016826923076923076
0 0.9615384615384616 0.5757211538461539 0.02403846153846154 0.018028846153846152
0 0.9591346153846154 0.5564903846153846 0.018028846153846152 0.016826923076923076
0 0.984375 0.5444711538461539 0.018028846153846152 0.016826923076923076
0 0.9711538461538461 0.5228365384615384 0.025240384615384616 0.019230769230769232
0 0.9627403846153846 0.5072115384615384 0.019230769230769232 0.015625
0 0.9795673076923077 0.5 0.02283653846153846 0.015625
0 0.9711538461538461 0.4807692307692308 0.02283653846153846 0.015625
0 0.9651442307692307 0.46634615384615385 0.018028846153846152 0.013221153846153846
0 0.9855769230769231 0.45552884615384615 0.018028846153846152 0.016826923076923076
0 0.9290865384615384 0.4362980769230769 0.018028846153846152 0.016826923076923076
0 0.9350961538461539 0.4579326923076923 0.018028846153846152 0.016826923076923076
0 0.8858173076923077 0.4519230769230769 0.019230769230769232 0.015625
0 0.8257211538461539 0.43509615384615385 0.018028846153846152 0.01201923076923077
0 0.7932692307692307 0.44591346153846156 0.015625 0.013221153846153846
0 0.8293269230769231 0.4519230769230769 0.016826923076923076 0.013221153846153846
0 0.78125 0.4326923076923077 0.019230769230769232 0.01201923076923077
0 0.7668269230769231 0.4483173076923077 0.018028846153846152 0.013221153846153846
0 0.7632211538461539 0.46153846153846156 0.020432692307692308 0.013221153846153846
0 0.7307692307692307 0.4675480769230769 0.018028846153846152 0.015625
0 0.7487980769230769 0.4831730769230769 0.016826923076923076 0.013221153846153846
0 0.7487980769230769 0.49399038461538464 0.018028846153846152 0.013221153846153846
0 0.7704326923076923 0.47836538461538464 0.018028846153846152 0.016826923076923076
0 0.8137019230769231 0.46634615384615385 0.018028846153846152 0.015625
0 0.8173076923076923 0.4831730769230769 0.02403846153846154 0.018028846153846152
0 0.8762019230769231 0.4723557692307692 0.018028846153846152 0.015625
0 0.8689903846153846 0.49158653846153844 0.019230769230769232 0.015625
0 0.9110576923076923 0.4891826923076923 0.019230769230769232 0.013221153846153846
0 0.9122596153846154 0.5096153846153846 0.018028846153846152 0.013221153846153846
0 0.9110576923076923 0.5396634615384616 0.02403846153846154 0.018028846153846152
0 0.9110576923076923 0.5228365384615384 0.019230769230769232 0.01201923076923077
0 0.8930288461538461 0.5576923076923077 0.021634615384615384 0.015625
0 0.8485576923076923 0.5625 0.018028846153846152 0.01201923076923077
0 0.8485576923076923 0.5408653846153846 0.019230769230769232 0.019230769230769232
0 0.8665865384615384 0.5420673076923077 0.020432692307692308 0.019230769230769232
0 0.7824519230769231 0.5576923076923077 0.02403846153846154 0.015625
0 0.7872596153846154 0.5396634615384616 0.02283653846153846 0.016826923076923076
0 0.7944711538461539 0.5192307692307693 0.02403846153846154 0.015625
0 0.8209134615384616 0.515625 0.018028846153846152 0.016826923076923076
0 0.8545673076923077 0.5132211538461539 0.019230769230769232 0.01201923076923077
0 0.8617788461538461 0.5252403846153846 0.018028846153846152 0.014423076923076924
0 0.7884615384615384 0.578125 0.021634615384615384 0.016826923076923076
0 0.8822115384615384 0.42908653846153844 0.020432692307692308 0.016826923076923076
0 0.9567307692307693 0.40625 0.018028846153846152 0.015625
0 0.9567307692307693 0.3870192307692308 0.014423076923076924 0.013221153846153846
0 0.9146634615384616 0.39302884615384615 0.016826923076923076 0.014423076923076924
0 0.8665865384615384 0.38822115384615385 0.013221153846153846 0.010817307692307692
0 0.8389423076923077 0.41466346153846156 0.016826923076923076 0.01201923076923077
0 0.78125 0.41346153846153844 0.018028846153846152 0.01201923076923077
0 0.7980769230769231 0.40384615384615385 0.013221153846153846 0.010817307692307692
0 0.7956730769230769 0.3713942307692308 0.014423076923076924 0.009615384615384616
0 0.8004807692307693 0.3605769230769231 0.013221153846153846 0.009615384615384616
0 0.6694711538461539 0.3798076923076923 0.02403846153846154 0.014423076923076924
0 0.7067307692307693 0.38100961538461536 0.016826923076923076 0.013221153846153846
0 0.7391826923076923 0.33052884615384615 0.018028846153846152 0.013221153846153846
0 0.7079326923076923 0.31971153846153844 0.016826923076923076 0.010817307692307692
0 0.6862980769230769 0.31009615384615385 0.015625 0.01201923076923077
0 0.65625 0.2848557692307692 0.010817307692307692 0.008413461538461538
0 0.6742788461538461 0.28966346153846156 0.013221153846153846 0.009615384615384616
0 0.6935096153846154 0.30408653846153844 0.013221153846153846 0.010817307692307692
0 0.7175480769230769 0.3125 0.010817307692307692 0.009615384615384616
0 0.7259615384615384 0.3016826923076923 0.010817307692307692 0.009615384615384616
0 0.7163461538461539 0.2860576923076923 0.009615384615384616 0.007211538461538462
0 0.6850961538461539 0.27163461538461536 0.013221153846153846 0.009615384615384616
0 0.7536057692307693 0.3173076923076923 0.01201923076923077 0.009615384615384616
0 0.7764423076923077 0.3233173076923077 0.013221153846153846 0.01201923076923077
0 0.7896634615384616 0.32091346153846156 0.010817307692307692 0.008413461538461538
0 0.8137019230769231 0.328125 0.013221153846153846 0.010817307692307692
0 0.7800480769230769 0.3449519230769231 0.01201923076923077 0.008413461538461538
0 0.8605769230769231 0.33653846153846156 0.01201923076923077 0.009615384615384616
0 0.8425480769230769 0.3137019230769231 0.01201923076923077 0.009615384615384616
0 0.8233173076923077 0.32091346153846156 0.010817307692307692 0.009615384615384616
0 0.8533653846153846 0.328125 0.01201923076923077 0.009615384615384616
0 0.8713942307692307 0.3137019230769231 0.010817307692307692 0.009615384615384616
0 0.8930288461538461 0.3269230769230769 0.009615384615384616 0.01201923076923077
0 0.9098557692307693 0.31850961538461536 0.01201923076923077 0.010817307692307692
0 0.9411057692307693 0.3389423076923077 0.014423076923076924 0.010817307692307692
0 0.9579326923076923 0.30649038461538464 0.009615384615384616 0.009615384615384616
0 0.9711538461538461 0.3293269230769231 0.01201923076923077 0.010817307692307692
0 0.984375 0.31850961538461536 0.010817307692307692 0.010817307692307692
0 0.8341346153846154 0.29927884615384615 0.01201923076923077 0.007211538461538462
0 0.8137019230769231 0.2956730769230769 0.008413461538461538 0.008413461538461538
0 0.796875 0.30408653846153844 0.01201923076923077 0.008413461538461538
0 0.7776442307692307 0.29447115384615385 0.01201923076923077 0.009615384615384616
0 0.7884615384615384 0.28846153846153844 0.01201923076923077 0.009615384615384616
0 0.7608173076923077 0.30649038461538464 0.01201923076923077 0.008413461538461538
0 0.7992788461538461 0.2776442307692308 0.01201923076923077 0.010817307692307692
0 0.8509615384615384 0.296875 0.010817307692307692 0.010817307692307692
0 0.875 0.3004807692307692 0.010817307692307692 0.008413461538461538
0 0.9170673076923077 0.296875 0.013221153846153846 0.01201923076923077
0 0.9375 0.32211538461538464 0.013221153846153846 0.010817307692307692
0 0.31009615384615385 0.25961538461538464 0.014423076923076924 0.009615384615384616
0 0.3317307692307692 0.25 0.016826923076923076 0.01201923076923077
0 0.36177884615384615 0.24278846153846154 0.013221153846153846 0.008413461538461538
0 0.36778846153846156 0.25721153846153844 0.013221153846153846 0.010817307692307692
0 0.3858173076923077 0.26802884615384615 0.010817307692307692 0.008413461538461538
0 0.4074519230769231 0.27524038461538464 0.014423076923076924 0.01201923076923077
0 0.35216346153846156 0.28125 0.013221153846153846 0.009615384615384616
0 0.33533653846153844 0.2644230769230769 0.01201923076923077 0.01201923076923077
0 0.3485576923076923 0.25961538461538464 0.013221153846153846 0.010817307692307692
0 0.3125 0.2824519230769231 0.010817307692307692 0.009615384615384616
0 0.31971153846153844 0.2920673076923077 0.009615384615384616 0.008413461538461538
0 0.3389423076923077 0.29447115384615385 0.01201923076923077 0.009615384615384616
0 0.37259615384615385 0.29086538461538464 0.010817307692307692 0.010817307692307692
0 0.3954326923076923 0.2824519230769231 0.010817307692307692 0.009615384615384616
0 0.39903846153846156 0.3004807692307692 0.013221153846153846 0.010817307692307692
0 0.41947115384615385 0.31971153846153844 0.013221153846153846 0.01201923076923077
0 0.3473557692307692 0.3293269230769231 0.018028846153846152 0.013221153846153846
0 0.31850961538461536 0.3233173076923077 0.013221153846153846 0.010817307692307692
0 0.30528846153846156 0.3713942307692308 0.016826923076923076 0.013221153846153846
0 0.40865384615384615 0.36899038461538464 0.020432692307692308 0.015625
0 0.5444711538461539 0.2860576923076923 0.07451923076923077 0.04567307692307692
0 0.018028846153846152 0.37259615384615385 0.014423076923076924 0.009615384615384616
0 0.030048076923076924 0.390625 0.016826923076923076 0.010817307692307692
0 0.02283653846153846 0.41586538461538464 0.018028846153846152 0.013221153846153846
0 0.056490384615384616 0.4254807692307692 0.018028846153846152 0.015625
0 0.08533653846153846 0.3798076923076923 0.018028846153846152 0.014423076923076924
0 0.1045673076923077 0.3942307692307692 0.018028846153846152 0.015625
0 0.11298076923076923 0.43028846153846156 0.014423076923076924 0.01201923076923077
0 0.1346153846153846 0.41586538461538464 0.018028846153846152 0.01201923076923077
0 0.14783653846153846 0.40625 0.015625 0.013221153846153846
0 0.16466346153846154 0.3954326923076923 0.015625 0.01201923076923077
0 0.18389423076923078 0.37740384615384615 0.020432692307692308 0.015625
0 0.24278846153846154 0.36899038461538464 0.018028846153846152 0.013221153846153846
0 0.20192307692307693 0.37259615384615385 0.018028846153846152 0.014423076923076924
0 0.22115384615384615 0.40384615384615385 0.018028846153846152 0.014423076923076924
0 0.18389423076923078 0.4110576923076923 0.018028846153846152 0.013221153846153846
0 0.24759615384615385 0.421875 0.019230769230769232 0.019230769230769232
0 0.2548076923076923 0.4098557692307692 0.014423076923076924 0.010817307692307692
0 0.2920673076923077 0.41586538461538464 0.015625 0.015625
0 0.3076923076923077 0.40024038461538464 0.018028846153846152 0.013221153846153846
0 0.2620192307692308 0.38822115384615385 0.018028846153846152 0.016826923076923076
0 0.22716346153846154 0.390625 0.019230769230769232 0.014423076923076924
0 0.02403846153846154 0.31009615384615385 0.016826923076923076 0.013221153846153846
0 0.04567307692307692 0.3161057692307692 0.014423076923076924 0.010817307692307692
0 0.06850961538461539 0.3125 0.014423076923076924 0.01201923076923077
0 0.1141826923076923 0.3125 0.014423076923076924 0.009615384615384616
0 0.1141826923076923 0.2956730769230769 0.015625 0.01201923076923077
0 0.15264423076923078 0.296875 0.013221153846153846 0.010817307692307692
0 0.19230769230769232 0.2920673076923077 0.013221153846153846 0.010817307692307692
0 0.17067307692307693 0.28846153846153844 0.010817307692307692 0.008413461538461538
0 0.234375 0.30408653846153844 0.014423076923076924 0.010817307692307692
0 0.2692307692307692 0.296875 0.018028846153846152 0.008413461538461538
0 0.26322115384615385 0.3112980769230769 0.014423076923076924 0.009615384615384616
0 0.2980769230769231 0.28966346153846156 0.014423076923076924 0.010817307692307692
0 0.2764423076923077 0.32211538461538464 0.014423076923076924 0.010817307692307692
0 0.06610576923076923 0.39783653846153844 0.018028846153846152 0.014423076923076924
0 0.06009615384615385 0.41466346153846156 0.019230769230769232 0.014423076923076924
0 0.3605769230769231 0.4014423076923077 0.016826923076923076 0.01201923076923077
0 0.3894230769230769 0.38822115384615385 0.016826923076923076 0.014423076923076924
0 0.4170673076923077 0.4014423076923077 0.016826923076923076 0.015625
0 0.3918269230769231 0.4206730769230769 0.015625 0.014423076923076924
0 0.36899038461538464 0.43149038461538464 0.019230769230769232 0.016826923076923076
0 0.33052884615384615 0.43028846153846156 0.020432692307692308 0.015625
0 0.036057692307692304 0.5180288461538461 0.021634615384615384 0.019230769230769232
0 0.06129807692307692 0.5372596153846154 0.025240384615384616 0.018028846153846152
0 0.039663461538461536 0.5540865384615384 0.026442307692307692 0.019230769230769232
0 0.027644230769230768 0.5721153846153846 0.021634615384615384 0.016826923076923076
0 0.01201923076923077 0.5925480769230769 0.018028846153846152 0.018028846153846152
0 0.014423076923076924 0.6225961538461539 0.02403846153846154 0.019230769230769232
0 0.014423076923076924 0.6442307692307693 0.02283653846153846 0.019230769230769232
0 0.02283653846153846 0.6742788461538461 0.03485576923076923 0.030048076923076924
0 0.046875 0.6622596153846154 0.028846153846153848 0.025240384615384616
0 0.078125 0.6610576923076923 0.028846153846153848 0.027644230769230768
0 0.06490384615384616 0.640625 0.026442307692307692 0.016826923076923076
0 0.10096153846153846 0.6526442307692307 0.02403846153846154 0.020432692307692308
0 0.12980769230769232 0.6682692307692307 0.026442307692307692 0.021634615384615384
0 0.14783653846153846 0.6418269230769231 0.027644230769230768 0.02403846153846154
0 0.10817307692307693 0.6213942307692307 0.02403846153846154 0.019230769230769232
0 0.09254807692307693 0.5721153846153846 0.02403846153846154 0.020432692307692308
0 0.1141826923076923 0.5540865384615384 0.02403846153846154 0.019230769230769232
0 0.1466346153846154 0.5504807692307693 0.028846153846153848 0.021634615384615384
0 0.17908653846153846 0.6274038461538461 0.020432692307692308 0.021634615384615384
0 0.1935096153846154 0.6598557692307693 0.036057692307692304 0.028846153846153848
0 0.21875 0.6490384615384616 0.02283653846153846 0.019230769230769232
0 0.17548076923076922 0.6634615384615384 0.028846153846153848 0.026442307692307692
0 0.23317307692307693 0.6766826923076923 0.038461538461538464 0.027644230769230768
0 0.2548076923076923 0.6201923076923077 0.02283653846153846 0.021634615384615384
0 0.27524038461538464 0.6382211538461539 0.026442307692307692 0.016826923076923076
0 0.27403846153846156 0.6610576923076923 0.025240384615384616 0.02403846153846154
0 0.29927884615384615 0.6682692307692307 0.036057692307692304 0.025240384615384616
0 0.3545673076923077 0.6466346153846154 0.028846153846153848 0.02403846153846154
0 0.08533653846153846 0.44471153846153844 0.015625 0.013221153846153846
0 0.15264423076923078 0.45072115384615385 0.016826923076923076 0.014423076923076924
0 0.1971153846153846 0.44350961538461536 0.016826923076923076 0.014423076923076924
0 0.18870192307692307 0.46033653846153844 0.021634615384615384 0.015625
0 0.15985576923076922 0.4735576923076923 0.02283653846153846 0.019230769230769232
0 0.1935096153846154 0.47475961538461536 0.02403846153846154 0.016826923076923076
0 0.18990384615384615 0.49158653846153844 0.02403846153846154 0.016826923076923076
0 0.23076923076923078 0.45913461538461536 0.018028846153846152 0.016826923076923076
0 0.2644230769230769 0.4423076923076923 0.018028846153846152 0.01201923076923077
0 0.296875 0.45913461538461536 0.020432692307692308 0.015625
0 0.2692307692307692 0.47115384615384615 0.019230769230769232 0.015625
0 0.24278846153846154 0.49158653846153844 0.020432692307692308 0.016826923076923076
0 0.22355769230769232 0.5072115384615384 0.02403846153846154 0.015625
0 0.2668269230769231 0.5192307692307693 0.019230769230769232 0.020432692307692308
0 0.2776442307692308 0.5060096153846154 0.02283653846153846 0.015625
0 0.30288461538461536 0.4891826923076923 0.020432692307692308 0.016826923076923076
0 0.3233173076923077 0.4723557692307692 0.020432692307692308 0.016826923076923076
0 0.3545673076923077 0.46033653846153844 0.013221153846153846 0.01201923076923077
0 0.3605769230769231 0.48197115384615385 0.018028846153846152 0.015625
0 0.3545673076923077 0.5036057692307693 0.021634615384615384 0.019230769230769232
0 0.3245192307692308 0.5216346153846154 0.02403846153846154 0.019230769230769232
0 0.3076923076923077 0.5372596153846154 0.02283653846153846 0.018028846153846152
0 0.3545673076923077 0.5552884615384616 0.02283653846153846 0.019230769230769232
0 0.37259615384615385 0.546875 0.019230769230769232 0.015625
0 0.3894230769230769 0.5264423076923077 0.025240384615384616 0.018028846153846152
0 0.41466346153846156 0.5060096153846154 0.02283653846153846 0.018028846153846152
0 0.39783653846153844 0.45913461538461536 0.015625 0.01201923076923077
0 0.4362980769230769 0.4699519230769231 0.019230769230769232 0.016826923076923076
0 0.3954326923076923 0.5793269230769231 0.026442307692307692 0.021634615384615384
0 0.4963942307692308 0.6658653846153846 0.02403846153846154 0.02403846153846154
0 0.5048076923076923 0.6262019230769231 0.02283653846153846 0.019230769230769232
0 0.140625 0.3389423076923077 0.021634615384615384 0.015625
0 0.6610576923076923 0.41586538461538464 0.08653846153846154 0.04807692307692308
0 0.18629807692307693 0.32091346153846156 0.013221153846153846 0.010817307692307692
0 0.06971153846153846 0.29086538461538464 0.013221153846153846 0.01201923076923077
0 0.05048076923076923 0.2644230769230769 0.014423076923076924 0.010817307692307692
0 0.04807692307692308 0.2848557692307692 0.013221153846153846 0.010817307692307692
0 0.046875 0.30408653846153844 0.010817307692307692 0.009615384615384616
0 0.078125 0.27283653846153844 0.010817307692307692 0.008413461538461538
0 0.09134615384615384 0.2644230769230769 0.010817307692307692 0.008413461538461538
0 0.11298076923076923 0.27403846153846156 0.014423076923076924 0.010817307692307692
0 0.12980769230769232 0.28365384615384615 0.01201923076923077 0.010817307692307692
0 0.13701923076923078 0.26802884615384615 0.01201923076923077 0.009615384615384616
0 0.07211538461538461 0.25240384615384615 0.013221153846153846 0.010817307692307692
0 0.07572115384615384 0.24158653846153846 0.01201923076923077 0.010817307692307692
0 0.05889423076923077 0.23677884615384615 0.010817307692307692 0.009615384615384616
0 0.052884615384615384 0.21514423076923078 0.013221153846153846 0.009615384615384616
0 0.07932692307692307 0.22596153846153846 0.009615384615384616 0.009615384615384616
0 0.0889423076923077 0.23677884615384615 0.010817307692307692 0.009615384615384616
0 0.11177884615384616 0.24278846153846154 0.01201923076923077 0.010817307692307692
0 0.109375 0.22716346153846154 0.013221153846153846 0.009615384615384616
0 0.1502403846153846 0.23918269230769232 0.01201923076923077 0.010817307692307692
0 0.16706730769230768 0.25240384615384615 0.013221153846153846 0.010817307692307692
0 0.18990384615384615 0.25721153846153844 0.013221153846153846 0.010817307692307692
0 0.20793269230769232 0.25240384615384615 0.014423076923076924 0.009615384615384616
0 0.22115384615384615 0.29086538461538464 0.013221153846153846 0.01201923076923077
0 0.23197115384615385 0.2776442307692308 0.014423076923076924 0.01201923076923077
0 0.25240384615384615 0.2692307692307692 0.014423076923076924 0.010817307692307692
0 0.28966346153846156 0.2536057692307692 0.013221153846153846 0.009615384615384616
0 0.28125 0.23918269230769232 0.013221153846153846 0.010817307692307692
0 0.23197115384615385 0.25600961538461536 0.009615384615384616 0.008413461538461538
0 0.25 0.21875 0.010817307692307692 0.009615384615384616
0 0.17427884615384615 0.2403846153846154 0.013221153846153846 0.010817307692307692
0 0.20673076923076922 0.22235576923076922 0.01201923076923077 0.009615384615384616
0 0.22235576923076922 0.23197115384615385 0.01201923076923077 0.01201923076923077
0 0.17548076923076922 0.21995192307692307 0.010817307692307692 0.009615384615384616
0 0.24639423076923078 0.24158653846153846 0.01201923076923077 0.010817307692307692
0 0.7524038461538461 0.27884615384615385 0.013221153846153846 0.01201923076923077
0 0.7451923076923077 0.2608173076923077 0.01201923076923077 0.009615384615384616
0 0.8377403846153846 0.2692307692307692 0.01201923076923077 0.010817307692307692
0 0.9302884615384616 0.28846153846153844 0.01201923076923077 0.009615384615384616
0 0.41947115384615385 0.4326923076923077 0.019230769230769232 0.014423076923076924
0 0.3737980769230769 0.44591346153846156 0.018028846153846152 0.015625
0 0.3557692307692308 0.3713942307692308 0.015625 0.010817307692307692
0 0.007211538461538462 0.5408653846153846 0.014423076923076924 0.016826923076923076