0 0 0 0 0
0 0.09619140625 0.53515625 0.0244140625 0.041666666666666664
0 0.20068359375 0.6276041666666666 0.0205078125 0.032552083333333336
0 0.26708984375 0.6705729166666666 0.0146484375 0.0234375
0 0.30419921875 0.6471354166666666 0.0166015625 0.033854166666666664
0 0.5693359375 0.3580729166666667 0.03125 0.028645833333333332
0 0.45849609375 0.515625 0.0283203125 0.03515625
0 0.01611328125 0.8619791666666666 0.0068359375 0.01171875
0 0.02685546875 0.8854166666666666 0.0068359375 0.010416666666666666
0 0.0341796875 0.859375 0.0078125 0.01171875
0 0.04931640625 0.8736979166666666 0.0068359375 0.010416666666666666
0 0.04296875 0.86328125 0.00390625 0.009114583333333334
0 0.03173828125 0.8372395833333334 0.0048828125 0.0078125
0 0.02197265625 0.84375 0.0048828125 0.006510416666666667
0 0.0400390625 0.8450520833333334 0.00390625 0.0078125
0 0.05078125 0.8463541666666666 0.00390625 0.0078125
0 0.04931640625 0.85546875 0.0048828125 0.006510416666666667
0 0.05517578125 0.8424479166666666 0.0029296875 0.0078125
0 0.060546875 0.84375 0.00390625 0.006510416666666667
0 0.06591796875 0.8450520833333334 0.0029296875 0.006510416666666667
0 0.072265625 0.8424479166666666 0.00390625 0.006510416666666667
0 0.0595703125 0.86328125 0.005859375 0.01171875
0 0.0693359375 0.8671875 0.005859375 0.01171875
0 0.0751953125 0.87109375 0.00390625 0.009114583333333334
0 0.0859375 0.875 0.00390625 0.010416666666666666
0 0.11962890625 0.8841145833333334 0.0048828125 0.010416666666666666
0 0.125 0.8841145833333334 0.00390625 0.009114583333333334
0 0.15087890625 0.8815104166666666 0.0068359375 0.009114583333333334
0 0.1455078125 0.890625 0.005859375 0.0078125
0 0.22412109375 0.8997395833333334 0.0029296875 0.0078125
0 0.2373046875 0.90234375 0.00390625 0.009114583333333334
0 0.23193359375 0.90234375 0.0048828125 0.006510416666666667
0 0.28857421875 0.8958333333333334 0.0029296875 0.005208333333333333
0 0.3076171875 0.9153645833333334 0.00390625 0.005208333333333333
0 0.28466796875 0.9140625 0.0029296875 0.0078125
0 0.32177734375 0.9075520833333334 0.0029296875 0.0078125
0 0.33447265625 0.9075520833333334 0.0029296875 0.006510416666666667
0 0.3486328125 0.90625 0.00390625 0.006510416666666667
0 0.36279296875 0.90625 0.0029296875 0.005208333333333333
0 0.365234375 0.9192708333333334 0.00390625 0.006510416666666667
0 0.375 0.9075520833333334 0.00390625 0.006510416666666667
0 0.38330078125 0.91796875 0.0048828125 0.006510416666666667
0 0.38916015625 0.91015625 0.0029296875 0.005208333333333333
0 0.40087890625 0.91015625 0.0029296875 0.006510416666666667
0 0.41162109375 0.9049479166666666 0.0029296875 0.006510416666666667
0 0.42626953125 0.8919270833333334 0.0029296875 0.006510416666666667
0 0.42529296875 0.9075520833333334 0.0029296875 0.005208333333333333
0 0.41748046875 0.8919270833333334 0.0029296875 0.005208333333333333
0 0.46826171875 0.9036458333333334 0.0029296875 0.0078125
0 0.45361328125 0.90625 0.0029296875 0.005208333333333333
0 0.3984375 0.90234375 0.00390625 0.0078125
0 0.38818359375 0.9010416666666666 0.0029296875 0.006510416666666667
0 0.47314453125 0.89453125 0.0029296875 0.005208333333333333
0 0.48046875 0.8919270833333334 0.00390625 0.006510416666666667
0 0.4912109375 0.890625 0.00390625 0.0078125
0 0.49462890625 0.8880208333333334 0.0029296875 0.005208333333333333
0 0.48095703125 0.8854166666666666 0.0029296875 0.005208333333333333
0 0.5244140625 0.9114583333333334 0.00390625 0.0078125
0 0.53125 0.9114583333333334 0.00390625 0.005208333333333333
0 0.55712890625 0.9075520833333334 0.0029296875 0.0078125
0 0.5712890625 0.90625 0.00390625 0.006510416666666667
0 0.57958984375 0.91015625 0.0029296875 0.009114583333333334
0 0.59228515625 0.9088541666666666 0.0029296875 0.006510416666666667
0 0.59033203125 0.8919270833333334 0.0029296875 0.005208333333333333
0 0.5400390625 0.8971354166666666 0.00390625 0.006510416666666667
0 0.5888671875 0.9192708333333334 0.00390625 0.006510416666666667
0 0.60546875 0.90625 0.00390625 0.0078125
0 0.63916015625 0.91015625 0.0029296875 0.006510416666666667
0 0.64794921875 0.9088541666666666 0.0029296875 0.005208333333333333
0 0.6201171875 0.9075520833333334 0.00390625 0.006510416666666667
0 0.60791015625 0.875 0.0029296875 0.006510416666666667
0 0.7041015625 0.8997395833333334 0.00390625 0.006510416666666667
0 0.72802734375 0.9036458333333334 0.0048828125 0.0078125
0 0.734375 0.890625 0.00390625 0.0078125
0 0.74365234375 0.9192708333333334 0.0048828125 0.0078125
0 0.7451171875 0.9049479166666666 0.00390625 0.0078125
0 0.7705078125 0.8997395833333334 0.00390625 0.006510416666666667
0 0.77734375 0.8958333333333334 0.00390625 0.006510416666666667
0 0.78173828125 0.89453125 0.0048828125 0.006510416666666667
0 0.79150390625 0.89453125 0.0029296875 0.005208333333333333
0 0.79345703125 0.890625 0.0029296875 0.0078125
0 0.80029296875 0.8958333333333334 0.0029296875 0.006510416666666667
0 0.80712890625 0.890625 0.0029296875 0.006510416666666667
0 0.8154296875 0.8880208333333334 0.00390625 0.006510416666666667
0 0.81494140625 0.8984375 0.0048828125 0.0078125
0 0.82568359375 0.8763020833333334 0.0048828125 0.009114583333333334
0 0.7421875 0.8697916666666666 0.001953125 0.005208333333333333
0 0.73193359375 0.87109375 0.0029296875 0.005208333333333333
0 0.75146484375 0.8671875 0.0029296875 0.005208333333333333
0 0.7666015625 0.8671875 0.001953125 0.00390625
0 0.74658203125 0.88671875 0.0048828125 0.010416666666666666
0 0.7744140625 0.8802083333333334 0.00390625 0.0078125
0 0.84228515625 0.8567708333333334 0.0029296875 0.006510416666666667
0 0.83740234375 0.88671875 0.0048828125 0.0078125
0 0.84912109375 0.8880208333333334 0.0048828125 0.006510416666666667
0 0.86328125 0.8841145833333334 0.005859375 0.010416666666666666
0 0.8447265625 0.8828125 0.00390625 0.006510416666666667
0 0.869140625 0.8854166666666666 0.005859375 0.0078125
0 0.8671875 0.8763020833333334 0.00390625 0.006510416666666667
0 0.8974609375 0.8802083333333334 0.005859375 0.009114583333333334
0 0.88623046875 0.8828125 0.0048828125 0.009114583333333334
0 0.880859375 0.8815104166666666 0.00390625 0.009114583333333334
0 0.8779296875 0.8828125 0.00390625 0.0078125
0 0.875 0.8828125 0.00390625 0.006510416666666667
0 0.9130859375 0.875 0.005859375 0.010416666666666666
0 0.90380859375 0.8671875 0.0029296875 0.006510416666666667
0 0.8974609375 0.859375 0.00390625 0.006510416666666667
0 0.88037109375 0.8697916666666666 0.0048828125 0.006510416666666667
0 0.90771484375 0.8580729166666666 0.0029296875 0.006510416666666667
0 0.91357421875 0.8606770833333334 0.0029296875 0.005208333333333333
0 0.92578125 0.8736979166666666 0.005859375 0.0078125
0 0.93212890625 0.8671875 0.0048828125 0.009114583333333334
0 0.94140625 0.8723958333333334 0.005859375 0.009114583333333334
0 0.9423828125 0.8541666666666666 0.005859375 0.009114583333333334
0 0.95068359375 0.8684895833333334 0.0068359375 0.010416666666666666
0 0.994140625 0.8697916666666666 0.005859375 0.006510416666666667
0 0.99267578125 0.8854166666666666 0.0068359375 0.009114583333333334
0 0.96533203125 0.8645833333333334 0.0048828125 0.009114583333333334
0 0.9560546875 0.87109375 0.005859375 0.009114583333333334
0 0.96044921875 0.8671875 0.0048828125 0.009114583333333334
0 0.9560546875 0.8567708333333334 0.00390625 0.0078125
0 0.98779296875 0.8450520833333334 0.0048828125 0.0078125
0 0.97412109375 0.84375 0.0048828125 0.0078125
0 0.96630859375 0.8528645833333334 0.0029296875 0.0078125
0 0.9638671875 0.8411458333333334 0.00390625 0.005208333333333333
0 0.95361328125 0.84375 0.0029296875 0.006510416666666667
0 0.94921875 0.8489583333333334 0.00390625 0.006510416666666667
0 0.96142578125 0.8294270833333334 0.0029296875 0.005208333333333333
0 0.68603515625 0.5221354166666666 0.0244140625 0.036458333333333336
0 0.83251953125 0.2708333333333333 0.0263671875 0.046875