0 0.09254807692307693 0.0733173076923077 0.02283653846153846 0.042067307692307696
0 0.14302884615384615 0.18269230769230768 0.019230769230769232 0.04447115384615385
0 0.22596153846153846 0.12860576923076922 0.02403846153846154 0.04447115384615385
0 0.19831730769230768 0.1971153846153846 0.010817307692307692 0.021634615384615384
0 0.04326923076923077 0.03365384615384615 0.009615384615384616 0.021634615384615384
0 0.030048076923076924 0.10336538461538461 0.004807692307692308 0.013221153846153846
0 0.038461538461538464 0.10336538461538461 0.006009615384615385 0.01201923076923077
0 0.31009615384615385 0.140625 0.003605769230769231 0.008413461538461538
0 0.31850961538461536 0.1346153846153846 0.002403846153846154 0.007211538461538462
0 0.3317307692307692 0.1346153846153846 0.002403846153846154 0.007211538461538462
0 0.3112980769230769 0.12139423076923077 0.003605769230769231 0.006009615384615385
0 0.40384615384615385 0.13341346153846154 0.003605769230769231 0.006009615384615385
0 0.40024038461538464 0.1201923076923077 0.002403846153846154 0.006009615384615385
0 0.3605769230769231 0.12740384615384615 0.007211538461538462 0.014423076923076924
0 0.38822115384615385 0.07451923076923077 0.007211538461538462 0.010817307692307692
0 0.5649038461538461 0.12139423076923077 0.040865384615384616 0.0889423076923077
0 0.8449519230769231 0.16826923076923078 0.039663461538461536 0.08653846153846154
0 0.0829326923076923 0.4567307692307692 0.0625 0.12860576923076922
0 0.40384615384615385 0.6033653846153846 0.02283653846153846 0.051682692307692304
0 0.021634615384615384 0.6899038461538461 0.025240384615384616 0.038461538461538464
0 0.6009615384615384 0.7716346153846154 0.01201923076923077 0.02283653846153846
0 0.4795673076923077 0.7439903846153846 0.014423076923076924 0.027644230769230768
0 0.5649038461538461 0.8233173076923077 0.006009615384615385 0.01201923076923077
0 0.4338942307692308 0.7932692307692307 0.004807692307692308 0.010817307692307692
0 0.6526442307692307 0.8161057692307693 0.006009615384615385 0.013221153846153846
0 0.6694711538461539 0.828125 0.007211538461538462 0.01201923076923077
0 0.6790865384615384 0.8125 0.006009615384615385 0.01201923076923077
0 0.7548076923076923 0.8161057692307693 0.007211538461538462 0.014423076923076924
0 0.7704326923076923 0.8125 0.007211538461538462 0.013221153846153846
0 0.7776442307692307 0.7692307692307693 0.006009615384615385 0.013221153846153846
0 0.7680288461538461 0.7644230769230769 0.006009615384615385 0.013221153846153846
0 0.7367788461538461 0.7764423076923077 0.006009615384615385 0.01201923076923077
0 0.7115384615384616 0.7692307692307693 0.004807692307692308 0.010817307692307692
0 0.7019230769230769 0.7740384615384616 0.007211538461538462 0.013221153846153846
0 0.6875 0.7704326923076923 0.006009615384615385 0.013221153846153846
0 0.6706730769230769 0.7728365384615384 0.006009615384615385 0.01201923076923077
0 0.9002403846153846 0.6634615384615384 0.019230769230769232 0.04807692307692308
0 0.8365384615384616 0.8834134615384616 0.01201923076923077 0.02283653846153846
0 0.9194711538461539 0.8473557692307693 0.009615384615384616 0.020432692307692308
0 0.9651442307692307 0.7896634615384616 0.008413461538461538 0.018028846153846152
0 0.5649038461538461 0.7860576923076923 0.006009615384615385 0.013221153846153846
0 0.5829326923076923 0.7355769230769231 0.004807692307692308 0.008413461538461538
0 0.609375 0.7331730769230769 0.004807692307692308 0.010817307692307692
0 0.33653846153846156 0.05889423076923077 0.006009615384615385 0.015625