0 0.6959134615384616 0.7115384615384616 0.008413461538461538 0.015625
0 0.6286057692307693 0.7355769230769231 0.007211538461538462 0.015625
0 0.4795673076923077 0.375 0.018028846153846152 0.03245192307692308
0 0.3713942307692308 0.3137019230769231 0.020432692307692308 0.038461538461538464
0 0.9915865384615384 0.7620192307692307 0.007211538461538462 0.019230769230769232
0 0.9423076923076923 0.8161057692307693 0.003605769230769231 0.01201923076923077
0 0.9134615384615384 0.8137019230769231 0.004807692307692308 0.014423076923076924
0 0.2920673076923077 0.6947115384615384 0.009615384615384616 0.020432692307692308
0 0.19471153846153846 0.7512019230769231 0.007211538461538462 0.016826923076923076
0 0.12379807692307693 0.8016826923076923 0.006009615384615385 0.016826923076923076
0 0.04927884615384615 0.7896634615384616 0.007211538461538462 0.016826923076923076
0 0.15625 0.7572115384615384 0.004807692307692308 0.014423076923076924
0 0.0889423076923077 0.7608173076923077 0.004807692307692308 0.01201923076923077
0 0.1045673076923077 0.7355769230769231 0.003605769230769231 0.014423076923076924
0 0.06850961538461539 0.7331730769230769 0.007211538461538462 0.019230769230769232
0 0.046875 0.7151442307692307 0.004807692307692308 0.010817307692307692
0 0.028846153846153848 0.6947115384615384 0.006009615384615385 0.014423076923076924
0 0.09495192307692307 0.71875 0.004807692307692308 0.014423076923076924
0 0.13942307692307693 0.7043269230769231 0.004807692307692308 0.01201923076923077
0 0.006009615384615385 0.6526442307692307 0.003605769230769231 0.01201923076923077
0 0.008413461538461538 0.6298076923076923 0.004807692307692308 0.014423076923076924
0 0.09375 0.65625 0.004807692307692308 0.01201923076923077
0 0.04326923076923077 0.6875 0.006009615384615385 0.014423076923076924
0 0.014423076923076924 0.6826923076923077 0.006009615384615385 0.010817307692307692
0 0.06971153846153846 0.6213942307692307 0.004807692307692308 0.014423076923076924
0 0.11778846153846154 0.7548076923076923 0.006009615384615385 0.014423076923076924
0 0.07692307692307693 0.7608173076923077 0.003605769230769231 0.008413461538461538
0 0.0733173076923077 0.8125 0.004807692307692308 0.014423076923076924
0 0.2091346153846154 0.7728365384615384 0.004807692307692308 0.015625
0 0.2283653846153846 0.7355769230769231 0.003605769230769231 0.01201923076923077
0 0.24759615384615385 0.7800480769230769 0.006009615384615385 0.01201923076923077
0 0.23918269230769232 0.7704326923076923 0.004807692307692308 0.010817307692307692
0 0.028846153846153848 0.75 0.006009615384615385 0.014423076923076924
0 0.007211538461538462 0.7139423076923077 0.003605769230769231 0.010817307692307692
0 0.15625 0.6826923076923077 0.003605769230769231 0.010817307692307692
0 0.17427884615384615 0.7355769230769231 0.003605769230769231 0.014423076923076924