0 0.9314903846153846 0.5456730769230769 0.010817307692307692 0.020432692307692308
0 0.875 0.5564903846153846 0.008413461538461538 0.015625
0 0.8221153846153846 0.5721153846153846 0.007211538461538462 0.014423076923076924
0 0.7920673076923077 0.5829326923076923 0.007211538461538462 0.010817307692307692
0 0.7668269230769231 0.5841346153846154 0.006009615384615385 0.009615384615384616
0 0.8954326923076923 0.6225961538461539 0.007211538461538462 0.009615384615384616
0 0.9639423076923077 0.6189903846153846 0.008413461538461538 0.010817307692307692
0 0.8353365384615384 0.6069711538461539 0.006009615384615385 0.01201923076923077
0 0.6838942307692307 0.5925480769230769 0.006009615384615385 0.008413461538461538
0 0.6442307692307693 0.5949519230769231 0.004807692307692308 0.008413461538461538
0 0.6057692307692307 0.5973557692307693 0.004807692307692308 0.008413461538461538
0 0.5649038461538461 0.5949519230769231 0.004807692307692308 0.008413461538461538
0 0.53125 0.5973557692307693 0.004807692307692308 0.006009615384615385
0 0.4891826923076923 0.5973557692307693 0.004807692307692308 0.008413461538461538
0 0.4254807692307692 0.5973557692307693 0.004807692307692308 0.009615384615384616
0 0.4519230769230769 0.5973557692307693 0.004807692307692308 0.008413461538461538
0 0.38341346153846156 0.28725961538461536 0.021634615384615384 0.036057692307692304
0 0.20432692307692307 0.30649038461538464 0.027644230769230768 0.038461538461538464
0 0.03245192307692308 0.5456730769230769 0.016826923076923076 0.026442307692307692
0 0.08413461538461539 0.5540865384615384 0.018028846153846152 0.02403846153846154
0 0.24158653846153846 0.5733173076923077 0.010817307692307692 0.019230769230769232
0 0.35697115384615385 0.5997596153846154 0.006009615384615385 0.009615384615384616
0 0.8052884615384616 0.6021634615384616 0.004807692307692308 0.010817307692307692
0 0.28725961538461536 0.6334134615384616 0.004807692307692308 0.010817307692307692
0 0.23798076923076922 0.6225961538461539 0.004807692307692308 0.008413461538461538
0 0.390625 0.6177884615384616 0.003605769230769231 0.007211538461538462
0 0.40865384615384615 0.6189903846153846 0.003605769230769231 0.006009615384615385