0 0.052884615384615384 0.4326923076923077 0.007211538461538462 0.016826923076923076
0 0.06850961538461539 0.4795673076923077 0.008413461538461538 0.016826923076923076
0 0.17668269230769232 0.3545673076923077 0.019230769230769232 0.04807692307692308
0 0.015625 0.4675480769230769 0.010817307692307692 0.020432692307692308
0 0.051682692307692304 0.390625 0.007211538461538462 0.016826923076923076
0 0.08774038461538461 0.4230769230769231 0.007211538461538462 0.015625
0 0.42427884615384615 0.22716346153846154 0.03125 0.0733173076923077
0 0.5036057692307693 0.27403846153846156 0.03125 0.08173076923076923
0 0.8870192307692307 0.33653846153846156 0.019230769230769232 0.04567307692307692
0 0.6021634615384616 0.4206730769230769 0.007211538461538462 0.020432692307692308
0 0.8185096153846154 0.4675480769230769 0.008413461538461538 0.02283653846153846
0 0.3161057692307692 0.4411057692307692 0.006009615384615385 0.014423076923076924
0 0.020432692307692308 0.41346153846153844 0.006009615384615385 0.015625
0 0.1814903846153846 0.4387019230769231 0.006009615384615385 0.015625
0 0.17427884615384615 0.4855769230769231 0.006009615384615385 0.015625
0 0.07572115384615384 0.3389423076923077 0.004807692307692308 0.010817307692307692
0 0.02403846153846154 0.3605769230769231 0.003605769230769231 0.010817307692307692
0 0.0733173076923077 0.32091346153846156 0.003605769230769231 0.008413461538461538
0 0.02403846153846154 0.3245192307692308 0.004807692307692308 0.010817307692307692
0 0.0985576923076923 0.3701923076923077 0.004807692307692308 0.010817307692307692
0 0.35336538461538464 0.47716346153846156 0.004807692307692308 0.01201923076923077
0 0.2848557692307692 0.3942307692307692 0.003605769230769231 0.008413461538461538
0 0.3293269230769231 0.3762019230769231 0.002403846153846154 0.008413461538461538
0 0.29447115384615385 0.3557692307692308 0.003605769230769231 0.008413461538461538
0 0.27403846153846156 0.375 0.003605769230769231 0.008413461538461538
0 0.27283653846153844 0.3485576923076923 0.003605769230769231 0.008413461538461538
0 0.7295673076923077 0.47596153846153844 0.007211538461538462 0.015625
0 0.7463942307692307 0.4230769230769231 0.006009615384615385 0.015625
0 0.11778846153846154 0.4735576923076923 0.007211538461538462 0.014423076923076924
0 0.7007211538461539 0.46875 0.007211538461538462 0.016826923076923076
0 0.08774038461538461 0.4699519230769231 0.007211538461538462 0.015625
0 0.6538461538461539 0.4639423076923077 0.007211538461538462 0.019230769230769232
0 0.12740384615384615 0.4831730769230769 0.007211538461538462 0.016826923076923076
0 0.15144230769230768 0.4735576923076923 0.004807692307692308 0.01201923076923077
0 0.11057692307692307 0.421875 0.006009615384615385 0.014423076923076924
0 0.07932692307692307 0.41466346153846156 0.004807692307692308 0.010817307692307692
0 0.13701923076923078 0.4170673076923077 0.003605769230769231 0.008413461538461538
0 0.021634615384615384 0.3713942307692308 0.007211538461538462 0.014423076923076924
0 0.07932692307692307 0.4014423076923077 0.004807692307692308 0.01201923076923077
0 0.07692307692307693 0.3701923076923077 0.004807692307692308 0.01201923076923077
0 0.109375 0.3762019230769231 0.006009615384615385 0.01201923076923077
0 0.13341346153846154 0.4050480769230769 0.006009615384615385 0.01201923076923077
0 0.15264423076923078 0.4050480769230769 0.007211538461538462 0.014423076923076924
0 0.16105769230769232 0.421875 0.004807692307692308 0.01201923076923077
0 0.1466346153846154 0.4567307692307692 0.006009615384615385 0.01201923076923077
0 0.11177884615384616 0.44471153846153844 0.006009615384615385 0.01201923076923077
0 0.17307692307692307 0.4206730769230769 0.006009615384615385 0.01201923076923077
0 0.18269230769230768 0.41466346153846156 0.007211538461538462 0.015625
0 0.1622596153846154 0.3786057692307692 0.004807692307692308 0.010817307692307692
0 0.15144230769230768 0.35096153846153844 0.004807692307692308 0.010817307692307692
0 0.12620192307692307 0.35216346153846156 0.004807692307692308 0.010817307692307692
0 0.05048076923076923 0.33533653846153844 0.004807692307692308 0.014423076923076924
0 0.11658653846153846 0.3485576923076923 0.003605769230769231 0.010817307692307692
0 0.2848557692307692 0.4735576923076923 0.006009615384615385 0.014423076923076924
0 0.33413461538461536 0.4699519230769231 0.006009615384615385 0.014423076923076924
0 0.31009615384615385 0.39783653846153844 0.003605769230769231 0.01201923076923077
0 0.25961538461538464 0.3605769230769231 0.004807692307692308 0.008413461538461538
0 0.296875 0.3762019230769231 0.003605769230769231 0.010817307692307692
0 0.3269230769230769 0.35216346153846156 0.003605769230769231 0.010817307692307692
0 0.26322115384615385 0.4014423076923077 0.004807692307692308 0.010817307692307692
0 0.9627403846153846 0.4026442307692308 0.013221153846153846 0.027644230769230768
0 0.9086538461538461 0.3245192307692308 0.006009615384615385 0.014423076923076924
0 0.9326923076923077 0.33653846153846156 0.006009615384615385 0.01201923076923077
0 0.9783653846153846 0.296875 0.006009615384615385 0.01201923076923077
0 0.9879807692307693 0.2980769230769231 0.006009615384615385 0.014423076923076924
0 0.8257211538461539 0.39783653846153844 0.007211538461538462 0.014423076923076924
0 0.8233173076923077 0.3425480769230769 0.007211538461538462 0.01201923076923077
0 0.9495192307692307 0.390625 0.007211538461538462 0.019230769230769232
0 0.9975961538461539 0.37740384615384615 0.003605769230769231 0.015625
0 0.7151442307692307 0.4182692307692308 0.004807692307692308 0.008413461538461538
0 0.6622596153846154 0.4254807692307692 0.007211538461538462 0.016826923076923076
0 0.6538461538461539 0.4050480769230769 0.006009615384615385 0.008413461538461538
0 0.7007211538461539 0.41466346153846156 0.006009615384615385 0.014423076923076924
0 0.7079326923076923 0.421875 0.006009615384615385 0.014423076923076924
0 0.9663461538461539 0.2980769230769231 0.006009615384615385 0.015625
0 0.9399038461538461 0.30408653846153844 0.006009615384615385 0.01201923076923077
0 0.9350961538461539 0.25841346153846156 0.006009615384615385 0.01201923076923077
0 0.9110576923076923 0.28125 0.006009615384615385 0.01201923076923077
0 0.8473557692307693 0.3233173076923077 0.004807692307692308 0.008413461538461538
0 0.8810096153846154 0.2644230769230769 0.006009615384615385 0.010817307692307692