0 0.8605769230769231 0.10096153846153846 0.021634615384615384 0.04567307692307692
0 0.9651442307692307 0.3233173076923077 0.06850961538461539 0.15264423076923078
0 0.9122596153846154 0.29086538461538464 0.06009615384615385 0.1201923076923077
0 0.7115384615384616 0.3545673076923077 0.07091346153846154 0.11658653846153846
0 0.8064903846153846 0.2776442307692308 0.038461538461538464 0.06009615384615385
0 0.609375 0.34615384615384615 0.0673076923076923 0.11658653846153846
0 0.4963942307692308 0.35697115384615385 0.0625 0.10697115384615384
0 0.31850961538461536 0.3737980769230769 0.06370192307692307 0.10817307692307693
0 0.15144230769230768 0.4387019230769231 0.055288461538461536 0.09254807692307693
0 0.06009615384615385 0.3713942307692308 0.057692307692307696 0.08653846153846154
0 0.11778846153846154 0.30288461538461536 0.042067307692307696 0.07211538461538461
0 0.20072115384615385 0.31009615384615385 0.03125 0.04447115384615385
0 0.25 0.3581730769230769 0.030048076923076924 0.052884615384615384
0 0.7235576923076923 0.14903846153846154 0.038461538461538464 0.04326923076923077
0 0.65625 0.16947115384615385 0.03365384615384615 0.051682692307692304
0 0.5925480769230769 0.12740384615384615 0.026442307692307692 0.046875
0 0.4963942307692308 0.23557692307692307 0.03365384615384615 0.051682692307692304
0 0.5240384615384616 0.14423076923076922 0.025240384615384616 0.04326923076923077
0 0.44350961538461536 0.17067307692307693 0.028846153846153848 0.04927884615384615
0 0.40024038461538464 0.21875 0.02403846153846154 0.040865384615384616
0 0.41466346153846156 0.17067307692307693 0.021634615384615384 0.039663461538461536
0 0.4651442307692308 0.10576923076923077 0.020432692307692308 0.037259615384615384
0 0.5348557692307693 0.04567307692307692 0.02403846153846154 0.039663461538461536
0 0.3918269230769231 0.11177884615384616 0.02403846153846154 0.039663461538461536
0 0.34615384615384615 0.22596153846153846 0.028846153846153848 0.040865384615384616
0 0.24278846153846154 0.2800480769230769 0.028846153846153848 0.04567307692307692
0 0.2776442307692308 0.19110576923076922 0.026442307692307692 0.040865384615384616
0 0.25240384615384615 0.24278846153846154 0.025240384615384616 0.040865384615384616
0 0.15865384615384615 0.20793269230769232 0.027644230769230768 0.039663461538461536
0 0.22355769230769232 0.15865384615384615 0.02403846153846154 0.046875
0 0.1466346153846154 0.16706730769230768 0.02403846153846154 0.039663461538461536
0 0.10576923076923077 0.19591346153846154 0.02403846153846154 0.04567307692307692
0 0.1875 0.11899038461538461 0.02403846153846154 0.04567307692307692
0 0.04447115384615385 0.22355769230769232 0.028846153846153848 0.04567307692307692
0 0.41466346153846156 0.03485576923076923 0.019230769230769232 0.025240384615384616
0 0.45072115384615385 0.021634615384615384 0.02403846153846154 0.04326923076923077
0 0.6213942307692307 0.028846153846153848 0.02403846153846154 0.03365384615384615
0 0.21153846153846154 0.027644230769230768 0.018028846153846152 0.028846153846153848
0 0.1622596153846154 0.020432692307692308 0.018028846153846152 0.03365384615384615
0 0.2692307692307692 0.02403846153846154 0.016826923076923076 0.03245192307692308
0 0.3004807692307692 0.013221153846153846 0.02283653846153846 0.025240384615384616
0 0.10096153846153846 0.07451923076923077 0.021634615384615384 0.037259615384615384
0 0.03245192307692308 0.1201923076923077 0.020432692307692308 0.037259615384615384
0 0.055288461538461536 0.07211538461538461 0.019230769230769232 0.03245192307692308
0 0.5673076923076923 0.29086538461538464 0.03125 0.055288461538461536
0 0.30288461538461536 0.1466346153846154 0.027644230769230768 0.040865384615384616
0 0.06490384615384616 0.2764423076923077 0.021634615384615384 0.036057692307692304
0 0.020432692307692308 0.4362980769230769 0.040865384615384616 0.09495192307692307
0 0.33774038461538464 0.013221153846153846 0.019230769230769232 0.026442307692307692