0 0.41346153846153844 0.4014423076923077 0.01201923076923077 0.02403846153846154
0 0.6538461538461539 0.390625 0.009615384615384616 0.025240384615384616
0 0.6670673076923077 0.38221153846153844 0.010817307692307692 0.020432692307692308
0 0.671875 0.3942307692307692 0.008413461538461538 0.018028846153846152
0 0.7019230769230769 0.38822115384615385 0.01201923076923077 0.025240384615384616
0 0.6923076923076923 0.4026442307692308 0.013221153846153846 0.02403846153846154
0 0.7680288461538461 0.38822115384615385 0.013221153846153846 0.020432692307692308
0 0.84375 0.3798076923076923 0.014423076923076924 0.026442307692307692
0 0.1201923076923077 0.3004807692307692 0.008413461538461538 0.01201923076923077
0 0.11057692307692307 0.3137019230769231 0.007211538461538462 0.010817307692307692
0 0.09735576923076923 0.30408653846153844 0.007211538461538462 0.01201923076923077
0 0.07211538461538461 0.29927884615384615 0.007211538461538462 0.01201923076923077
0 0.0733173076923077 0.3173076923076923 0.007211538461538462 0.01201923076923077
0 0.08052884615384616 0.3329326923076923 0.008413461538461538 0.014423076923076924
0 0.0673076923076923 0.3545673076923077 0.007211538461538462 0.01201923076923077
0 0.08173076923076923 0.37259615384615385 0.007211538461538462 0.014423076923076924
0 0.12740384615384615 0.41346153846153844 0.008413461538461538 0.014423076923076924
0 0.09615384615384616 0.41346153846153844 0.007211538461538462 0.01201923076923077
0 0.051682692307692304 0.3329326923076923 0.007211538461538462 0.01201923076923077
0 0.02403846153846154 0.3173076923076923 0.007211538461538462 0.01201923076923077
0 0.038461538461538464 0.3389423076923077 0.007211538461538462 0.010817307692307692
0 0.04927884615384615 0.3737980769230769 0.007211538461538462 0.014423076923076924
0 0.018028846153846152 0.359375 0.007211538461538462 0.013221153846153846
0 0.014423076923076924 0.3786057692307692 0.007211538461538462 0.01201923076923077
0 0.018028846153846152 0.39663461538461536 0.007211538461538462 0.015625
0 0.007211538461538462 0.4338942307692308 0.008413461538461538 0.016826923076923076
0 0.027644230769230768 0.4338942307692308 0.008413461538461538 0.014423076923076924
0 0.055288461538461536 0.43990384615384615 0.009615384615384616 0.014423076923076924
0 0.08533653846153846 0.43990384615384615 0.008413461538461538 0.014423076923076924
0 0.11177884615384616 0.43990384615384615 0.007211538461538462 0.014423076923076924
0 0.13221153846153846 0.4362980769230769 0.007211538461538462 0.014423076923076924
0 0.16826923076923078 0.390625 0.01201923076923077 0.021634615384615384