0 0.6490384615384616 0.125 0.06009615384615385 0.11658653846153846
0 0.39302884615384615 0.2776442307692308 0.06490384615384616 0.10576923076923077
0 0.203125 0.24278846153846154 0.04927884615384615 0.08052884615384616
0 0.1658653846153846 0.12980769230769232 0.03485576923076923 0.06129807692307692
0 0.22115384615384615 0.13581730769230768 0.02403846153846154 0.046875
0 0.2764423076923077 0.1502403846153846 0.027644230769230768 0.05889423076923077
0 0.296875 0.19591346153846154 0.030048076923076924 0.057692307692307696
0 0.36177884615384615 0.15985576923076922 0.025240384615384616 0.04447115384615385
0 0.10336538461538461 0.038461538461538464 0.030048076923076924 0.052884615384615384
0 0.18389423076923078 0.04807692307692308 0.026442307692307692 0.054086538461538464
0 0.40865384615384615 0.054086538461538464 0.026442307692307692 0.04927884615384615
0 0.3545673076923077 0.03365384615384615 0.02403846153846154 0.04447115384615385
0 0.4519230769230769 0.09134615384615384 0.02403846153846154 0.04447115384615385
0 0.4795673076923077 0.16706730769230768 0.02403846153846154 0.03365384615384615
0 0.5625 0.17908653846153846 0.028846153846153848 0.054086538461538464
0 0.5048076923076923 0.0673076923076923 0.02283653846153846 0.04927884615384615
0 0.4519230769230769 0.04927884615384615 0.025240384615384616 0.04567307692307692
0 0.5540865384615384 0.06971153846153846 0.027644230769230768 0.046875
0 0.5997596153846154 0.055288461538461536 0.02283653846153846 0.04807692307692308
0 0.8521634615384616 0.4050480769230769 0.027644230769230768 0.052884615384615384
0 0.6009615384615384 0.4338942307692308 0.03365384615384615 0.06490384615384616
0 0.6490384615384616 0.41346153846153844 0.03485576923076923 0.06850961538461539
0 0.9387019230769231 0.38221153846153844 0.02283653846153846 0.04807692307692308
0 0.9867788461538461 0.38341346153846156 0.02283653846153846 0.046875
0 0.8100961538461539 0.25721153846153844 0.025240384615384616 0.054086538461538464
0 0.7992788461538461 0.21514423076923078 0.030048076923076924 0.05889423076923077
0 0.8677884615384616 0.2608173076923077 0.025240384615384616 0.054086538461538464
0 0.8918269230769231 0.13221153846153846 0.02403846153846154 0.04927884615384615
0 0.7956730769230769 0.09495192307692307 0.02403846153846154 0.04567307692307692
0 0.78125 0.1502403846153846 0.02283653846153846 0.040865384615384616
0 0.7367788461538461 0.08533653846153846 0.02403846153846154 0.054086538461538464
0 0.9783653846153846 0.10336538461538461 0.040865384615384616 0.11538461538461539
0 0.03125 0.3713942307692308 0.03245192307692308 0.057692307692307696
0 0.013221153846153846 0.16346153846153846 0.026442307692307692 0.06850961538461539
0 0.9663461538461539 0.1971153846153846 0.02403846153846154 0.04447115384615385
0 0.9170673076923077 0.14182692307692307 0.025240384615384616 0.046875
0 0.4831730769230769 0.24639423076923078 0.027644230769230768 0.04567307692307692
0 0.8341346153846154 0.21995192307692307 0.019230769230769232 0.04567307692307692
0 0.5769230769230769 0.13221153846153846 0.02403846153846154 0.038461538461538464
0 0.27283653846153844 0.027644230769230768 0.019230769230769232 0.046875