0 0.9939903846153846 0.5 0.010817307692307692 0.015625
0 0.2127403846153846 0.3557692307692308 0.014423076923076924 0.03365384615384615
0 0.057692307692307696 0.5048076923076923 0.008413461538461538 0.01201923076923077
0 0.11658653846153846 0.5108173076923077 0.009615384615384616 0.010817307692307692
0 0.15264423076923078 0.5060096153846154 0.008413461538461538 0.014423076923076924
0 0.3004807692307692 0.5060096153846154 0.008413461538461538 0.010817307692307692
0 0.4579326923076923 0.49759615384615385 0.014423076923076924 0.019230769230769232
0 0.4987980769230769 0.484375 0.010817307692307692 0.013221153846153846
0 0.3545673076923077 0.5012019230769231 0.007211538461538462 0.01201923076923077
0 0.4254807692307692 0.5036057692307693 0.007211538461538462 0.01201923076923077
0 0.5288461538461539 0.5048076923076923 0.007211538461538462 0.01201923076923077
0 0.5769230769230769 0.4855769230769231 0.014423076923076924 0.020432692307692308
0 0.7235576923076923 0.5 0.007211538461538462 0.009615384615384616
0 0.7608173076923077 0.5048076923076923 0.007211538461538462 0.010817307692307692
0 0.765625 0.4879807692307692 0.008413461538461538 0.010817307692307692
0 0.6983173076923077 0.5 0.008413461538461538 0.01201923076923077
0 0.9543269230769231 0.4891826923076923 0.01201923076923077 0.021634615384615384
0 0.5504807692307693 0.5024038461538461 0.013221153846153846 0.020432692307692308
0 0.6069711538461539 0.5324519230769231 0.008413461538461538 0.013221153846153846
0 0.24879807692307693 0.5036057692307693 0.003605769230769231 0.008413461538461538
0 0.13701923076923078 0.5204326923076923 0.009615384615384616 0.014423076923076924
0 0.3401442307692308 0.4951923076923077 0.007211538461538462 0.009615384615384616
0 0.28725961538461536 0.5432692307692307 0.008413461538461538 0.013221153846153846
0 0.38221153846153844 0.5372596153846154 0.006009615384615385 0.009615384615384616