0 0.0733173076923077 0.08533653846153846 0.026442307692307692 0.04927884615384615
0 0.046875 0.19230769230769232 0.02403846153846154 0.040865384615384616
0 0.08052884615384616 0.19230769230769232 0.037259615384615384 0.08774038461538461
0 0.12379807692307693 0.125 0.030048076923076924 0.055288461538461536
0 0.125 0.19230769230769232 0.030048076923076924 0.05889423076923077
0 0.22235576923076922 0.25600961538461536 0.038461538461538464 0.08653846153846154
0 0.23918269230769232 0.2091346153846154 0.03245192307692308 0.0625
0 0.296875 0.22716346153846154 0.03365384615384615 0.057692307692307696
0 0.2548076923076923 0.12620192307692307 0.03485576923076923 0.06009615384615385
0 0.31490384615384615 0.16947115384615385 0.03365384615384615 0.06009615384615385
0 0.38461538461538464 0.12860576923076922 0.03125 0.057692307692307696
0 0.3701923076923077 0.23076923076923078 0.03365384615384615 0.054086538461538464
0 0.39663461538461536 0.30408653846153844 0.025240384615384616 0.055288461538461536
0 0.4170673076923077 0.24158653846153846 0.030048076923076924 0.055288461538461536
0 0.4338942307692308 0.04567307692307692 0.028846153846153848 0.052884615384615384
0 0.4951923076923077 0.16947115384615385 0.052884615384615384 0.11658653846153846
0 0.49399038461538464 0.013221153846153846 0.026442307692307692 0.026442307692307692
0 0.5564903846153846 0.07451923076923077 0.02403846153846154 0.04567307692307692
0 0.6069711538461539 0.11538461538461539 0.051682692307692304 0.10576923076923077
0 0.6911057692307693 0.22596153846153846 0.055288461538461536 0.08533653846153846
0 0.65625 0.026442307692307692 0.026442307692307692 0.04567307692307692
0 0.6802884615384616 0.0985576923076923 0.027644230769230768 0.057692307692307696
0 0.7079326923076923 0.14783653846153846 0.03365384615384615 0.06129807692307692
0 0.7379807692307693 0.22956730769230768 0.036057692307692304 0.09975961538461539
0 0.7548076923076923 0.027644230769230768 0.025240384615384616 0.046875
0 0.8016826923076923 0.08774038461538461 0.030048076923076924 0.046875
0 0.8052884615384616 0.22956730769230768 0.05048076923076923 0.10817307692307693
0 0.8341346153846154 0.23918269230769232 0.026442307692307692 0.06610576923076923
0 0.015625 0.2824519230769231 0.03125 0.054086538461538464
0 0.1814903846153846 0.026442307692307692 0.030048076923076924 0.04927884615384615
0 0.28846153846153844 0.02283653846153846 0.027644230769230768 0.04447115384615385
0 0.009615384615384616 0.021634615384615384 0.019230769230769232 0.04326923076923077