0 0.890625 0.07451923076923077 0.04447115384615385 0.04326923076923077
0 0.8161057692307693 0.08052884615384616 0.04927884615384615 0.042067307692307696
0 0.53125 0.12620192307692307 0.10096153846153846 0.09375
0 0.39302884615384615 0.036057692307692304 0.038461538461538464 0.039663461538461536
0 0.30528846153846156 0.030048076923076924 0.038461538461538464 0.036057692307692304
0 0.18389423076923078 0.02283653846153846 0.04447115384615385 0.04447115384615385
0 0.27524038461538464 0.12980769230769232 0.04567307692307692 0.05048076923076923
0 0.37259615384615385 0.1045673076923077 0.04326923076923077 0.04326923076923077
0 0.18028846153846154 0.20432692307692307 0.03485576923076923 0.039663461538461536
0 0.08533653846153846 0.18629807692307693 0.04447115384615385 0.039663461538461536
0 0.10697115384615384 0.16466346153846154 0.03485576923076923 0.038461538461538464
0 0.1502403846153846 0.13581730769230768 0.030048076923076924 0.028846153846153848
0 0.05048076923076923 0.10697115384615384 0.03365384615384615 0.037259615384615384
0 0.025240384615384616 0.1466346153846154 0.042067307692307696 0.042067307692307696
0 0.015625 0.20552884615384615 0.028846153846153848 0.04927884615384615
0 0.021634615384615384 0.30528846153846156 0.039663461538461536 0.04447115384615385
0 0.43509615384615385 0.17307692307692307 0.03245192307692308 0.03485576923076923
0 0.9014423076923077 0.3137019230769231 0.037259615384615384 0.039663461538461536
0 0.6875 0.1778846153846154 0.027644230769230768 0.03245192307692308
0 0.9639423076923077 0.25 0.026442307692307692 0.03125