0 0 0 0 0
0 0.60791015625 0.1015625 0.0107421875 0.01953125
0 0.6455078125 0.10026041666666667 0.0078125 0.015625
0 0.36474609375 0.109375 0.0068359375 0.015625
0 0.32080078125 0.13802083333333334 0.0107421875 0.01953125
0 0.35009765625 0.14453125 0.0126953125 0.018229166666666668
0 0.38330078125 0.15364583333333334 0.0087890625 0.013020833333333334
0 0.38916015625 0.11197916666666667 0.0107421875 0.01171875
0 0.41748046875 0.12239583333333333 0.0087890625 0.014322916666666666
0 0.43896484375 0.11588541666666667 0.0087890625 0.015625
0 0.48486328125 0.12109375 0.0107421875 0.01953125
0 0.51318359375 0.12760416666666666 0.0107421875 0.022135416666666668
0 0.5439453125 0.12760416666666666 0.01171875 0.01953125
0 0.5673828125 0.13151041666666666 0.01171875 0.01953125
0 0.61474609375 0.14322916666666666 0.0107421875 0.018229166666666668
0 0.6435546875 0.14583333333333334 0.01171875 0.020833333333333332
0 0.57177734375 0.18098958333333334 0.0087890625 0.016927083333333332
0 0.5400390625 0.17838541666666666 0.009765625 0.016927083333333332
0 0.5087890625 0.17838541666666666 0.0078125 0.016927083333333332
0 0.47314453125 0.16145833333333334 0.0107421875 0.018229166666666668
0 0.44580078125 0.16015625 0.0087890625 0.020833333333333332
0 0.4072265625 0.15104166666666666 0.01171875 0.018229166666666668
0 0.34033203125 0.19010416666666666 0.0107421875 0.015625
0 0.3388671875 0.23567708333333334 0.01171875 0.029947916666666668
0 0.376953125 0.19270833333333334 0.0078125 0.018229166666666668
0 0.40576171875 0.19401041666666666 0.0087890625 0.015625
0 0.43115234375 0.19791666666666666 0.0087890625 0.015625
0 0.46923828125 0.19661458333333334 0.0107421875 0.015625
0 0.548828125 0.22005208333333334 0.009765625 0.015625
0 0.388671875 0.2552083333333333 0.01171875 0.01953125
0 0.416015625 0.23697916666666666 0.009765625 0.018229166666666668
0 0.44189453125 0.24479166666666666 0.0107421875 0.018229166666666668
0 0.41650390625 0.2721354166666667 0.0107421875 0.018229166666666668
0 0.443359375 0.2721354166666667 0.009765625 0.01953125
0 0.46337890625 0.2981770833333333 0.0107421875 0.015625
0 0.4833984375 0.25390625 0.0078125 0.018229166666666668
0 0.50732421875 0.2565104166666667 0.0107421875 0.01953125
0 0.51708984375 0.28125 0.0107421875 0.015625
0 0.54296875 0.26171875 0.01171875 0.01953125
0 0.57275390625 0.2604166666666667 0.0087890625 0.01953125
0 0.5830078125 0.2916666666666667 0.013671875 0.022135416666666668
0 0.54638671875 0.2903645833333333 0.0146484375 0.018229166666666668
0 0.62158203125 0.2708333333333333 0.0087890625 0.01953125
0 0.650390625 0.22916666666666666 0.01171875 0.01953125
0 0.6435546875 0.2721354166666667 0.01171875 0.022135416666666668
0 0.6552734375 0.3046875 0.01171875 0.020833333333333332
0 0.5849609375 0.028645833333333332 0.0078125 0.018229166666666668
0 0.6650390625 0.041666666666666664 0.0078125 0.013020833333333334
0 0.68798828125 0.036458333333333336 0.0126953125 0.0234375
0 0.72900390625 0.032552083333333336 0.0087890625 0.01953125
0 0.69482421875 0.08463541666666667 0.0087890625 0.020833333333333332
0 0.671875 0.11067708333333333 0.0078125 0.01953125
0 0.68798828125 0.23567708333333334 0.0107421875 0.01953125
0 0.78955078125 0.12239583333333333 0.0107421875 0.0234375
0 0.75439453125 0.15625 0.0107421875 0.020833333333333332
0 0.75927734375 0.20052083333333334 0.0126953125 0.02734375
0 0.7939453125 0.20833333333333334 0.009765625 0.0234375
0 0.78955078125 0.2734375 0.0087890625 0.01953125
0 0.75390625 0.28125 0.01171875 0.018229166666666668
0 0.7109375 0.24869791666666666 0.009765625 0.016927083333333332
0 0.20849609375 0.3450520833333333 0.0146484375 0.02734375
0 0.3173828125 0.4270833333333333 0.015625 0.028645833333333332
0 0.54248046875 0.4088541666666667 0.0126953125 0.024739583333333332
0 0.61669921875 0.4244791666666667 0.0146484375 0.024739583333333332
0 0.6640625 0.4934895833333333 0.015625 0.028645833333333332
0 0.06494140625 0.02734375 0.0087890625 0.01171875
0 0.0859375 0.03125 0.0078125 0.01171875
0 0.02392578125 0.055989583333333336 0.0087890625 0.013020833333333334
0 0.05322265625 0.059895833333333336 0.0087890625 0.014322916666666666
0 0.07958984375 0.06380208333333333 0.0068359375 0.013020833333333334
0 0.03857421875 0.09375 0.0107421875 0.016927083333333332
0 0.06396484375 0.09765625 0.0087890625 0.014322916666666666
0 0.02392578125 0.13020833333333334 0.0087890625 0.013020833333333334
0 0.0244140625 0.16927083333333334 0.009765625 0.015625
0 0.05859375 0.13802083333333334 0.0078125 0.015625
0 0.8564453125 0.2682291666666667 0.009765625 0.0234375
0 0.865234375 0.23567708333333334 0.009765625 0.018229166666666668
0 0.8564453125 0.17708333333333334 0.009765625 0.02734375
0 0.8154296875 0.13411458333333334 0.0078125 0.018229166666666668
0 0.8076171875 0.09244791666666667 0.009765625 0.018229166666666668
0 0.876953125 0.109375 0.0078125 0.016927083333333332
0 0.89404296875 0.13671875 0.0087890625 0.016927083333333332
0 0.919921875 0.1015625 0.009765625 0.020833333333333332
0 0.91357421875 0.059895833333333336 0.0107421875 0.014322916666666666
0 0.91064453125 0.020833333333333332 0.0087890625 0.014322916666666666
0 0.9345703125 0.029947916666666668 0.009765625 0.014322916666666666
0 0.951171875 0.059895833333333336 0.009765625 0.020833333333333332
0 0.95849609375 0.11328125 0.0107421875 0.020833333333333332
0 0.96728515625 0.15104166666666666 0.0107421875 0.024739583333333332
0 0.921875 0.15494791666666666 0.013671875 0.02734375
0 0.92724609375 0.19140625 0.0107421875 0.022135416666666668
0 0.9697265625 0.19401041666666666 0.013671875 0.01953125
0 0.94970703125 0.3020833333333333 0.0126953125 0.016927083333333332
0 0.9384765625 0.3684895833333333 0.017578125 0.024739583333333332
0 0.10107421875 0.06640625 0.0087890625 0.015625
0 0.11767578125 0.036458333333333336 0.0087890625 0.014322916666666666
0 0.1298828125 0.078125 0.0078125 0.013020833333333334
0 0.12060546875 0.1015625 0.0087890625 0.013020833333333334
0 0.14697265625 0.125 0.0087890625 0.013020833333333334
0 0.10107421875 0.18359375 0.0087890625 0.01953125
0 0.09912109375 0.20833333333333334 0.0107421875 0.018229166666666668
0 0.1240234375 0.26171875 0.0078125 0.016927083333333332
0 0.13916015625 0.18880208333333334 0.0087890625 0.01953125
0 0.177734375 0.15494791666666666 0.009765625 0.018229166666666668
0 0.15478515625 0.07161458333333333 0.0087890625 0.014322916666666666
0 0.14697265625 0.029947916666666668 0.0068359375 0.016927083333333332
0 0.1875 0.046875 0.0078125 0.01171875
0 0.2109375 0.11979166666666667 0.0078125 0.015625
0 0.203125 0.16145833333333334 0.0078125 0.014322916666666666
0 0.2373046875 0.12760416666666666 0.009765625 0.01953125
0 0.21923828125 0.16276041666666666 0.0087890625 0.016927083333333332
0 0.20556640625 0.013020833333333334 0.0087890625 0.014322916666666666
0 0.24560546875 0.08723958333333333 0.0087890625 0.013020833333333334
0 0.2685546875 0.06901041666666667 0.0078125 0.013020833333333334
0 0.267578125 0.09244791666666667 0.0078125 0.015625
0 0.2685546875 0.13541666666666666 0.0078125 0.015625
0 0.2919921875 0.09635416666666667 0.009765625 0.01953125
0 0.29345703125 0.13671875 0.0087890625 0.016927083333333332
0 0.28173828125 0.1796875 0.0087890625 0.018229166666666668
0 0.23486328125 0.21223958333333334 0.0107421875 0.01953125
0 0.18408203125 0.20963541666666666 0.0068359375 0.015625
0 0.27001953125 0.22265625 0.0107421875 0.014322916666666666
0 0.31201171875 0.1796875 0.0087890625 0.016927083333333332
0 0.30712890625 0.061197916666666664 0.0087890625 0.018229166666666668
0 0.2958984375 0.0234375 0.009765625 0.01953125
0 0.05322265625 0.17447916666666666 0.0087890625 0.015625
0 0.03369140625 0.19791666666666666 0.0107421875 0.018229166666666668
0 0.0712890625 0.203125 0.009765625 0.018229166666666668
0 0.0771484375 0.17708333333333334 0.009765625 0.018229166666666668
0 0.08447265625 0.14322916666666666 0.0087890625 0.016927083333333332
0 0.228515625 0.013020833333333334 0.0078125 0.015625
0 0.1728515625 0.009114583333333334 0.0078125 0.0078125
0 0.34765625 0.029947916666666668 0.0078125 0.015625
0 0.3662109375 0.028645833333333332 0.0078125 0.016927083333333332
0 0.3896484375 0.040364583333333336 0.0078125 0.015625
0 0.43017578125 0.040364583333333336 0.0087890625 0.015625
0 0.455078125 0.040364583333333336 0.009765625 0.015625
0 0.51123046875 0.01171875 0.0068359375 0.014322916666666666
0 0.54345703125 0.022135416666666668 0.0087890625 0.016927083333333332
0 0.603515625 0.020833333333333332 0.0078125 0.01171875
0 0.6416015625 0.032552083333333336 0.0078125 0.016927083333333332
0 0.32958984375 0.07552083333333333 0.0087890625 0.013020833333333334
0 0.330078125 0.09635416666666667 0.0078125 0.01171875
0 0.35498046875 0.078125 0.0068359375 0.01171875
0 0.38720703125 0.07421875 0.0107421875 0.015625
0 0.4208984375 0.07552083333333333 0.0078125 0.018229166666666668
0 0.4560546875 0.07942708333333333 0.0078125 0.015625
0 0.47900390625 0.07942708333333333 0.0087890625 0.018229166666666668
0 0.4921875 0.0546875 0.0078125 0.016927083333333332
0 0.50830078125 0.05078125 0.0107421875 0.015625
0 0.53369140625 0.06901041666666667 0.0087890625 0.014322916666666666
0 0.568359375 0.0625 0.0078125 0.016927083333333332
0 0.638671875 0.06510416666666667 0.009765625 0.015625
0 0.5107421875 0.09375 0.0078125 0.018229166666666668
0 0.5341796875 0.09765625 0.009765625 0.015625
0 0.57373046875 0.09244791666666667 0.0107421875 0.01953125
0 0.24072265625 0.171875 0.0107421875 0.01953125
0 0.46826171875 0.01171875 0.0087890625 0.015625
0 0.4775390625 0.009114583333333334 0.009765625 0.015625
0 0.6640625 0.06901041666666667 0.009765625 0.015625
0 0.59375 0.3111979166666667 0.01171875 0.015625
0 0.87646484375 0.06510416666666667 0.0087890625 0.013020833333333334
0 0.7568359375 0.25 0.009765625 0.015625
0 0.71435546875 0.19791666666666666 0.0107421875 0.020833333333333332
0 0.6064453125 0.18098958333333334 0.01171875 0.018229166666666668
0 0.91015625 0.22916666666666666 0.01171875 0.020833333333333332
0 0.94287109375 0.2552083333333333 0.0107421875 0.016927083333333332
0 0.921875 0.2838541666666667 0.009765625 0.020833333333333332
0 0.68017578125 0.3216145833333333 0.0126953125 0.018229166666666668
0 0.00830078125 0.03125 0.0087890625 0.013020833333333334
0 0.01025390625 0.10026041666666667 0.0107421875 0.014322916666666666
0 0.97705078125 0.036458333333333336 0.0107421875 0.015625