0 0.9026442307692307 0.28966346153846156 0.007211538461538462 0.015625
0 0.8978365384615384 0.31850961538461536 0.007211538461538462 0.015625
0 0.921875 0.30649038461538464 0.009615384615384616 0.014423076923076924
0 0.9495192307692307 0.30649038461538464 0.007211538461538462 0.013221153846153846
0 0.5264423076923077 0.2704326923076923 0.009615384615384616 0.018028846153846152
0 0.5384615384615384 0.2692307692307692 0.008413461538461538 0.016826923076923076
0 0.9435096153846154 0.24158653846153846 0.009615384615384616 0.014423076923076924
0 0.08774038461538461 0.24759615384615385 0.009615384615384616 0.015625
0 0.8269230769230769 0.28966346153846156 0.007211538461538462 0.015625
0 0.84375 0.20432692307692307 0.007211538461538462 0.014423076923076924
0 0.8353365384615384 0.18509615384615385 0.009615384615384616 0.015625
0 0.8461538461538461 0.1502403846153846 0.007211538461538462 0.014423076923076924
0 0.7295673076923077 0.23798076923076922 0.008413461538461538 0.014423076923076924
0 0.9350961538461539 0.04326923076923077 0.007211538461538462 0.01201923076923077
0 0.33774038461538464 0.125 0.008413461538461538 0.015625
0 0.7079326923076923 0.31850961538461536 0.007211538461538462 0.016826923076923076
0 0.3545673076923077 0.36899038461538464 0.009615384615384616 0.014423076923076924
0 0.8449519230769231 0.11177884615384616 0.008413461538461538 0.016826923076923076
0 0.8233173076923077 0.0673076923076923 0.007211538461538462 0.014423076923076924
0 0.7584134615384616 0.052884615384615384 0.008413461538461538 0.013221153846153846
0 0.7956730769230769 0.056490384615384616 0.007211538461538462 0.013221153846153846
0 0.5673076923076923 0.06129807692307692 0.007211538461538462 0.010817307692307692
0 0.5805288461538461 0.05048076923076923 0.007211538461538462 0.01201923076923077
0 0.5961538461538461 0.0673076923076923 0.007211538461538462 0.013221153846153846
0 0.6165865384615384 0.018028846153846152 0.007211538461538462 0.013221153846153846
0 0.5528846153846154 0.021634615384615384 0.007211538461538462 0.010817307692307692
0 0.5889423076923077 0.1201923076923077 0.008413461538461538 0.009615384615384616
0 0.3161057692307692 0.10096153846153846 0.007211538461538462 0.013221153846153846
0 0.3173076923076923 0.2536057692307692 0.010817307692307692 0.016826923076923076
0 0.35216346153846156 0.24879807692307693 0.01201923076923077 0.016826923076923076
0 0.018028846153846152 0.20192307692307693 0.009615384615384616 0.016826923076923076
0 0.8834134615384616 0.12980769230769232 0.007211538461538462 0.013221153846153846
0 0.9074519230769231 0.13581730769230768 0.007211538461538462 0.01201923076923077
0 0.8918269230769231 0.17548076923076922 0.007211538461538462 0.014423076923076924
0 0.9326923076923077 0.1658653846153846 0.009615384615384616 0.014423076923076924
0 0.828125 0.12620192307692307 0.008413461538461538 0.013221153846153846
0 0.7439903846153846 0.24519230769230768 0.007211538461538462 0.014423076923076924
0 0.7536057692307693 0.265625 0.008413461538461538 0.014423076923076924
0 0.7752403846153846 0.2764423076923077 0.007211538461538462 0.014423076923076924
0 0.7716346153846154 0.21754807692307693 0.007211538461538462 0.014423076923076924
0 0.7764423076923077 0.23798076923076922 0.007211538461538462 0.014423076923076924
0 0.8100961538461539 0.22956730769230768 0.007211538461538462 0.014423076923076924
0 0.7307692307692307 0.38100961538461536 0.013221153846153846 0.018028846153846152
0 0.78125 0.3737980769230769 0.013221153846153846 0.018028846153846152
0 0.6358173076923077 0.38461538461538464 0.013221153846153846 0.018028846153846152
0 0.828125 0.01201923076923077 0.008413461538461538 0.016826923076923076
0 0.9122596153846154 0.02403846153846154 0.007211538461538462 0.01201923076923077
0 0.890625 0.02283653846153846 0.008413461538461538 0.01201923076923077
0 0.8677884615384616 0.026442307692307692 0.007211538461538462 0.010817307692307692
0 0.546875 0.30408653846153844 0.008413461538461538 0.01201923076923077
0 0.28125 0.20072115384615385 0.010817307692307692 0.018028846153846152
0 0.3233173076923077 0.05889423076923077 0.008413461538461538 0.015625
0 0.3954326923076923 0.18509615384615385 0.008413461538461538 0.013221153846153846
0 0.39663461538461536 0.13701923076923078 0.007211538461538462 0.015625
0 0.22596153846153846 0.11057692307692307 0.008413461538461538 0.013221153846153846
0 0.06129807692307692 0.14302884615384615 0.009615384615384616 0.018028846153846152
0 0.40865384615384615 0.31850961538461536 0.009615384615384616 0.016826923076923076
0 0.41225961538461536 0.3473557692307692 0.010817307692307692 0.018028846153846152
0 0.1310096153846154 0.19471153846153846 0.009615384615384616 0.013221153846153846
0 0.3076923076923077 0.026442307692307692 0.009615384615384616 0.02283653846153846
0 0.2920673076923077 0.21995192307692307 0.008413461538461538 0.018028846153846152
0 0.25240384615384615 0.21875 0.010817307692307692 0.015625
0 0.22956730769230768 0.20793269230769232 0.010817307692307692 0.016826923076923076
0 0.22716346153846154 0.18870192307692307 0.009615384615384616 0.016826923076923076
0 0.25961538461538464 0.16466346153846154 0.008413461538461538 0.014423076923076924
0 0.24759615384615385 0.15144230769230768 0.007211538461538462 0.015625
0 0.22235576923076922 0.1310096153846154 0.006009615384615385 0.014423076923076924
0 0.9266826923076923 0.23557692307692307 0.008413461538461538 0.01201923076923077
0 0.9254807692307693 0.19951923076923078 0.008413461538461538 0.016826923076923076
0 0.37259615384615385 0.13581730769230768 0.007211538461538462 0.013221153846153846
0 0.3485576923076923 0.11057692307692307 0.007211538461538462 0.01201923076923077
0 0.37740384615384615 0.0985576923076923 0.007211538461538462 0.014423076923076924
0 0.3269230769230769 0.026442307692307692 0.007211538461538462 0.013221153846153846
0 0.921875 0.07932692307692307 0.008413461538461538 0.013221153846153846
0 0.4963942307692308 0.0625 0.007211538461538462 0.014423076923076924
0 0.37740384615384615 0.06850961538461539 0.007211538461538462 0.013221153846153846
0 0.5757211538461539 0.3004807692307692 0.01201923076923077 0.020432692307692308
0 0.5625 0.3004807692307692 0.007211538461538462 0.015625
0 0.6129807692307693 0.2536057692307692 0.009615384615384616 0.015625
0 0.5997596153846154 0.33413461538461536 0.008413461538461538 0.015625
0 0.5625 0.3425480769230769 0.007211538461538462 0.015625
0 0.6225961538461539 0.3076923076923077 0.007211538461538462 0.018028846153846152
0 0.4170673076923077 0.15384615384615385 0.008413461538461538 0.018028846153846152
0 0.4483173076923077 0.1622596153846154 0.009615384615384616 0.015625
0 0.44591346153846156 0.18028846153846154 0.009615384615384616 0.015625
0 0.7836538461538461 0.12980769230769232 0.009615384615384616 0.014423076923076924
0 0.4891826923076923 0.1778846153846154 0.008413461538461538 0.014423076923076924
0 0.23798076923076922 0.30288461538461536 0.010817307692307692 0.013221153846153846
0 0.014423076923076924 0.056490384615384616 0.009615384615384616 0.013221153846153846
0 0.03125 0.055288461538461536 0.007211538461538462 0.01201923076923077
0 0.03485576923076923 0.038461538461538464 0.009615384615384616 0.015625
0 0.3870192307692308 0.24519230769230768 0.010817307692307692 0.014423076923076924
0 0.41225961538461536 0.24759615384615385 0.009615384615384616 0.013221153846153846
0 0.4266826923076923 0.25721153846153844 0.008413461538461538 0.020432692307692308
0 0.27524038461538464 0.22235576923076922 0.009615384615384616 0.016826923076923076
0 0.234375 0.038461538461538464 0.008413461538461538 0.014423076923076924
0 0.1875 0.030048076923076924 0.007211538461538462 0.015625
0 0.19591346153846154 0.015625 0.007211538461538462 0.014423076923076924
0 0.30528846153846156 0.1310096153846154 0.007211538461538462 0.018028846153846152
0 0.8100961538461539 0.28966346153846156 0.009615384615384616 0.016826923076923076
0 0.7836538461538461 0.3004807692307692 0.008413461538461538 0.013221153846153846
0 0.38822115384615385 0.31850961538461536 0.007211538461538462 0.018028846153846152
0 0.4326923076923077 0.04567307692307692 0.007211538461538462 0.014423076923076924
0 0.44350961538461536 0.056490384615384616 0.007211538461538462 0.01201923076923077
0 0.44591346153846156 0.04927884615384615 0.006009615384615385 0.01201923076923077
0 0.4735576923076923 0.055288461538461536 0.007211538461538462 0.010817307692307692
0 0.4483173076923077 0.08653846153846154 0.007211538461538462 0.01201923076923077
0 0.4375 0.11538461538461539 0.007211538461538462 0.01201923076923077
0 0.45552884615384615 0.12259615384615384 0.007211538461538462 0.01201923076923077
0 0.5564903846153846 0.14302884615384615 0.007211538461538462 0.016826923076923076
0 0.3858173076923077 0.12620192307692307 0.008413461538461538 0.01201923076923077
0 0.4987980769230769 0.13942307692307693 0.007211538461538462 0.013221153846153846
0 0.45913461538461536 0.008413461538461538 0.008413461538461538 0.010817307692307692
0 0.4807692307692308 0.2764423076923077 0.009615384615384616 0.013221153846153846
0 0.453125 0.25240384615384615 0.007211538461538462 0.013221153846153846
0 0.5072115384615384 0.27163461538461536 0.009615384615384616 0.018028846153846152
0 0.41586538461538464 0.10216346153846154 0.008413461538461538 0.014423076923076924
0 0.5300480769230769 0.15625 0.009615384615384616 0.014423076923076924
0 0.7548076923076923 0.12379807692307693 0.008413461538461538 0.014423076923076924
0 0.7103365384615384 0.12379807692307693 0.007211538461538462 0.013221153846153846
0 0.7487980769230769 0.10697115384615384 0.007211538461538462 0.010817307692307692
0 0.7824519230769231 0.078125 0.007211538461538462 0.013221153846153846
0 0.7632211538461539 0.08774038461538461 0.007211538461538462 0.013221153846153846
0 0.8978365384615384 0.10216346153846154 0.008413461538461538 0.010817307692307692
0 0.9290865384615384 0.12379807692307693 0.007211538461538462 0.01201923076923077
0 0.9110576923076923 0.1658653846153846 0.006009615384615385 0.009615384615384616
0 0.9014423076923077 0.23076923076923078 0.008413461538461538 0.013221153846153846
0 0.15985576923076922 0.12740384615384615 0.009615384615384616 0.016826923076923076
0 0.7536057692307693 0.15625 0.009615384615384616 0.016826923076923076
0 0.7608173076923077 0.006009615384615385 0.007211538461538462 0.01201923076923077
0 0.109375 0.02403846153846154 0.008413461538461538 0.01201923076923077
0 0.09254807692307693 0.02283653846153846 0.01201923076923077 0.014423076923076924
0 0.8810096153846154 0.2692307692307692 0.009615384615384616 0.015625
0 0.28125 0.016826923076923076 0.009615384615384616 0.015625
0 0.8677884615384616 0.06610576923076923 0.009615384615384616 0.014423076923076924
0 0.5865384615384616 0.014423076923076924 0.009615384615384616 0.014423076923076924
0 0.5264423076923077 0.36658653846153844 0.013221153846153846 0.018028846153846152
0 0.7872596153846154 0.4519230769230769 0.018028846153846152 0.030048076923076924
0 0.8004807692307693 0.45913461538461536 0.018028846153846152 0.040865384615384616
0 0.06370192307692307 0.41466346153846156 0.013221153846153846 0.027644230769230768
0 0.051682692307692304 0.35096153846153844 0.010817307692307692 0.02403846153846154
0 0.08653846153846154 0.3485576923076923 0.009615384615384616 0.020432692307692308
0 0.09254807692307693 0.3076923076923077 0.013221153846153846 0.018028846153846152
0 0.07451923076923077 0.26802884615384615 0.010817307692307692 0.02283653846153846
0 0.10336538461538461 0.27403846153846156 0.009615384615384616 0.020432692307692308
0 0.10576923076923077 0.24158653846153846 0.009615384615384616 0.021634615384615384
0 0.06129807692307692 0.21634615384615385 0.009615384615384616 0.02283653846153846
0 0.04567307692307692 0.18870192307692307 0.009615384615384616 0.021634615384615384
0 0.036057692307692304 0.14543269230769232 0.008413461538461538 0.021634615384615384
0 0.14903846153846154 0.23076923076923078 0.008413461538461538 0.015625
0 0.14423076923076922 0.33653846153846156 0.008413461538461538 0.015625
0 0.1045673076923077 0.3293269230769231 0.010817307692307692 0.018028846153846152
0 0.17067307692307693 0.3245192307692308 0.010817307692307692 0.025240384615384616
0 0.07091346153846154 0.30649038461538464 0.007211538461538462 0.015625
0 0.028846153846153848 0.234375 0.009615384615384616 0.021634615384615384
0 0.03365384615384615 0.32091346153846156 0.01201923076923077 0.02403846153846154
0 0.046875 0.16826923076923078 0.007211538461538462 0.018028846153846152
0 0.04567307692307692 0.1310096153846154 0.008413461538461538 0.018028846153846152
0 0.5384615384615384 0.39903846153846156 0.013221153846153846 0.02283653846153846
0 0.5432692307692307 0.1310096153846154 0.007211538461538462 0.01201923076923077
0 0.29447115384615385 0.25240384615384615 0.009615384615384616 0.020432692307692308
0 0.29086538461538464 0.35096153846153844 0.007211538461538462 0.018028846153846152
0 0.31971153846153844 0.3485576923076923 0.009615384615384616 0.021634615384615384
0 0.33413461538461536 0.3798076923076923 0.010817307692307692 0.014423076923076924
0 0.296875 0.39663461538461536 0.013221153846153846 0.02283653846153846
0 0.3545673076923077 0.4050480769230769 0.014423076923076924 0.02283653846153846
0 0.9507211538461539 0.025240384615384616 0.007211538461538462 0.013221153846153846
0 0.7175480769230769 0.021634615384615384 0.007211538461538462 0.010817307692307692
0 0.0673076923076923 0.12860576923076922 0.009615384615384616 0.021634615384615384
0 0.09735576923076923 0.12980769230769232 0.009615384615384616 0.016826923076923076
0 0.11538461538461539 0.12620192307692307 0.009615384615384616 0.02403846153846154
0 0.09134615384615384 0.1466346153846154 0.010817307692307692 0.020432692307692308
0 0.6177884615384616 0.1045673076923077 0.007211538461538462 0.014423076923076924
0 0.6334134615384616 0.12379807692307693 0.007211538461538462 0.01201923076923077
0 0.6899038461538461 0.11057692307692307 0.007211538461538462 0.014423076923076924
0 0.6502403846153846 0.04927884615384615 0.009615384615384616 0.014423076923076924
0 0.6947115384615384 0.025240384615384616 0.007211538461538462 0.014423076923076924
0 0.6850961538461539 0.052884615384615384 0.007211538461538462 0.014423076923076924
0 0.7235576923076923 0.10336538461538461 0.008413461538461538 0.014423076923076924
0 0.6310096153846154 0.06850961538461539 0.008413461538461538 0.014423076923076924
0 0.8533653846153846 0.06610576923076923 0.007211538461538462 0.015625
0 0.03125 0.02283653846153846 0.007211538461538462 0.01201923076923077
0 0.056490384615384616 0.02403846153846154 0.007211538461538462 0.014423076923076924
0 0.06971153846153846 0.042067307692307696 0.007211538461538462 0.014423076923076924
0 0.0829326923076923 0.03365384615384615 0.008413461538461538 0.018028846153846152
0 0.08653846153846154 0.051682692307692304 0.008413461538461538 0.015625
0 0.06490384615384616 0.06129807692307692 0.009615384615384616 0.015625
0 0.08533653846153846 0.0985576923076923 0.008413461538461538 0.015625
0 0.11658653846153846 0.07692307692307693 0.008413461538461538 0.016826923076923076
0 0.13221153846153846 0.06971153846153846 0.008413461538461538 0.016826923076923076
0 0.06370192307692307 0.07932692307692307 0.009615384615384616 0.016826923076923076
0 0.013221153846153846 0.296875 0.009615384615384616 0.018028846153846152
0 0.010817307692307692 0.35096153846153844 0.008413461538461538 0.016826923076923076
0 0.140625 0.051682692307692304 0.008413461538461538 0.014423076923076924
0 0.18389423076923078 0.052884615384615384 0.007211538461538462 0.014423076923076924
0 0.19230769230769232 0.051682692307692304 0.008413461538461538 0.014423076923076924
0 0.17668269230769232 0.07211538461538461 0.009615384615384616 0.015625
0 0.15865384615384615 0.09014423076923077 0.007211538461538462 0.01201923076923077
0 0.14302884615384615 0.09375 0.009615384615384616 0.014423076923076924
0 0.140625 0.1466346153846154 0.010817307692307692 0.016826923076923076
0 0.34615384615384615 0.06971153846153846 0.007211538461538462 0.010817307692307692
0 0.203125 0.10817307692307693 0.008413461538461538 0.01201923076923077
0 0.18389423076923078 0.09254807692307693 0.007211538461538462 0.013221153846153846
0 0.828125 0.23798076923076922 0.009615384615384616 0.01201923076923077
0 0.859375 0.24278846153846154 0.010817307692307692 0.016826923076923076
0 0.8581730769230769 0.3173076923076923 0.008413461538461538 0.014423076923076924
0 0.8822115384615384 0.31009615384615385 0.008413461538461538 0.015625
0 0.8677884615384616 0.2776442307692308 0.009615384615384616 0.014423076923076924
0 0.27283653846153844 0.1466346153846154 0.009615384615384616 0.014423076923076924
0 0.24639423076923078 0.11778846153846154 0.007211538461538462 0.013221153846153846
0 0.2548076923076923 0.1045673076923077 0.007211538461538462 0.009615384615384616
0 0.9579326923076923 0.20192307692307693 0.009615384615384616 0.016826923076923076
0 0.9591346153846154 0.17548076923076922 0.008413461538461538 0.014423076923076924
0 0.9579326923076923 0.14423076923076922 0.008413461538461538 0.018028846153846152
0 0.7620192307692307 0.3317307692307692 0.009615384615384616 0.016826923076923076
0 0.7151442307692307 0.27283653846153844 0.007211538461538462 0.018028846153846152
0 0.6766826923076923 0.2512019230769231 0.008413461538461538 0.013221153846153846
0 0.6875 0.25600961538461536 0.009615384615384616 0.016826923076923076
0 0.6466346153846154 0.24759615384615385 0.01201923076923077 0.020432692307692308
0 0.640625 0.20552884615384615 0.010817307692307692 0.014423076923076924
0 0.6057692307692307 0.20432692307692307 0.009615384615384616 0.014423076923076924
0 0.625 0.2091346153846154 0.008413461538461538 0.013221153846153846
0 0.5889423076923077 0.1935096153846154 0.008413461538461538 0.010817307692307692
0 0.6117788461538461 0.18509615384615385 0.009615384615384616 0.013221153846153846
0 0.6237980769230769 0.18389423076923078 0.008413461538461538 0.014423076923076924
0 0.6177884615384616 0.13822115384615385 0.007211538461538462 0.01201923076923077
0 0.640625 0.1622596153846154 0.008413461538461538 0.014423076923076924
0 0.6514423076923077 0.15745192307692307 0.008413461538461538 0.013221153846153846
0 0.6862980769230769 0.1658653846153846 0.008413461538461538 0.016826923076923076
0 0.6694711538461539 0.15384615384615385 0.009615384615384616 0.014423076923076924
0 0.14302884615384615 0.3870192307692308 0.018028846153846152 0.02283653846153846
0 0.9098557692307693 0.3701923076923077 0.014423076923076924 0.016826923076923076
0 0.4579326923076923 0.3954326923076923 0.016826923076923076 0.02283653846153846
0 0.5120192307692307 0.38461538461538464 0.013221153846153846 0.02403846153846154
0 0.08173076923076923 0.19110576923076922 0.008413461538461538 0.015625
0 0.06610576923076923 0.19591346153846154 0.010817307692307692 0.020432692307692308
0 0.1045673076923077 0.21754807692307693 0.009615384615384616 0.015625
0 0.8737980769230769 0.038461538461538464 0.008413461538461538 0.010817307692307692
0 0.8990384615384616 0.08533653846153846 0.007211538461538462 0.013221153846153846
0 0.9819711538461539 0.04807692307692308 0.007211538461538462 0.013221153846153846
0 0.9855769230769231 0.14182692307692307 0.007211538461538462 0.013221153846153846
0 0.5204326923076923 0.3329326923076923 0.009615384615384616 0.013221153846153846
0 0.3737980769230769 0.3449519230769231 0.009615384615384616 0.015625
0 0.36177884615384615 0.3485576923076923 0.009615384615384616 0.016826923076923076
0 0.36538461538461536 0.3245192307692308 0.009615384615384616 0.016826923076923076
0 0.3918269230769231 0.34375 0.007211538461538462 0.018028846153846152
0 0.96875 0.31009615384615385 0.007211538461538462 0.014423076923076924
0 0.9579326923076923 0.23918269230769232 0.007211538461538462 0.01201923076923077
0 0.984375 0.23918269230769232 0.007211538461538462 0.018028846153846152
0 0.9939903846153846 0.20673076923076922 0.008413461538461538 0.015625
0 0.6586538461538461 0.11298076923076923 0.007211538461538462 0.01201923076923077
0 0.9026442307692307 0.03365384615384615 0.007211538461538462 0.009615384615384616
0 0.21033653846153846 0.16826923076923078 0.008413461538461538 0.015625
0 0.1045673076923077 0.052884615384615384 0.010817307692307692 0.014423076923076924
0 0.12740384615384615 0.054086538461538464 0.009615384615384616 0.015625
0 0.16346153846153846 0.027644230769230768 0.007211538461538462 0.014423076923076924
0 0.2848557692307692 0.11538461538461539 0.010817307692307692 0.020432692307692308
0 0.29927884615384615 0.1466346153846154 0.007211538461538462 0.018028846153846152
0 0.018028846153846152 0.10096153846153846 0.009615384615384616 0.020432692307692308
0 0.013221153846153846 0.15144230769230768 0.009615384615384616 0.014423076923076924
0 0.021634615384615384 0.12860576923076922 0.009615384615384616 0.016826923076923076
0 0.04927884615384615 0.08533653846153846 0.007211538461538462 0.018028846153846152
0 0.46033653846153844 0.18509615384615385 0.007211538461538462 0.016826923076923076
0 0.6598557692307693 0.08774038461538461 0.007211538461538462 0.01201923076923077
0 0.6658653846153846 0.13701923076923078 0.007211538461538462 0.013221153846153846
0 0.16947115384615385 0.16706730769230768 0.01201923076923077 0.02283653846153846
0 0.32211538461538464 0.15144230769230768 0.009615384615384616 0.015625
0 0.20432692307692307 0.3173076923076923 0.010817307692307692 0.020432692307692308
0 0.19471153846153846 0.23918269230769232 0.007211538461538462 0.016826923076923076
0 0.22596153846153846 0.3449519230769231 0.010817307692307692 0.020432692307692308
0 0.234375 0.31971153846153844 0.010817307692307692 0.016826923076923076
0 0.2764423076923077 0.27403846153846156 0.008413461538461538 0.021634615384615384
0 0.5 0.10336538461538461 0.008413461538461538 0.015625
0 0.5252403846153846 0.11538461538461539 0.007211538461538462 0.01201923076923077
0 0.48677884615384615 0.0625 0.006009615384615385 0.013221153846153846
0 0.20072115384615385 0.09134615384615384 0.010817307692307692 0.010817307692307692
0 0.6237980769230769 0.28125 0.010817307692307692 0.016826923076923076
0 0.5204326923076923 0.037259615384615384 0.007211538461538462 0.013221153846153846
0 0.5144230769230769 0.09375 0.007211538461538462 0.01201923076923077
0 0.5420673076923077 0.0733173076923077 0.004807692307692308 0.01201923076923077
0 0.5132211538461539 0.06129807692307692 0.007211538461538462 0.014423076923076924
0 0.49278846153846156 0.010817307692307692 0.007211538461538462 0.01201923076923077
0 0.5420673076923077 0.051682692307692304 0.006009615384615385 0.013221153846153846
0 0.5024038461538461 0.013221153846153846 0.007211538461538462 0.015625
0 0.53125 0.026442307692307692 0.007211538461538462 0.01201923076923077
0 0.17548076923076922 0.140625 0.009615384615384616 0.018028846153846152
0 0.6478365384615384 0.28365384615384615 0.009615384615384616 0.015625
0 0.6634615384615384 0.3245192307692308 0.007211538461538462 0.016826923076923076
0 0.71875 0.3317307692307692 0.008413461538461538 0.014423076923076924
0 0.7367788461538461 0.33653846153846156 0.009615384615384616 0.016826923076923076
0 0.7451923076923077 0.33653846153846156 0.006009615384615385 0.014423076923076924
0 0.48677884615384615 0.030048076923076924 0.007211538461538462 0.013221153846153846
0 0.6923076923076923 0.13581730769230768 0.007211538461538462 0.014423076923076924
0 0.640625 0.10817307692307693 0.008413461538461538 0.01201923076923077
0 0.6766826923076923 0.10697115384615384 0.007211538461538462 0.014423076923076924
0 0.7019230769230769 0.1778846153846154 0.007211538461538462 0.01201923076923077
0 0.7139423076923077 0.15745192307692307 0.006009615384615385 0.01201923076923077
0 0.2644230769230769 0.056490384615384616 0.008413461538461538 0.020432692307692308
0 0.22235576923076922 0.010817307692307692 0.007211538461538462 0.014423076923076924
0 0.31490384615384615 0.07692307692307693 0.007211538461538462 0.013221153846153846
0 0.29927884615384615 0.078125 0.006009615384615385 0.01201923076923077
0 0.9254807692307693 0.1466346153846154 0.008413461538461538 0.014423076923076924
0 0.9735576923076923 0.14423076923076922 0.007211538461538462 0.014423076923076924
0 0.23197115384615385 0.12860576923076922 0.007211538461538462 0.014423076923076924
0 0.36658653846153844 0.14302884615384615 0.007211538461538462 0.015625
0 0.8605769230769231 0.29447115384615385 0.009615384615384616 0.014423076923076924
0 0.9050480769230769 0.25240384615384615 0.008413461538461538 0.018028846153846152
0 0.8701923076923077 0.22596153846153846 0.008413461538461538 0.014423076923076924
0 0.8629807692307693 0.17427884615384615 0.007211538461538462 0.01201923076923077
0 0.359375 0.010817307692307692 0.009615384615384616 0.010817307692307692
0 0.38822115384615385 0.025240384615384616 0.007211538461538462 0.01201923076923077
0 0.4182692307692308 0.04807692307692308 0.008413461538461538 0.01201923076923077
0 0.2644230769230769 0.21995192307692307 0.008413461538461538 0.016826923076923076
0 0.11538461538461539 0.1466346153846154 0.010817307692307692 0.020432692307692308
0 0.04447115384615385 0.23076923076923078 0.01201923076923077 0.02403846153846154
0 0.5504807692307693 0.04567307692307692 0.013221153846153846 0.018028846153846152
0 0.7247596153846154 0.17067307692307693 0.009615384615384616 0.016826923076923076
0 0.8233173076923077 0.040865384615384616 0.008413461538461538 0.016826923076923076
0 0.7728365384615384 0.052884615384615384 0.010817307692307692 0.015625
0 0.8149038461538461 0.12620192307692307 0.004807692307692308 0.010817307692307692
0 0.8641826923076923 0.08653846153846154 0.004807692307692308 0.009615384615384616
0 0.9194711538461539 0.13221153846153846 0.004807692307692308 0.01201923076923077
0 0.8173076923076923 0.2512019230769231 0.007211538461538462 0.01201923076923077
0 0.7944711538461539 0.21754807692307693 0.006009615384615385 0.009615384615384616
0 0.8954326923076923 0.15865384615384615 0.007211538461538462 0.010817307692307692
0 0.75 0.20192307692307693 0.008413461538461538 0.014423076923076924
0 0.7403846153846154 0.35697115384615385 0.007211538461538462 0.013221153846153846
0 0.02283653846153846 0.33413461538461536 0.014423076923076924 0.02283653846153846
0 0.1201923076923077 0.3473557692307692 0.008413461538461538 0.018028846153846152
0 0.16346153846153846 0.052884615384615384 0.010817307692307692 0.013221153846153846
0 0.002403846153846154 0.29447115384615385 0.004807692307692308 0.015625
0 0.025240384615384616 0.4182692307692308 0.01201923076923077 0.025240384615384616
0 0.9915865384615384 0.328125 0.010817307692307692 0.016826923076923076
0 0.578125 0.3737980769230769 0.013221153846153846 0.025240384615384616