0 0.13581730769230768 0.24278846153846154 0.026442307692307692 0.04927884615384615
0 0.22716346153846154 0.28125 0.027644230769230768 0.054086538461538464
0 0.171875 0.40384615384615385 0.027644230769230768 0.052884615384615384
0 0.08533653846153846 0.39663461538461536 0.028846153846153848 0.04807692307692308
0 0.24879807692307693 0.4050480769230769 0.028846153846153848 0.054086538461538464
0 0.2980769230769231 0.2644230769230769 0.025240384615384616 0.054086538461538464
0 0.3701923076923077 0.2620192307692308 0.027644230769230768 0.05889423076923077
0 0.3329326923076923 0.3870192307692308 0.03125 0.052884615384615384
0 0.4170673076923077 0.38221153846153844 0.028846153846153848 0.055288461538461536
0 0.14903846153846154 0.5685096153846154 0.03485576923076923 0.06490384615384616
0 0.27403846153846156 0.5612980769230769 0.03245192307692308 0.06129807692307692
0 0.390625 0.5420673076923077 0.03245192307692308 0.06490384615384616
0 0.5096153846153846 0.5360576923076923 0.030048076923076924 0.06610576923076923
0 0.44471153846153844 0.24879807692307693 0.026442307692307692 0.052884615384615384
0 0.5204326923076923 0.24759615384615385 0.026442307692307692 0.04927884615384615
0 0.5024038461538461 0.36778846153846156 0.027644230769230768 0.052884615384615384
0 0.609375 0.25240384615384615 0.027644230769230768 0.057692307692307696
0 0.671875 0.2536057692307692 0.026442307692307692 0.04567307692307692
0 0.7367788461538461 0.25721153846153844 0.027644230769230768 0.055288461538461536
0 0.6814903846153846 0.40384615384615385 0.028846153846153848 0.057692307692307696
0 0.6021634615384616 0.4254807692307692 0.028846153846153848 0.057692307692307696
0 0.6442307692307693 0.5504807692307693 0.03365384615384615 0.0625
0 0.8257211538461539 0.2620192307692308 0.028846153846153848 0.052884615384615384
0 0.7692307692307693 0.39783653846153844 0.027644230769230768 0.051682692307692304
0 0.8858173076923077 0.39783653846153844 0.028846153846153848 0.06490384615384616
0 0.7572115384615384 0.5637019230769231 0.03365384615384615 0.06490384615384616