0 0.9026442307692307 0.2439903846153846 0.026442307692307692 0.06009615384615385
0 0.8894230769230769 0.41466346153846156 0.027644230769230768 0.05889423076923077
0 0.8257211538461539 0.26802884615384615 0.025240384615384616 0.056490384615384616
0 0.8257211538461539 0.4326923076923077 0.028846153846153848 0.06370192307692307
0 0.7620192307692307 0.2824519230769231 0.02403846153846154 0.051682692307692304
0 0.7367788461538461 0.421875 0.028846153846153848 0.06129807692307692
0 0.6610576923076923 0.4098557692307692 0.026442307692307692 0.06490384615384616
0 0.6838942307692307 0.2692307692307692 0.02403846153846154 0.056490384615384616
0 0.6189903846153846 0.25240384615384615 0.026442307692307692 0.06129807692307692
0 0.5961538461538461 0.44471153846153844 0.028846153846153848 0.06850961538461539
0 0.546875 0.2608173076923077 0.025240384615384616 0.06129807692307692
0 0.5132211538461539 0.4326923076923077 0.03125 0.06370192307692307
0 0.49158653846153844 0.234375 0.027644230769230768 0.06009615384615385
0 0.41586538461538464 0.47716346153846156 0.028846153846153848 0.06009615384615385
0 0.40865384615384615 0.23798076923076922 0.025240384615384616 0.05889423076923077
0 0.3401442307692308 0.2512019230769231 0.025240384615384616 0.06129807692307692
0 0.3329326923076923 0.4230769230769231 0.028846153846153848 0.07692307692307693
0 0.11177884615384616 0.2536057692307692 0.028846153846153848 0.06370192307692307
0 0.18389423076923078 0.23557692307692307 0.027644230769230768 0.06129807692307692
0 0.17668269230769232 0.453125 0.03365384615384615 0.06850961538461539
0 0.25 0.44350961538461536 0.028846153846153848 0.06129807692307692
0 0.27524038461538464 0.25961538461538464 0.030048076923076924 0.06490384615384616