0 0 0 0 0
0 0.146484375 0.5694444444444444 0.017578125 0.046875
0 0.98486328125 0.3472222222222222 0.0146484375 0.036458333333333336
0 0.9541015625 0.3315972222222222 0.015625 0.03993055555555555
0 0.80615234375 0.3072916666666667 0.0146484375 0.034722222222222224
0 0.70556640625 0.3003472222222222 0.0146484375 0.03298611111111111
0 0.38037109375 0.1736111111111111 0.0107421875 0.024305555555555556
0 0.36376953125 0.328125 0.0146484375 0.036458333333333336
0 0.42431640625 0.3333333333333333 0.0146484375 0.036458333333333336
0 0.5498046875 0.3072916666666667 0.015625 0.03819444444444445
0 0.486328125 0.3142361111111111 0.015625 0.036458333333333336
0 0.61474609375 0.328125 0.0146484375 0.036458333333333336