0 0.2764423076923077 0.09615384615384616 0.006009615384615385 0.01201923076923077
0 0.32572115384615385 0.06370192307692307 0.004807692307692308 0.013221153846153846
0 0.31850961538461536 0.05048076923076923 0.004807692307692308 0.013221153846153846
0 0.328125 0.03365384615384615 0.004807692307692308 0.01201923076923077
0 0.2620192307692308 0.05048076923076923 0.004807692307692308 0.01201923076923077
0 0.2764423076923077 0.03125 0.006009615384615385 0.01201923076923077
0 0.26802884615384615 0.06370192307692307 0.006009615384615385 0.01201923076923077
0 0.30528846153846156 0.07692307692307693 0.006009615384615385 0.01201923076923077
0 0.29086538461538464 0.07451923076923077 0.004807692307692308 0.010817307692307692
0 0.016826923076923076 0.15865384615384615 0.007211538461538462 0.013221153846153846
0 0.09975961538461539 0.078125 0.004807692307692308 0.01201923076923077
0 0.09975961538461539 0.05889423076923077 0.006009615384615385 0.01201923076923077
0 0.08413461538461539 0.07451923076923077 0.006009615384615385 0.01201923076923077
0 0.07572115384615384 0.040865384615384616 0.006009615384615385 0.01201923076923077
0 0.109375 0.04567307692307692 0.004807692307692308 0.008413461538461538
0 0.0829326923076923 0.1045673076923077 0.007211538461538462 0.013221153846153846
0 0.04807692307692308 0.11658653846153846 0.006009615384615385 0.013221153846153846
0 0.06009615384615385 0.078125 0.006009615384615385 0.010817307692307692
0 0.04567307692307692 0.078125 0.006009615384615385 0.010817307692307692
0 0.6430288461538461 0.10336538461538461 0.004807692307692308 0.01201923076923077
0 0.6502403846153846 0.0829326923076923 0.006009615384615385 0.013221153846153846
0 0.6694711538461539 0.08173076923076923 0.006009615384615385 0.01201923076923077
0 0.6177884615384616 0.0829326923076923 0.004807692307692308 0.01201923076923077
0 0.6334134615384616 0.08533653846153846 0.006009615384615385 0.010817307692307692
0 0.2824519230769231 0.17908653846153846 0.04326923076923077 0.07572115384615384
0 0.20072115384615385 0.14783653846153846 0.04447115384615385 0.09014423076923077
0 0.13942307692307693 0.15264423076923078 0.007211538461538462 0.013221153846153846
0 0.15504807692307693 0.09615384615384616 0.004807692307692308 0.007211538461538462
0 0.15384615384615385 0.1346153846153846 0.006009615384615385 0.013221153846153846
0 0.13221153846153846 0.1346153846153846 0.006009615384615385 0.01201923076923077
0 0.12139423076923077 0.15144230769230768 0.007211538461538462 0.013221153846153846
0 0.12259615384615384 0.07451923076923077 0.006009615384615385 0.013221153846153846
0 0.13822115384615385 0.07692307692307693 0.007211538461538462 0.013221153846153846
0 0.7956730769230769 0.18389423076923078 0.038461538461538464 0.078125
0 0.7992788461538461 0.41225961538461536 0.04326923076923077 0.08173076923076923
0 0.8485576923076923 0.2127403846153846 0.007211538461538462 0.01201923076923077
0 0.9411057692307693 0.15625 0.006009615384615385 0.01201923076923077
0 0.9254807692307693 0.15264423076923078 0.004807692307692308 0.01201923076923077
0 0.8858173076923077 0.14903846153846154 0.004807692307692308 0.010817307692307692
0 0.8762019230769231 0.13341346153846154 0.007211538461538462 0.013221153846153846
0 0.5685096153846154 0.1875 0.042067307692307696 0.07572115384615384
0 0.6694711538461539 0.1658653846153846 0.038461538461538464 0.08173076923076923
0 0.6117788461538461 0.14182692307692307 0.006009615384615385 0.01201923076923077
0 0.6742788461538461 0.4170673076923077 0.04326923076923077 0.08413461538461539
0 0.5336538461538461 0.4411057692307692 0.04326923076923077 0.0829326923076923
0 0.4170673076923077 0.15865384615384615 0.04447115384615385 0.0889423076923077
0 0.4254807692307692 0.42908653846153844 0.04326923076923077 0.0889423076923077
0 0.3004807692307692 0.4675480769230769 0.04447115384615385 0.08533653846153846
0 0.34975961538461536 0.13581730769230768 0.006009615384615385 0.013221153846153846
0 0.36538461538461536 0.12740384615384615 0.004807692307692308 0.01201923076923077
0 0.38341346153846156 0.12620192307692307 0.006009615384615385 0.010817307692307692
0 0.3233173076923077 0.12379807692307693 0.004807692307692308 0.01201923076923077
0 0.3449519230769231 0.12259615384615384 0.006009615384615385 0.01201923076923077
0 0.37259615384615385 0.09495192307692307 0.006009615384615385 0.01201923076923077
0 0.3076923076923077 0.13581730769230768 0.004807692307692308 0.010817307692307692
0 0.30528846153846156 0.10817307692307693 0.006009615384615385 0.01201923076923077
0 0.09615384615384616 0.15625 0.007211538461538462 0.01201923076923077
0 0.06610576923076923 0.12139423076923077 0.004807692307692308 0.010817307692307692
0 0.026442307692307692 0.12379807692307693 0.006009615384615385 0.008413461538461538
0 0.007211538461538462 0.11658653846153846 0.007211538461538462 0.014423076923076924
0 0.038461538461538464 0.06610576923076923 0.003605769230769231 0.008413461538461538
0 0.018028846153846152 0.06009615384615385 0.006009615384615385 0.010817307692307692
0 0.001201923076923077 0.05889423076923077 0.002403846153846154 0.010817307692307692
0 0.039663461538461536 0.04326923076923077 0.004807692307692308 0.010817307692307692
0 0.038461538461538464 0.03125 0.003605769230769231 0.008413461538461538
0 0.01201923076923077 0.03125 0.004807692307692308 0.010817307692307692
0 0.057692307692307696 0.04326923076923077 0.004807692307692308 0.010817307692307692
0 0.05048076923076923 0.038461538461538464 0.003605769230769231 0.008413461538461538
0 0.07211538461538461 0.027644230769230768 0.007211538461538462 0.013221153846153846
0 0.06129807692307692 0.0625 0.004807692307692308 0.008413461538461538
0 0.10216346153846154 0.008413461538461538 0.003605769230769231 0.008413461538461538
0 0.109375 0.03125 0.006009615384615385 0.01201923076923077
0 0.09375 0.037259615384615384 0.004807692307692308 0.008413461538461538
0 0.11298076923076923 0.01201923076923077 0.004807692307692308 0.008413461538461538
0 0.12980769230769232 0.016826923076923076 0.004807692307692308 0.010817307692307692
0 0.14543269230769232 0.018028846153846152 0.004807692307692308 0.01201923076923077
0 0.13701923076923078 0.040865384615384616 0.006009615384615385 0.01201923076923077
0 0.12259615384615384 0.056490384615384616 0.004807692307692308 0.010817307692307692
0 0.11177884615384616 0.09014423076923077 0.006009615384615385 0.008413461538461538
0 0.09134615384615384 0.109375 0.004807692307692308 0.01201923076923077
0 0.06971153846153846 0.14182692307692307 0.007211538461538462 0.01201923076923077
0 0.04807692307692308 0.1466346153846154 0.007211538461538462 0.010817307692307692
0 0.037259615384615384 0.140625 0.004807692307692308 0.01201923076923077
0 0.003605769230769231 0.13581730769230768 0.007211538461538462 0.013221153846153846
0 0.15745192307692307 0.0625 0.004807692307692308 0.01201923076923077
0 0.15625 0.039663461538461536 0.006009615384615385 0.010817307692307692
0 0.17067307692307693 0.01201923076923077 0.004807692307692308 0.01201923076923077
0 0.18389423076923078 0.013221153846153846 0.006009615384615385 0.008413461538461538
0 0.17668269230769232 0.04567307692307692 0.004807692307692308 0.008413461538461538
0 0.23557692307692307 0.09615384615384616 0.006009615384615385 0.008413461538461538
0 0.16346153846153846 0.07932692307692307 0.007211538461538462 0.013221153846153846
0 0.17908653846153846 0.07692307692307693 0.004807692307692308 0.007211538461538462
0 0.1778846153846154 0.06850961538461539 0.003605769230769231 0.006009615384615385
0 0.19591346153846154 0.0625 0.007211538461538462 0.010817307692307692
0 0.24278846153846154 0.11057692307692307 0.004807692307692308 0.01201923076923077
0 0.2932692307692308 0.0889423076923077 0.006009615384615385 0.01201923076923077
0 0.2860576923076923 0.06490384615384616 0.006009615384615385 0.010817307692307692
0 0.2980769230769231 0.03125 0.004807692307692308 0.010817307692307692
0 0.27283653846153844 0.014423076923076924 0.006009615384615385 0.010817307692307692
0 0.31971153846153844 0.17067307692307693 0.007211538461538462 0.008413461538461538
0 0.44711538461538464 0.20072115384615385 0.007211538461538462 0.01201923076923077
0 0.32211538461538464 0.109375 0.006009615384615385 0.013221153846153846
0 0.3173076923076923 0.09134615384615384 0.006009615384615385 0.010817307692307692
0 0.328125 0.07692307692307693 0.004807692307692308 0.010817307692307692
0 0.33533653846153844 0.09134615384615384 0.003605769230769231 0.008413461538461538
0 0.35336538461538464 0.09495192307692307 0.006009615384615385 0.01201923076923077
0 0.359375 0.109375 0.006009615384615385 0.010817307692307692
0 0.3473557692307692 0.08173076923076923 0.004807692307692308 0.008413461538461538
0 0.3485576923076923 0.06370192307692307 0.006009615384615385 0.01201923076923077
0 0.3401442307692308 0.051682692307692304 0.006009615384615385 0.008413461538461538
0 0.31490384615384615 0.03245192307692308 0.003605769230769231 0.008413461538461538
0 0.28725961538461536 0.021634615384615384 0.004807692307692308 0.010817307692307692
0 0.24879807692307693 0.004807692307692308 0.004807692307692308 0.008413461538461538
0 0.2548076923076923 0.018028846153846152 0.003605769230769231 0.010817307692307692
0 0.3293269230769231 0.016826923076923076 0.006009615384615385 0.010817307692307692
0 0.31009615384615385 0.016826923076923076 0.004807692307692308 0.010817307692307692
0 0.3473557692307692 0.018028846153846152 0.004807692307692308 0.010817307692307692
0 0.35336538461538464 0.037259615384615384 0.006009615384615385 0.01201923076923077
0 0.3629807692307692 0.04567307692307692 0.004807692307692308 0.01201923076923077
0 0.3701923076923077 0.036057692307692304 0.004807692307692308 0.008413461538461538
0 0.36177884615384615 0.03365384615384615 0.007211538461538462 0.01201923076923077
0 0.3629807692307692 0.004807692307692308 0.006009615384615385 0.008413461538461538
0 0.30528846153846156 0.06610576923076923 0.004807692307692308 0.008413461538461538
0 0.38221153846153844 0.109375 0.006009615384615385 0.01201923076923077
0 0.390625 0.09735576923076923 0.006009615384615385 0.01201923076923077
0 0.3870192307692308 0.046875 0.006009615384615385 0.01201923076923077
0 0.45072115384615385 0.14543269230769232 0.006009615384615385 0.008413461538461538
0 0.4831730769230769 0.12980769230769232 0.006009615384615385 0.01201923076923077
0 0.40384615384615385 0.07451923076923077 0.004807692307692308 0.008413461538461538
0 0.42788461538461536 0.09615384615384616 0.004807692307692308 0.006009615384615385
0 0.4326923076923077 0.051682692307692304 0.007211538461538462 0.008413461538461538
0 0.42427884615384615 0.037259615384615384 0.006009615384615385 0.010817307692307692
0 0.4050480769230769 0.03365384615384615 0.004807692307692308 0.008413461538461538
0 0.4182692307692308 0.02403846153846154 0.004807692307692308 0.008413461538461538
0 0.4338942307692308 0.018028846153846152 0.004807692307692308 0.01201923076923077
0 0.39302884615384615 0.007211538461538462 0.006009615384615385 0.010817307692307692
0 0.44711538461538464 0.03245192307692308 0.006009615384615385 0.01201923076923077
0 0.45552884615384615 0.06490384615384616 0.006009615384615385 0.01201923076923077
0 0.4723557692307692 0.05889423076923077 0.006009615384615385 0.01201923076923077
0 0.46274038461538464 0.04326923076923077 0.003605769230769231 0.008413461538461538
0 0.4735576923076923 0.014423076923076924 0.006009615384615385 0.010817307692307692
0 0.484375 0.008413461538461538 0.007211538461538462 0.013221153846153846
0 0.4651442307692308 0.004807692307692308 0.004807692307692308 0.007211538461538462
0 0.4855769230769231 0.0625 0.004807692307692308 0.008413461538461538
0 0.4831730769230769 0.039663461538461536 0.003605769230769231 0.008413461538461538
0 0.4879807692307692 0.027644230769230768 0.004807692307692308 0.010817307692307692
0 0.4735576923076923 0.025240384615384616 0.004807692307692308 0.007211538461538462
0 0.45552884615384615 0.038461538461538464 0.003605769230769231 0.008413461538461538
0 0.49399038461538464 0.052884615384615384 0.004807692307692308 0.010817307692307692
0 0.5072115384615384 0.05048076923076923 0.006009615384615385 0.013221153846153846
0 0.5144230769230769 0.06370192307692307 0.004807692307692308 0.008413461538461538
0 0.5108173076923077 0.037259615384615384 0.007211538461538462 0.010817307692307692
0 0.5024038461538461 0.03125 0.004807692307692308 0.008413461538461538
0 0.5048076923076923 0.006009615384615385 0.003605769230769231 0.007211538461538462
0 0.5120192307692307 0.021634615384615384 0.004807692307692308 0.010817307692307692
0 0.5264423076923077 0.008413461538461538 0.004807692307692308 0.010817307692307692
0 0.5072115384615384 0.10216346153846154 0.004807692307692308 0.010817307692307692
0 0.5324519230769231 0.0985576923076923 0.006009615384615385 0.013221153846153846
0 0.5336538461538461 0.06610576923076923 0.004807692307692308 0.01201923076923077
0 0.5276442307692307 0.05048076923076923 0.006009615384615385 0.008413461538461538
0 0.53125 0.027644230769230768 0.004807692307692308 0.008413461538461538
0 0.5372596153846154 0.01201923076923077 0.006009615384615385 0.01201923076923077
0 0.5084134615384616 0.15144230769230768 0.006009615384615385 0.010817307692307692
0 0.5276442307692307 0.14302884615384615 0.007211538461538462 0.01201923076923077
0 0.5372596153846154 0.13341346153846154 0.006009615384615385 0.013221153846153846
0 0.5324519230769231 0.12740384615384615 0.006009615384615385 0.01201923076923077
0 0.5240384615384616 0.1346153846153846 0.004807692307692308 0.008413461538461538
0 0.5360576923076923 0.08173076923076923 0.004807692307692308 0.010817307692307692
0 0.5456730769230769 0.09735576923076923 0.004807692307692308 0.008413461538461538
0 0.6201923076923077 0.13341346153846154 0.004807692307692308 0.010817307692307692
0 0.6009615384615384 0.171875 0.006009615384615385 0.010817307692307692
0 0.6274038461538461 0.15504807692307693 0.004807692307692308 0.006009615384615385
0 0.6045673076923077 0.1045673076923077 0.006009615384615385 0.008413461538461538
0 0.6237980769230769 0.10096153846153846 0.004807692307692308 0.008413461538461538
0 0.5865384615384616 0.09134615384615384 0.006009615384615385 0.010817307692307692
0 0.5949519230769231 0.08413461538461539 0.006009615384615385 0.01201923076923077
0 0.578125 0.08173076923076923 0.003605769230769231 0.010817307692307692
0 0.5576923076923077 0.08173076923076923 0.003605769230769231 0.007211538461538462
0 0.5480769230769231 0.06610576923076923 0.004807692307692308 0.010817307692307692
0 0.5709134615384616 0.06370192307692307 0.003605769230769231 0.010817307692307692
0 0.5889423076923077 0.06610576923076923 0.006009615384615385 0.01201923076923077
0 0.5985576923076923 0.051682692307692304 0.004807692307692308 0.013221153846153846
0 0.5396634615384616 0.040865384615384616 0.004807692307692308 0.010817307692307692
0 0.5576923076923077 0.038461538461538464 0.006009615384615385 0.010817307692307692
0 0.5661057692307693 0.026442307692307692 0.006009615384615385 0.010817307692307692
0 0.5504807692307693 0.018028846153846152 0.007211538461538462 0.013221153846153846
0 0.5612980769230769 0.010817307692307692 0.004807692307692308 0.01201923076923077
0 0.5745192307692307 0.037259615384615384 0.004807692307692308 0.010817307692307692
0 0.5829326923076923 0.02403846153846154 0.004807692307692308 0.008413461538461538
0 0.59375 0.038461538461538464 0.004807692307692308 0.010817307692307692
0 0.5985576923076923 0.013221153846153846 0.003605769230769231 0.008413461538461538
0 0.6117788461538461 0.040865384615384616 0.006009615384615385 0.007211538461538462
0 0.6274038461538461 0.039663461538461536 0.004807692307692308 0.008413461538461538
0 0.6177884615384616 0.052884615384615384 0.006009615384615385 0.008413461538461538
0 0.625 0.06971153846153846 0.004807692307692308 0.008413461538461538
0 0.6358173076923077 0.052884615384615384 0.006009615384615385 0.010817307692307692
0 0.6418269230769231 0.06370192307692307 0.004807692307692308 0.010817307692307692
0 0.6538461538461539 0.052884615384615384 0.004807692307692308 0.010817307692307692
0 0.6478365384615384 0.04326923076923077 0.007211538461538462 0.013221153846153846
0 0.640625 0.019230769230769232 0.007211538461538462 0.013221153846153846
0 0.6153846153846154 0.004807692307692308 0.004807692307692308 0.008413461538461538
0 0.6177884615384616 0.021634615384615384 0.004807692307692308 0.013221153846153846
0 0.6057692307692307 0.06850961538461539 0.004807692307692308 0.008413461538461538
0 0.6622596153846154 0.06490384615384616 0.004807692307692308 0.01201923076923077
0 0.671875 0.055288461538461536 0.004807692307692308 0.010817307692307692
0 0.6610576923076923 0.038461538461538464 0.004807692307692308 0.008413461538461538
0 0.6550480769230769 0.025240384615384616 0.006009615384615385 0.010817307692307692
0 0.6875 0.055288461538461536 0.004807692307692308 0.01201923076923077
0 0.6802884615384616 0.04567307692307692 0.003605769230769231 0.007211538461538462
0 0.6887019230769231 0.08533653846153846 0.006009615384615385 0.01201923076923077
0 0.6971153846153846 0.10216346153846154 0.006009615384615385 0.014423076923076924
0 0.6971153846153846 0.07091346153846154 0.004807692307692308 0.010817307692307692
0 0.7115384615384616 0.16466346153846154 0.006009615384615385 0.010817307692307692
0 0.734375 0.15865384615384615 0.007211538461538462 0.01201923076923077
0 0.7223557692307693 0.14543269230769232 0.007211538461538462 0.01201923076923077
0 0.7512019230769231 0.17548076923076922 0.006009615384615385 0.010817307692307692
0 0.7043269230769231 0.1622596153846154 0.006009615384615385 0.010817307692307692
0 0.7235576923076923 0.1141826923076923 0.004807692307692308 0.010817307692307692
0 0.71875 0.10216346153846154 0.004807692307692308 0.010817307692307692
0 0.7451923076923077 0.14543269230769232 0.004807692307692308 0.010817307692307692
0 0.7512019230769231 0.0889423076923077 0.004807692307692308 0.008413461538461538
0 0.7632211538461539 0.0889423076923077 0.004807692307692308 0.01201923076923077
0 0.7692307692307693 0.09014423076923077 0.006009615384615385 0.008413461538461538
0 0.7788461538461539 0.06971153846153846 0.006009615384615385 0.010817307692307692
0 0.7620192307692307 0.06490384615384616 0.004807692307692308 0.008413461538461538
0 0.7391826923076923 0.05889423076923077 0.007211538461538462 0.010817307692307692
0 0.7295673076923077 0.040865384615384616 0.003605769230769231 0.007211538461538462
0 0.7463942307692307 0.038461538461538464 0.003605769230769231 0.007211538461538462
0 0.7824519230769231 0.037259615384615384 0.003605769230769231 0.008413461538461538
0 0.7704326923076923 0.002403846153846154 0.003605769230769231 0.004807692307692308
0 0.7536057692307693 0.002403846153846154 0.004807692307692308 0.004807692307692308
0 0.7920673076923077 0.08533653846153846 0.004807692307692308 0.01201923076923077
0 0.8016826923076923 0.10336538461538461 0.006009615384615385 0.010817307692307692
0 0.8221153846153846 0.12860576923076922 0.003605769230769231 0.01201923076923077
0 0.8173076923076923 0.14543269230769232 0.004807692307692308 0.01201923076923077
0 0.8329326923076923 0.15144230769230768 0.004807692307692308 0.010817307692307692
0 0.8389423076923077 0.13221153846153846 0.006009615384615385 0.01201923076923077
0 0.8461538461538461 0.11778846153846154 0.004807692307692308 0.007211538461538462
0 0.8533653846153846 0.10216346153846154 0.006009615384615385 0.010817307692307692
0 0.8557692307692307 0.15144230769230768 0.006009615384615385 0.013221153846153846
0 0.8425480769230769 0.08173076923076923 0.004807692307692308 0.010817307692307692
0 0.8533653846153846 0.08173076923076923 0.004807692307692308 0.008413461538461538
0 0.8137019230769231 0.05889423076923077 0.003605769230769231 0.008413461538461538
0 0.7956730769230769 0.055288461538461536 0.004807692307692308 0.010817307692307692
0 0.8233173076923077 0.03365384615384615 0.003605769230769231 0.007211538461538462
0 0.8064903846153846 0.03125 0.004807692307692308 0.008413461538461538
0 0.8389423076923077 0.037259615384615384 0.004807692307692308 0.007211538461538462
0 0.8569711538461539 0.03245192307692308 0.004807692307692308 0.008413461538461538
0 0.8569711538461539 0.0625 0.006009615384615385 0.010817307692307692
0 0.8353365384615384 0.10336538461538461 0.004807692307692308 0.010817307692307692
0 0.8449519230769231 0.09495192307692307 0.004807692307692308 0.007211538461538462
0 0.8353365384615384 0.0829326923076923 0.003605769230769231 0.006009615384615385
0 0.8966346153846154 0.014423076923076924 0.004807692307692308 0.01201923076923077
0 0.9170673076923077 0.021634615384615384 0.004807692307692308 0.010817307692307692
0 0.9302884615384616 0.014423076923076924 0.006009615384615385 0.016826923076923076
0 0.875 0.06009615384615385 0.004807692307692308 0.008413461538461538
0 0.890625 0.06009615384615385 0.004807692307692308 0.008413461538461538
0 0.8629807692307693 0.11658653846153846 0.004807692307692308 0.010817307692307692
0 0.890625 0.1045673076923077 0.004807692307692308 0.010817307692307692
0 0.9050480769230769 0.07572115384615384 0.004807692307692308 0.010817307692307692
0 0.8978365384615384 0.11778846153846154 0.003605769230769231 0.010817307692307692
0 0.9110576923076923 0.10216346153846154 0.004807692307692308 0.010817307692307692
0 0.9170673076923077 0.12259615384615384 0.006009615384615385 0.008413461538461538
0 0.8930288461538461 0.1346153846153846 0.006009615384615385 0.013221153846153846
0 0.8762019230769231 0.17307692307692307 0.004807692307692308 0.007211538461538462
0 0.8737980769230769 0.15504807692307693 0.004807692307692308 0.01201923076923077
0 0.9338942307692307 0.12139423076923077 0.006009615384615385 0.01201923076923077
0 0.9182692307692307 0.09495192307692307 0.003605769230769231 0.008413461538461538
0 0.9326923076923077 0.0985576923076923 0.007211538461538462 0.010817307692307692
0 0.9338942307692307 0.06490384615384616 0.004807692307692308 0.008413461538461538
0 0.9471153846153846 0.06610576923076923 0.003605769230769231 0.010817307692307692
0 0.9639423076923077 0.09014423076923077 0.007211538461538462 0.013221153846153846
0 0.9891826923076923 0.051682692307692304 0.003605769230769231 0.010817307692307692
0 0.9747596153846154 0.07692307692307693 0.004807692307692308 0.010817307692307692
0 0.984375 0.09495192307692307 0.004807692307692308 0.01201923076923077
0 0.9927884615384616 0.07932692307692307 0.004807692307692308 0.013221153846153846
0 0.9795673076923077 0.10697115384615384 0.004807692307692308 0.010817307692307692
0 0.9483173076923077 0.1346153846153846 0.004807692307692308 0.013221153846153846
0 0.9627403846153846 0.13701923076923078 0.006009615384615385 0.010817307692307692
0 0.984375 0.15384615384615385 0.004807692307692308 0.01201923076923077
0 0.9879807692307693 0.12620192307692307 0.006009615384615385 0.010817307692307692
0 0.96875 0.15504807692307693 0.007211538461538462 0.01201923076923077
0 0.9603365384615384 0.15264423076923078 0.006009615384615385 0.01201923076923077
0 0.9350961538461539 0.1466346153846154 0.004807692307692308 0.01201923076923077
0 0.9074519230769231 0.15625 0.004807692307692308 0.01201923076923077
0 0.8677884615384616 0.07692307692307693 0.007211538461538462 0.014423076923076924
0 0.7908653846153846 0.030048076923076924 0.004807692307692308 0.010817307692307692