0 0.15144230769230768 0.41586538461538464 0.020432692307692308 0.037259615384615384
0 0.1778846153846154 0.3762019230769231 0.021634615384615384 0.03485576923076923
0 0.24519230769230768 0.3870192307692308 0.018028846153846152 0.037259615384615384
0 0.19831730769230768 0.4579326923076923 0.019230769230769232 0.03245192307692308
0 0.23677884615384615 0.4326923076923077 0.020432692307692308 0.037259615384615384
0 0.29447115384615385 0.3942307692307692 0.018028846153846152 0.028846153846153848
0 0.359375 0.42427884615384615 0.018028846153846152 0.036057692307692304
0 0.39663461538461536 0.43509615384615385 0.018028846153846152 0.03125
0 0.46634615384615385 0.36177884615384615 0.020432692307692308 0.036057692307692304
0 0.4182692307692308 0.43149038461538464 0.019230769230769232 0.040865384615384616
0 0.47836538461538464 0.43149038461538464 0.020432692307692308 0.030048076923076924
0 0.5084134615384616 0.42788461538461536 0.02283653846153846 0.03485576923076923
0 0.14543269230769232 0.5576923076923077 0.020432692307692308 0.03485576923076923
0 0.140625 0.6117788461538461 0.020432692307692308 0.036057692307692304
0 0.21153846153846154 0.5805288461538461 0.021634615384615384 0.036057692307692304
0 0.2512019230769231 0.5649038461538461 0.019230769230769232 0.036057692307692304
0 0.32572115384615385 0.515625 0.019230769230769232 0.036057692307692304
0 0.2920673076923077 0.6177884615384616 0.019230769230769232 0.037259615384615384
0 0.3329326923076923 0.6009615384615384 0.021634615384615384 0.03485576923076923
0 0.37259615384615385 0.5456730769230769 0.021634615384615384 0.036057692307692304
0 0.3786057692307692 0.6057692307692307 0.021634615384615384 0.040865384615384616
0 0.43509615384615385 0.5540865384615384 0.019230769230769232 0.03245192307692308
0 0.46274038461538464 0.5685096153846154 0.02283653846153846 0.040865384615384616
0 0.5132211538461539 0.5673076923076923 0.02283653846153846 0.040865384615384616
0 0.4326923076923077 0.6009615384615384 0.02403846153846154 0.038461538461538464
0 0.5036057692307693 0.6322115384615384 0.02403846153846154 0.042067307692307696
0 0.36658653846153844 0.6887019230769231 0.02283653846153846 0.038461538461538464
0 0.5757211538461539 0.41346153846153844 0.020432692307692308 0.04567307692307692
0 0.6358173076923077 0.4254807692307692 0.018028846153846152 0.03365384615384615
0 0.7055288461538461 0.4326923076923077 0.019230769230769232 0.03365384615384615
0 0.7692307692307693 0.4170673076923077 0.021634615384615384 0.037259615384615384
0 0.8521634615384616 0.43990384615384615 0.018028846153846152 0.03245192307692308
0 0.546875 0.625 0.020432692307692308 0.03485576923076923
0 0.5913461538461539 0.5685096153846154 0.018028846153846152 0.040865384615384616
0 0.6418269230769231 0.5673076923076923 0.021634615384615384 0.036057692307692304
0 0.6502403846153846 0.6189903846153846 0.018028846153846152 0.038461538461538464
0 0.703125 0.5625 0.02283653846153846 0.042067307692307696
0 0.7536057692307693 0.5745192307692307 0.021634615384615384 0.036057692307692304
0 0.8088942307692307 0.6346153846153846 0.020432692307692308 0.03365384615384615
0 0.8822115384615384 0.6526442307692307 0.021634615384615384 0.037259615384615384
0 0.055288461538461536 0.6033653846153846 0.020432692307692308 0.037259615384615384
0 0.2127403846153846 0.40865384615384615 0.016826923076923076 0.03365384615384615
0 0.5961538461538461 0.4014423076923077 0.019230769230769232 0.03245192307692308