0 0.7932692307692307 0.41586538461538464 0.013221153846153846 0.020432692307692308
0 0.7199519230769231 0.3161057692307692 0.008413461538461538 0.014423076923076924
0 0.9951923076923077 0.32091346153846156 0.008413461538461538 0.015625
0 0.16346153846153846 0.27884615384615385 0.007211538461538462 0.015625
0 0.7115384615384616 0.09014423076923077 0.006009615384615385 0.01201923076923077
0 0.6730769230769231 0.08533653846153846 0.007211538461538462 0.009615384615384616
0 0.6358173076923077 0.09134615384615384 0.007211538461538462 0.009615384615384616
0 0.5997596153846154 0.0829326923076923 0.007211538461538462 0.010817307692307692
0 0.6225961538461539 0.052884615384615384 0.006009615384615385 0.01201923076923077
0 0.625 0.026442307692307692 0.007211538461538462 0.010817307692307692
0 0.6610576923076923 0.03125 0.007211538461538462 0.01201923076923077
0 0.6899038461538461 0.052884615384615384 0.007211538461538462 0.010817307692307692
0 0.71875 0.052884615384615384 0.007211538461538462 0.01201923076923077
0 0.7451923076923077 0.0889423076923077 0.007211538461538462 0.010817307692307692
0 0.7548076923076923 0.05889423076923077 0.007211538461538462 0.01201923076923077
0 0.6959134615384616 0.030048076923076924 0.007211538461538462 0.014423076923076924
0 0.7632211538461539 0.028846153846153848 0.006009615384615385 0.01201923076923077
0 0.8377403846153846 0.08653846153846154 0.006009615384615385 0.010817307692307692
0 0.875 0.0829326923076923 0.007211538461538462 0.01201923076923077
0 0.9879807692307693 0.08052884615384616 0.007211538461538462 0.01201923076923077
0 0.9951923076923077 0.055288461538461536 0.007211538461538462 0.013221153846153846
0 0.9603365384615384 0.055288461538461536 0.007211538461538462 0.010817307692307692
0 0.9254807692307693 0.056490384615384616 0.007211538461538462 0.010817307692307692
0 0.8822115384615384 0.051682692307692304 0.007211538461538462 0.013221153846153846
0 0.8533653846153846 0.05048076923076923 0.007211538461538462 0.01201923076923077
0 0.8581730769230769 0.019230769230769232 0.007211538461538462 0.01201923076923077
0 0.8942307692307693 0.027644230769230768 0.008413461538461538 0.013221153846153846
0 0.9302884615384616 0.02283653846153846 0.007211538461538462 0.01201923076923077
0 0.9651442307692307 0.019230769230769232 0.007211538461538462 0.01201923076923077