0 0.5264423076923077 0.3329326923076923 0.021634615384615384 0.04567307692307692
0 0.5649038461538461 0.3076923076923077 0.02403846153846154 0.038461538461538464
0 0.6081730769230769 0.3449519230769231 0.027644230769230768 0.04447115384615385
0 0.6490384615384616 0.3125 0.025240384615384616 0.040865384615384616
0 0.6911057692307693 0.3016826923076923 0.02403846153846154 0.04447115384615385
0 0.7247596153846154 0.2980769230769231 0.021634615384615384 0.039663461538461536
0 0.7788461538461539 0.3112980769230769 0.02403846153846154 0.054086538461538464
0 0.8076923076923077 0.3004807692307692 0.018028846153846152 0.039663461538461536
0 0.8701923076923077 0.29927884615384615 0.02283653846153846 0.04567307692307692
0 0.7596153846153846 0.44471153846153844 0.027644230769230768 0.06009615384615385
0 0.6634615384615384 0.43149038461538464 0.027644230769230768 0.057692307692307696
0 0.5685096153846154 0.44711538461538464 0.030048076923076924 0.054086538461538464
0 0.13822115384615385 0.31850961538461536 0.025240384615384616 0.04807692307692308
0 0.1814903846153846 0.30528846153846156 0.026442307692307692 0.04807692307692308
0 0.23798076923076922 0.3137019230769231 0.025240384615384616 0.04807692307692308
0 0.28365384615384615 0.31971153846153844 0.026442307692307692 0.04927884615384615
0 0.3269230769230769 0.32091346153846156 0.021634615384615384 0.042067307692307696
0 0.38100961538461536 0.3317307692307692 0.02403846153846154 0.051682692307692304
0 0.41346153846153844 0.32211538461538464 0.02283653846153846 0.046875
0 0.44591346153846156 0.33774038461538464 0.02403846153846154 0.04927884615384615
0 0.49158653846153844 0.3173076923076923 0.02283653846153846 0.04567307692307692
0 0.3485576923076923 0.46033653846153844 0.028846153846153848 0.052884615384615384
0 0.4423076923076923 0.46634615384615385 0.028846153846153848 0.054086538461538464
0 0.5516826923076923 0.5745192307692307 0.03245192307692308 0.0673076923076923
0 0.4795673076923077 0.5673076923076923 0.03125 0.06129807692307692