0 0.021634615384615384 0.5252403846153846 0.007211538461538462 0.02403846153846154
0 0.078125 0.4182692307692308 0.007211538461538462 0.020432692307692308
0 0.0985576923076923 0.5793269230769231 0.010817307692307692 0.026442307692307692
0 0.026442307692307692 0.6069711538461539 0.008413461538461538 0.020432692307692308
0 0.19591346153846154 0.4639423076923077 0.010817307692307692 0.02403846153846154
0 0.22235576923076922 0.47596153846153844 0.010817307692307692 0.02283653846153846
0 0.24879807692307693 0.4483173076923077 0.007211538461538462 0.015625
0 0.1622596153846154 0.5336538461538461 0.009615384615384616 0.020432692307692308
0 0.41346153846153844 0.7632211538461539 0.018028846153846152 0.038461538461538464
0 0.44350961538461536 0.90625 0.021634615384615384 0.015625
0 0.796875 0.6454326923076923 0.015625 0.03365384615384615
0 0.4362980769230769 0.5564903846153846 0.007211538461538462 0.020432692307692308
0 0.46634615384615385 0.5396634615384616 0.006009615384615385 0.020432692307692308
0 0.5 0.46033653846153844 0.007211538461538462 0.010817307692307692
0 0.22115384615384615 0.3473557692307692 0.003605769230769231 0.01201923076923077
0 0.28966346153846156 0.3485576923076923 0.004807692307692308 0.01201923076923077
0 0.41586538461538464 0.34375 0.004807692307692308 0.01201923076923077
0 0.38822115384615385 0.3545673076923077 0.004807692307692308 0.010817307692307692
0 0.36658653846153844 0.3629807692307692 0.006009615384615385 0.014423076923076924
0 0.34375 0.359375 0.004807692307692308 0.010817307692307692
0 0.33653846153846156 0.33533653846153844 0.003605769230769231 0.010817307692307692
0 0.34375 0.328125 0.002403846153846154 0.008413461538461538
0 0.35096153846153844 0.3329326923076923 0.003605769230769231 0.010817307692307692
0 0.38221153846153844 0.3317307692307692 0.003605769230769231 0.010817307692307692
0 0.36538461538461536 0.328125 0.004807692307692308 0.01201923076923077
0 0.4266826923076923 0.3473557692307692 0.003605769230769231 0.008413461538461538
0 0.4579326923076923 0.328125 0.004807692307692308 0.01201923076923077
0 0.7764423076923077 0.39302884615384615 0.007211538461538462 0.015625
0 0.7776442307692307 0.3701923076923077 0.004807692307692308 0.014423076923076924
0 0.578125 0.4026442307692308 0.003605769230769231 0.010817307692307692
0 0.007211538461538462 0.6646634615384616 0.013221153846153846 0.030048076923076924
0 0.44591346153846156 0.3629807692307692 0.004807692307692308 0.008413461538461538
0 0.8485576923076923 0.35096153846153844 0.007211538461538462 0.01201923076923077
0 0.8389423076923077 0.3737980769230769 0.007211538461538462 0.015625
0 0.5612980769230769 0.37740384615384615 0.007211538461538462 0.01201923076923077
0 0.5036057692307693 0.37740384615384615 0.004807692307692308 0.014423076923076924
0 0.6045673076923077 0.3016826923076923 0.006009615384615385 0.014423076923076924
0 0.6730769230769231 0.31971153846153844 0.006009615384615385 0.010817307692307692
0 0.5396634615384616 0.3173076923076923 0.004807692307692308 0.01201923076923077