0 0.11177884615384616 0.4411057692307692 0.010817307692307692 0.02283653846153846
0 0.140625 0.4411057692307692 0.008413461538461538 0.019230769230769232
0 0.20673076923076922 0.4519230769230769 0.009615384615384616 0.02403846153846154
0 0.23557692307692307 0.4831730769230769 0.010817307692307692 0.02283653846153846
0 0.2668269230769231 0.4567307692307692 0.010817307692307692 0.02283653846153846
0 0.2956730769230769 0.453125 0.010817307692307692 0.02283653846153846
0 0.3485576923076923 0.4543269230769231 0.010817307692307692 0.02403846153846154
0 0.3233173076923077 0.46153846153846156 0.009615384615384616 0.020432692307692308
0 0.38822115384615385 0.4567307692307692 0.009615384615384616 0.02403846153846154
0 0.4170673076923077 0.4495192307692308 0.009615384615384616 0.02283653846153846
0 0.41225961538461536 0.4807692307692308 0.009615384615384616 0.02283653846153846
0 0.4567307692307692 0.4519230769230769 0.009615384615384616 0.02283653846153846
0 0.4831730769230769 0.4362980769230769 0.009615384615384616 0.02283653846153846
0 0.5168269230769231 0.43028846153846156 0.009615384615384616 0.02283653846153846
0 0.6009615384615384 0.4182692307692308 0.008413461538461538 0.020432692307692308
0 0.6430288461538461 0.41466346153846156 0.010817307692307692 0.026442307692307692
0 0.6838942307692307 0.4182692307692308 0.009615384615384616 0.027644230769230768
0 0.7295673076923077 0.4014423076923077 0.010817307692307692 0.027644230769230768
0 0.7427884615384616 0.4050480769230769 0.015625 0.036057692307692304
0 0.8052884615384616 0.43028846153846156 0.009615384615384616 0.019230769230769232
0 0.9110576923076923 0.38341346153846156 0.010817307692307692 0.027644230769230768
0 0.1814903846153846 0.4411057692307692 0.007211538461538462 0.020432692307692308
0 0.5516826923076923 0.4362980769230769 0.010817307692307692 0.014423076923076924
0 0.6550480769230769 0.4170673076923077 0.006009615384615385 0.01201923076923077
0 0.4338942307692308 0.47716346153846156 0.007211538461538462 0.015625
0 0.4639423076923077 0.4411057692307692 0.004807692307692308 0.01201923076923077
0 0.7019230769230769 0.4098557692307692 0.016826923076923076 0.039663461538461536