0 0.7788461538461539 0.28365384615384615 0.026442307692307692 0.057692307692307696
0 0.6850961538461539 0.3605769230769231 0.009615384615384616 0.02283653846153846
0 0.30649038461538464 0.17668269230769232 0.019230769230769232 0.05048076923076923
0 0.35336538461538464 0.33774038461538464 0.019230769230769232 0.04326923076923077
0 0.45072115384615385 0.27163461538461536 0.03125 0.07932692307692307
0 0.47115384615384615 0.41586538461538464 0.04447115384615385 0.057692307692307696
0 0.39302884615384615 0.18870192307692307 0.015625 0.04326923076923077
0 0.3798076923076923 0.18028846153846154 0.010817307692307692 0.026442307692307692
0 0.5216346153846154 0.23197115384615385 0.026442307692307692 0.06971153846153846
0 0.49759615384615385 0.25600961538461536 0.020432692307692308 0.038461538461538464
0 0.32572115384615385 0.16947115384615385 0.018028846153846152 0.04326923076923077
0 0.30408653846153844 0.31850961538461536 0.016826923076923076 0.038461538461538464
0 0.27403846153846156 0.13822115384615385 0.013221153846153846 0.02283653846153846
0 0.328125 0.1346153846153846 0.013221153846153846 0.02283653846153846
0 0.6418269230769231 0.35216346153846156 0.009615384615384616 0.019230769230769232
0 0.6502403846153846 0.3713942307692308 0.009615384615384616 0.015625
0 0.6646634615384616 0.36778846153846156 0.008413461538461538 0.02283653846153846
0 0.65625 0.35697115384615385 0.007211538461538462 0.016826923076923076
0 0.5889423076923077 0.3173076923076923 0.008413461538461538 0.020432692307692308
0 0.6165865384615384 0.3088942307692308 0.008413461538461538 0.019230769230769232
0 0.6141826923076923 0.24278846153846154 0.004807692307692308 0.01201923076923077
0 0.6069711538461539 0.28966346153846156 0.004807692307692308 0.010817307692307692
0 0.6274038461538461 0.3737980769230769 0.007211538461538462 0.015625
0 0.4170673076923077 0.20793269230769232 0.018028846153846152 0.04326923076923077
0 0.3581730769230769 0.17668269230769232 0.015625 0.030048076923076924
0 0.6021634615384616 0.33413461538461536 0.009615384615384616 0.019230769230769232
0 0.6430288461538461 0.3173076923076923 0.009615384615384616 0.019230769230769232
0 0.6286057692307693 0.3954326923076923 0.019230769230769232 0.030048076923076924
0 0.5420673076923077 0.23076923076923078 0.008413461538461538 0.020432692307692308
0 0.5853365384615384 0.20432692307692307 0.01201923076923077 0.02283653846153846
0 0.6526442307692307 0.3245192307692308 0.006009615384615385 0.019230769230769232