0 0.2668269230769231 0.1935096153846154 0.055288461538461536 0.09134615384615384
0 0.7572115384615384 0.23798076923076922 0.054086538461538464 0.0985576923076923
0 0.4579326923076923 0.23076923076923078 0.020432692307692308 0.03245192307692308
0 0.5276442307692307 0.18990384615384615 0.018028846153846152 0.03485576923076923
0 0.5973557692307693 0.1875 0.018028846153846152 0.028846153846153848
0 0.5865384615384616 0.27524038461538464 0.020432692307692308 0.038461538461538464
0 0.5264423076923077 0.24759615384615385 0.020432692307692308 0.036057692307692304
0 0.49759615384615385 0.2800480769230769 0.019230769230769232 0.040865384615384616
0 0.7175480769230769 0.125 0.018028846153846152 0.037259615384615384
0 0.8064903846153846 0.11899038461538461 0.02403846153846154 0.04447115384615385
0 0.8233173076923077 0.21153846153846154 0.021634615384615384 0.04326923076923077
0 0.8701923076923077 0.25 0.026442307692307692 0.040865384615384616
0 0.9278846153846154 0.11298076923076923 0.019230769230769232 0.036057692307692304
0 0.8701923076923077 0.06971153846153846 0.018028846153846152 0.03485576923076923
0 0.8701923076923077 0.028846153846153848 0.016826923076923076 0.030048076923076924
0 0.796875 0.051682692307692304 0.018028846153846152 0.028846153846153848
0 0.6646634615384616 0.015625 0.016826923076923076 0.030048076923076924
0 0.7307692307692307 0.02283653846153846 0.020432692307692308 0.037259615384615384
0 0.9302884615384616 0.02283653846153846 0.015625 0.030048076923076924
0 0.013221153846153846 0.03485576923076923 0.013221153846153846 0.02403846153846154
0 0.0673076923076923 0.046875 0.018028846153846152 0.030048076923076924
0 0.12860576923076922 0.04326923076923077 0.018028846153846152 0.027644230769230768
0 0.18509615384615385 0.04326923076923077 0.019230769230769232 0.03125
0 0.24639423076923078 0.042067307692307696 0.018028846153846152 0.03245192307692308
0 0.31009615384615385 0.036057692307692304 0.019230769230769232 0.037259615384615384
0 0.9927884615384616 0.12259615384615384 0.01201923076923077 0.036057692307692304
0 0.9567307692307693 0.27283653846153844 0.026442307692307692 0.040865384615384616
0 0.9242788461538461 0.21153846153846154 0.02403846153846154 0.039663461538461536