0 0.41346153846153844 0.7584134615384616 0.006009615384615385 0.008413461538461538
0 0.40384615384615385 0.7403846153846154 0.006009615384615385 0.009615384615384616
0 0.39783653846153844 0.7584134615384616 0.004807692307692308 0.006009615384615385
0 0.5048076923076923 0.7572115384615384 0.007211538461538462 0.01201923076923077
0 0.5492788461538461 0.7584134615384616 0.004807692307692308 0.009615384615384616
0 0.5745192307692307 0.7644230769230769 0.007211538461538462 0.009615384615384616
0 0.6009615384615384 0.7584134615384616 0.006009615384615385 0.008413461538461538
0 0.6875 0.765625 0.007211538461538462 0.010817307692307692
0 0.6394230769230769 0.7992788461538461 0.009615384615384616 0.009615384615384616
0 0.6274038461538461 0.7439903846153846 0.007211538461538462 0.008413461538461538
0 0.7379807692307693 0.7259615384615384 0.004807692307692308 0.009615384615384616
0 0.7127403846153846 0.7271634615384616 0.003605769230769231 0.008413461538461538
0 0.6995192307692307 0.7211538461538461 0.004807692307692308 0.008413461538461538
0 0.6682692307692307 0.7307692307692307 0.004807692307692308 0.007211538461538462
0 0.7019230769230769 0.7572115384615384 0.004807692307692308 0.01201923076923077
0 0.9002403846153846 0.7415865384615384 0.004807692307692308 0.004807692307692308
0 0.8846153846153846 0.7956730769230769 0.009615384615384616 0.015625
0 0.8233173076923077 0.7992788461538461 0.009615384615384616 0.014423076923076924
0 0.8064903846153846 0.8293269230769231 0.013221153846153846 0.014423076923076924
0 0.8954326923076923 0.8209134615384616 0.01201923076923077 0.018028846153846152
0 0.9459134615384616 0.8353365384615384 0.009615384615384616 0.015625
0 0.7872596153846154 0.8088942307692307 0.008413461538461538 0.013221153846153846
0 0.9399038461538461 0.7872596153846154 0.007211538461538462 0.010817307692307692