0 0.390625 0.4266826923076923 0.02403846153846154 0.04927884615384615
0 0.390625 0.3545673076923077 0.020432692307692308 0.039663461538461536
0 0.640625 0.3425480769230769 0.040865384615384616 0.05889423076923077
0 0.2668269230769231 0.36177884615384615 0.021634615384615384 0.037259615384615384
0 0.28125 0.328125 0.018028846153846152 0.03125
0 0.3088942307692308 0.3389423076923077 0.020432692307692308 0.036057692307692304
0 0.29927884615384615 0.37740384615384615 0.018028846153846152 0.03365384615384615
0 0.3245192307692308 0.36778846153846156 0.016826923076923076 0.03485576923076923
0 0.40865384615384615 0.3545673076923077 0.016826923076923076 0.03365384615384615
0 0.4182692307692308 0.40625 0.019230769230769232 0.042067307692307696
0 0.46153846153846156 0.36899038461538464 0.02283653846153846 0.04326923076923077
0 0.5168269230769231 0.4266826923076923 0.020432692307692308 0.040865384615384616
0 0.8076923076923077 0.38100961538461536 0.02283653846153846 0.04807692307692308
0 0.7211538461538461 0.4014423076923077 0.021634615384615384 0.04326923076923077
0 0.7271634615384616 0.34975961538461536 0.018028846153846152 0.03485576923076923
0 0.8509615384615384 0.2247596153846154 0.01201923076923077 0.026442307692307692
0 0.8858173076923077 0.23557692307692307 0.009615384615384616 0.020432692307692308
0 0.9242788461538461 0.22596153846153846 0.013221153846153846 0.02283653846153846
0 0.5372596153846154 0.19110576923076922 0.015625 0.030048076923076924
0 0.6802884615384616 0.3629807692307692 0.019230769230769232 0.030048076923076924