0 0.4963942307692308 0.6814903846153846 0.037259615384615384 0.11298076923076923
0 0.6658653846153846 0.7596153846153846 0.040865384615384616 0.11298076923076923
0 0.9290865384615384 0.7475961538461539 0.05889423076923077 0.12740384615384615
0 0.9627403846153846 0.6586538461538461 0.019230769230769232 0.06850961538461539
0 0.9170673076923077 0.6430288461538461 0.028846153846153848 0.06850961538461539
0 0.7788461538461539 0.6490384615384616 0.016826923076923076 0.055288461538461536
0 0.765625 0.6382211538461539 0.013221153846153846 0.04927884615384615
0 0.5396634615384616 0.6009615384615384 0.010817307692307692 0.025240384615384616
0 0.5204326923076923 0.6177884615384616 0.008413461538461538 0.025240384615384616
0 0.45913461538461536 0.6225961538461539 0.018028846153846152 0.052884615384615384
0 0.9747596153846154 0.5492788461538461 0.008413461538461538 0.018028846153846152
0 0.9591346153846154 0.5649038461538461 0.007211538461538462 0.019230769230769232
0 0.9423076923076923 0.5408653846153846 0.007211538461538462 0.013221153846153846
0 0.8870192307692307 0.6598557692307693 0.014423076923076924 0.040865384615384616
0 0.7355769230769231 0.609375 0.008413461538461538 0.028846153846153848
0 0.7475961538461539 0.5757211538461539 0.008413461538461538 0.028846153846153848
0 0.6634615384615384 0.6009615384615384 0.014423076923076924 0.03365384615384615
0 0.578125 0.5757211538461539 0.007211538461538462 0.025240384615384616
0 0.7764423076923077 0.6069711538461539 0.021634615384615384 0.05048076923076923
0 0.7944711538461539 0.5877403846153846 0.009615384615384616 0.021634615384615384
0 0.28846153846153844 0.7560096153846154 0.03485576923076923 0.08653846153846154
0 0.35336538461538464 0.8161057692307693 0.04807692307692308 0.12860576923076922
0 0.40625 0.6935096153846154 0.027644230769230768 0.08052884615384616
0 0.34975961538461536 0.65625 0.018028846153846152 0.04927884615384615
0 0.12139423076923077 0.84375 0.027644230769230768 0.09014423076923077
0 0.14783653846153846 0.8317307692307693 0.019230769230769232 0.08653846153846154
0 0.078125 0.7932692307692307 0.038461538461538464 0.078125
0 0.23317307692307693 0.6370192307692307 0.010817307692307692 0.027644230769230768
0 0.33413461538461536 0.65625 0.008413461538461538 0.025240384615384616
0 0.36899038461538464 0.6286057692307693 0.009615384615384616 0.02403846153846154
0 0.021634615384615384 0.6153846153846154 0.008413461538461538 0.018028846153846152
0 0.028846153846153848 0.6526442307692307 0.009615384615384616 0.02403846153846154
0 0.03245192307692308 0.7151442307692307 0.013221153846153846 0.04927884615384615
0 0.15264423076923078 0.6586538461538461 0.007211538461538462 0.021634615384615384
0 0.15625 0.6911057692307693 0.013221153846153846 0.03365384615384615
0 0.1466346153846154 0.6935096153846154 0.01201923076923077 0.025240384615384616
0 0.1346153846153846 0.6742788461538461 0.007211538461538462 0.019230769230769232
0 0.9483173076923077 0.6177884615384616 0.009615384615384616 0.027644230769230768
0 0.9278846153846154 0.5528846153846154 0.007211538461538462 0.018028846153846152
0 0.9314903846153846 0.5745192307692307 0.007211538461538462 0.025240384615384616
0 0.9891826923076923 0.5721153846153846 0.007211538461538462 0.019230769230769232
0 0.2692307692307692 0.7788461538461539 0.021634615384615384 0.06610576923076923
0 0.18990384615384615 0.6225961538461539 0.007211538461538462 0.013221153846153846
0 0.003605769230769231 0.6538461538461539 0.007211538461538462 0.028846153846153848
0 0.5625 0.5901442307692307 0.006009615384615385 0.015625
0 0.5552884615384616 0.5817307692307693 0.004807692307692308 0.01201923076923077
0 0.7055288461538461 0.6274038461538461 0.009615384615384616 0.03125
0 0.2620192307692308 0.6875 0.018028846153846152 0.04326923076923077
0 0.2536057692307692 0.6634615384615384 0.015625 0.04447115384615385
0 0.8052884615384616 0.7007211538461539 0.021634615384615384 0.07211538461538461
0 0.7355769230769231 0.5841346153846154 0.010817307692307692 0.027644230769230768
0 0.6550480769230769 0.7283653846153846 0.03365384615384615 0.09735576923076923