0 0.8425480769230769 0.4639423076923077 0.013221153846153846 0.046875
0 0.4326923076923077 0.5793269230769231 0.028846153846153848 0.06370192307692307
0 0.20072115384615385 0.42788461538461536 0.025240384615384616 0.05889423076923077
0 0.09134615384615384 0.2932692307692308 0.018028846153846152 0.042067307692307696
0 0.1201923076923077 0.22355769230769232 0.014423076923076924 0.038461538461538464
0 0.09495192307692307 0.171875 0.008413461538461538 0.02403846153846154
0 0.052884615384615384 0.11899038461538461 0.006009615384615385 0.014423076923076924
0 0.026442307692307692 0.10216346153846154 0.004807692307692308 0.008413461538461538
0 0.1346153846153846 0.11899038461538461 0.003605769230769231 0.015625
0 0.16466346153846154 0.11899038461538461 0.006009615384615385 0.014423076923076924
0 0.25 0.13341346153846154 0.007211538461538462 0.01201923076923077
0 0.27163461538461536 0.13701923076923078 0.004807692307692308 0.01201923076923077
0 0.125 0.5024038461538461 0.03245192307692308 0.09014423076923077
0 0.08413461538461539 0.5456730769230769 0.03485576923076923 0.11778846153846154
0 0.47716346153846156 0.5048076923076923 0.021634615384615384 0.05889423076923077
0 0.42427884615384615 0.49278846153846156 0.019230769230769232 0.051682692307692304
0 0.3317307692307692 0.3293269230769231 0.016826923076923076 0.03245192307692308
0 0.3942307692307692 0.35697115384615385 0.018028846153846152 0.04326923076923077
0 0.3425480769230769 0.40024038461538464 0.013221153846153846 0.036057692307692304
0 0.36778846153846156 0.19591346153846154 0.007211538461538462 0.02283653846153846
0 0.38461538461538464 0.18870192307692307 0.009615384615384616 0.02283653846153846
0 0.45552884615384615 0.17668269230769232 0.007211538461538462 0.015625
0 0.5216346153846154 0.3401442307692308 0.013221153846153846 0.038461538461538464
0 0.5985576923076923 0.3088942307692308 0.009615384615384616 0.030048076923076924
0 0.625 0.29447115384615385 0.006009615384615385 0.020432692307692308
0 0.6526442307692307 0.3125 0.009615384615384616 0.03245192307692308
0 0.47115384615384615 0.2668269230769231 0.013221153846153846 0.030048076923076924
0 0.48677884615384615 0.1935096153846154 0.007211538461538462 0.02283653846153846
0 0.53125 0.25600961538461536 0.013221153846153846 0.027644230769230768
0 0.5757211538461539 0.25600961538461536 0.008413461538461538 0.016826923076923076
0 0.546875 0.25 0.01201923076923077 0.02283653846153846
0 0.6370192307692307 0.25961538461538464 0.009615384615384616 0.020432692307692308
0 0.5973557692307693 0.24278846153846154 0.007211538461538462 0.019230769230769232
0 0.6045673076923077 0.2704326923076923 0.010817307692307692 0.02283653846153846
0 0.5384615384615384 0.29927884615384615 0.009615384615384616 0.027644230769230768
0 0.7055288461538461 0.33653846153846156 0.013221153846153846 0.03125
0 0.703125 0.3016826923076923 0.013221153846153846 0.030048076923076924
0 0.7596153846153846 0.33052884615384615 0.013221153846153846 0.03485576923076923
0 0.8064903846153846 0.34375 0.013221153846153846 0.036057692307692304
0 0.8822115384615384 0.34615384615384615 0.013221153846153846 0.036057692307692304
0 0.9086538461538461 0.35216346153846156 0.013221153846153846 0.03485576923076923
0 0.8569711538461539 0.34615384615384615 0.010817307692307692 0.03125
0 0.8425480769230769 0.3713942307692308 0.01201923076923077 0.03125
0 0.9399038461538461 0.3329326923076923 0.014423076923076924 0.03125
0 0.8329326923076923 0.31850961538461536 0.01201923076923077 0.030048076923076924
0 0.8665865384615384 0.29927884615384615 0.010817307692307692 0.027644230769230768
0 0.9555288461538461 0.35697115384615385 0.01201923076923077 0.036057692307692304
0 0.8100961538461539 0.3016826923076923 0.009615384615384616 0.020432692307692308
0 0.7980769230769231 0.30528846153846156 0.009615384615384616 0.026442307692307692
0 0.7800480769230769 0.31850961538461536 0.015625 0.038461538461538464
0 0.828125 0.28365384615384615 0.008413461538461538 0.027644230769230768
0 0.8846153846153846 0.39903846153846156 0.016826923076923076 0.027644230769230768
0 0.7728365384615384 0.40865384615384615 0.009615384615384616 0.03125
0 0.9927884615384616 0.34375 0.01201923076923077 0.039663461538461536
0 0.96875 0.6081730769230769 0.025240384615384616 0.0733173076923077
0 0.7451923076923077 0.31490384615384615 0.010817307692307692 0.03125