0 0.8605769230769231 0.054086538461538464 0.03365384615384615 0.0625
0 0.9134615384615384 0.12379807692307693 0.019230769230769232 0.042067307692307696
0 0.7752403846153846 0.0733173076923077 0.02283653846153846 0.037259615384615384
0 0.8137019230769231 0.08173076923076923 0.018028846153846152 0.03245192307692308
0 0.7632211538461539 0.07692307692307693 0.015625 0.03485576923076923
0 0.703125 0.06129807692307692 0.026442307692307692 0.04927884615384615
0 0.6598557692307693 0.09014423076923077 0.018028846153846152 0.03485576923076923
0 0.5216346153846154 0.0829326923076923 0.02403846153846154 0.04807692307692308
0 0.4987980769230769 0.0625 0.021634615384615384 0.039663461538461536
0 0.5997596153846154 0.078125 0.014423076923076924 0.030048076923076924
0 0.03125 0.039663461538461536 0.036057692307692304 0.057692307692307696
0 0.11778846153846154 0.06490384615384616 0.02403846153846154 0.039663461538461536
0 0.4110576923076923 0.06610576923076923 0.03365384615384615 0.07091346153846154
0 0.3389423076923077 0.06490384615384616 0.018028846153846152 0.039663461538461536
0 0.375 0.06490384615384616 0.02403846153846154 0.04326923076923077
0 0.24278846153846154 0.037259615384615384 0.02403846153846154 0.046875
0 0.3161057692307692 0.0673076923076923 0.018028846153846152 0.036057692307692304
0 0.30649038461538464 0.055288461538461536 0.015625 0.036057692307692304
0 0.2127403846153846 0.051682692307692304 0.02403846153846154 0.03365384615384615
0 0.14543269230769232 0.026442307692307692 0.02403846153846154 0.04447115384615385
0 0.08052884615384616 0.02283653846153846 0.021634615384615384 0.042067307692307696
0 0.06370192307692307 0.054086538461538464 0.02403846153846154 0.04447115384615385
0 0.5817307692307693 0.20192307692307693 0.06009615384615385 0.078125
0 0.18870192307692307 0.051682692307692304 0.020432692307692308 0.03365384615384615
0 0.4014423076923077 0.04807692307692308 0.02403846153846154 0.04567307692307692
0 0.9423076923076923 0.10576923076923077 0.028846153846153848 0.046875
0 0.9591346153846154 0.04567307692307692 0.020432692307692308 0.038461538461538464