0 0.42908653846153844 0.6141826923076923 0.030048076923076924 0.0625
0 0.7163461538461539 0.6394230769230769 0.03125 0.07451923076923077
0 0.6754807692307693 0.5769230769230769 0.03485576923076923 0.05048076923076923
0 0.7824519230769231 0.5540865384615384 0.02283653846153846 0.04567307692307692
0 0.7451923076923077 0.6947115384615384 0.013221153846153846 0.04807692307692308
0 0.8425480769230769 0.6334134615384616 0.018028846153846152 0.0673076923076923
0 0.3629807692307692 0.375 0.02403846153846154 0.051682692307692304
0 0.4699519230769231 0.35216346153846156 0.021634615384615384 0.042067307692307696
0 0.5600961538461539 0.39302884615384615 0.02403846153846154 0.054086538461538464
0 0.6730769230769231 0.38100961538461536 0.02403846153846154 0.04807692307692308
0 0.6442307692307693 0.3545673076923077 0.020432692307692308 0.046875
0 0.6550480769230769 0.12139423076923077 0.020432692307692308 0.05048076923076923
0 0.5360576923076923 0.16947115384615385 0.018028846153846152 0.038461538461538464
0 0.5072115384615384 0.13581730769230768 0.021634615384615384 0.04567307692307692
0 0.4651442307692308 0.13942307692307693 0.018028846153846152 0.04567307692307692
0 0.36177884615384615 0.1346153846153846 0.02403846153846154 0.054086538461538464
0 0.3004807692307692 0.10096153846153846 0.021634615384615384 0.04807692307692308
0 0.2536057692307692 0.1658653846153846 0.026442307692307692 0.04807692307692308
0 0.19831730769230768 0.09014423076923077 0.018028846153846152 0.046875
0 0.21394230769230768 0.3557692307692308 0.028846153846153848 0.056490384615384616
0 0.25961538461538464 0.38221153846153844 0.025240384615384616 0.06610576923076923
0 0.2860576923076923 0.35096153846153844 0.016826923076923076 0.042067307692307696
0 0.42788461538461536 0.3629807692307692 0.018028846153846152 0.036057692307692304
0 0.2439903846153846 0.5865384615384616 0.03125 0.0829326923076923
0 0.2644230769230769 0.5432692307692307 0.026442307692307692 0.052884615384615384
0 0.28365384615384615 0.5829326923076923 0.026442307692307692 0.06370192307692307
0 0.328125 0.5865384615384616 0.027644230769230768 0.06610576923076923
0 0.421875 0.5745192307692307 0.030048076923076924 0.06610576923076923
0 0.34134615384615385 0.6862980769230769 0.02403846153846154 0.06610576923076923
0 0.21634615384615385 0.7103365384615384 0.010817307692307692 0.040865384615384616
0 0.10336538461538461 0.5829326923076923 0.025240384615384616 0.056490384615384616
0 0.0673076923076923 0.33052884615384615 0.027644230769230768 0.046875
0 0.06490384615384616 0.40865384615384615 0.030048076923076924 0.051682692307692304
0 0.028846153846153848 0.1778846153846154 0.014423076923076924 0.03245192307692308
0 0.8389423076923077 0.07451923076923077 0.018028846153846152 0.05048076923076923
0 0.8822115384615384 0.09615384615384616 0.019230769230769232 0.040865384615384616
0 0.9867788461538461 0.08413461538461539 0.013221153846153846 0.03245192307692308
0 0.9266826923076923 0.27884615384615385 0.019230769230769232 0.05889423076923077
0 0.9783653846153846 0.31971153846153844 0.02403846153846154 0.054086538461538464
0 0.7824519230769231 0.3629807692307692 0.021634615384615384 0.04326923076923077
0 0.8918269230769231 0.27163461538461536 0.020432692307692308 0.04567307692307692
0 0.7536057692307693 0.08052884615384616 0.016826923076923076 0.036057692307692304
0 0.8076923076923077 0.03485576923076923 0.018028846153846152 0.04326923076923077
0 0.9290865384615384 0.020432692307692308 0.019230769230769232 0.03125
0 0.9603365384615384 0.05048076923076923 0.014423076923076924 0.03125
0 0.640625 0.015625 0.02283653846153846 0.03125
0 0.7836538461538461 0.125 0.021634615384615384 0.042067307692307696
0 0.8545673076923077 0.5637019230769231 0.026442307692307692 0.051682692307692304
0 0.8569711538461539 0.671875 0.02283653846153846 0.06129807692307692
0 0.9290865384615384 0.6682692307692307 0.021634615384615384 0.06850961538461539
0 0.9459134615384616 0.6057692307692307 0.026442307692307692 0.054086538461538464
0 0.9471153846153846 0.6814903846153846 0.02403846153846154 0.07211538461538461
0 0.13701923076923078 0.6959134615384616 0.020432692307692308 0.037259615384615384
0 0.7199519230769231 0.5829326923076923 0.02283653846153846 0.054086538461538464
0 0.6382211538461539 0.5637019230769231 0.018028846153846152 0.052884615384615384
0 0.7728365384615384 0.6382211538461539 0.026442307692307692 0.05048076923076923
0 0.9639423076923077 0.6682692307692307 0.010817307692307692 0.057692307692307696
0 0.7776442307692307 0.6009615384615384 0.027644230769230768 0.056490384615384616