0 0.38822115384615385 0.32572115384615385 0.008413461538461538 0.014423076923076924
0 0.3641826923076923 0.3425480769230769 0.010817307692307692 0.020432692307692308
0 0.35096153846153844 0.3112980769230769 0.006009615384615385 0.01201923076923077
0 0.375 0.31850961538461536 0.004807692307692308 0.010817307692307692
0 0.296875 0.3401442307692308 0.010817307692307692 0.018028846153846152
0 0.25721153846153844 0.3557692307692308 0.014423076923076924 0.025240384615384616
0 0.5673076923076923 0.3545673076923077 0.007211538461538462 0.018028846153846152
0 0.5853365384615384 0.3449519230769231 0.008413461538461538 0.016826923076923076
0 0.5324519230769231 0.3401442307692308 0.007211538461538462 0.013221153846153846
0 0.5673076923076923 0.49399038461538464 0.010817307692307692 0.014423076923076924
0 0.14423076923076922 0.24639423076923078 0.007211538461538462 0.014423076923076924
0 0.12860576923076922 0.2536057692307692 0.007211538461538462 0.009615384615384616
0 0.1045673076923077 0.2536057692307692 0.007211538461538462 0.013221153846153846
0 0.078125 0.24879807692307693 0.008413461538461538 0.015625
0 0.02283653846153846 0.25240384615384615 0.007211538461538462 0.013221153846153846
0 0.05889423076923077 0.3858173076923077 0.01201923076923077 0.030048076923076924
0 0.07692307692307693 0.36177884615384615 0.013221153846153846 0.030048076923076924
0 0.109375 0.3473557692307692 0.014423076923076924 0.021634615384615384
0 0.14543269230769232 0.3473557692307692 0.01201923076923077 0.02403846153846154
0 0.12740384615384615 0.34615384615384615 0.013221153846153846 0.025240384615384616
0 0.051682692307692304 0.34615384615384615 0.010817307692307692 0.018028846153846152
0 0.008413461538461538 0.359375 0.007211538461538462 0.027644230769230768
0 0.020432692307692308 0.3389423076923077 0.013221153846153846 0.019230769230769232
0 0.8461538461538461 0.2091346153846154 0.006009615384615385 0.009615384615384616
0 0.9447115384615384 0.18870192307692307 0.007211538461538462 0.014423076923076924
0 0.8822115384615384 0.3605769230769231 0.007211538461538462 0.013221153846153846
0 0.9266826923076923 0.36778846153846156 0.008413461538461538 0.015625
0 0.8245192307692307 0.36538461538461536 0.01201923076923077 0.020432692307692308
0 0.8149038461538461 0.35096153846153844 0.007211538461538462 0.015625
0 0.7920673076923077 0.36899038461538464 0.010817307692307692 0.021634615384615384
0 0.7788461538461539 0.34615384615384615 0.007211538461538462 0.013221153846153846
0 0.7716346153846154 0.34975961538461536 0.007211538461538462 0.014423076923076924
0 0.7548076923076923 0.35096153846153844 0.008413461538461538 0.014423076923076924
0 0.7463942307692307 0.34615384615384615 0.007211538461538462 0.01201923076923077
0 0.7319711538461539 0.36177884615384615 0.008413461538461538 0.013221153846153846
0 0.6850961538461539 0.3701923076923077 0.007211538461538462 0.015625
0 0.7103365384615384 0.3449519230769231 0.008413461538461538 0.018028846153846152
0 0.6959134615384616 0.34134615384615385 0.009615384615384616 0.014423076923076924
0 0.6766826923076923 0.3449519230769231 0.008413461538461538 0.014423076923076924
0 0.6466346153846154 0.36177884615384615 0.008413461538461538 0.010817307692307692
0 0.6598557692307693 0.34375 0.008413461538461538 0.014423076923076924
0 0.6274038461538461 0.3088942307692308 0.008413461538461538 0.014423076923076924
0 0.6129807692307693 0.3016826923076923 0.003605769230769231 0.009615384615384616
0 0.6201923076923077 0.3545673076923077 0.006009615384615385 0.014423076923076924
0 0.6033653846153846 0.3449519230769231 0.007211538461538462 0.015625
0 0.9110576923076923 0.4375 0.010817307692307692 0.03365384615384615
0 0.9927884615384616 0.3581730769230769 0.007211538461538462 0.013221153846153846
0 0.9362980769230769 0.35697115384615385 0.010817307692307692 0.02403846153846154
0 0.8737980769230769 0.34975961538461536 0.007211538461538462 0.013221153846153846
0 0.32572115384615385 0.27884615384615385 0.004807692307692308 0.006009615384615385
0 0.3112980769230769 0.27884615384615385 0.003605769230769231 0.006009615384615385
0 0.2980769230769231 0.27524038461538464 0.002403846153846154 0.004807692307692308
0 0.1814903846153846 0.25240384615384615 0.007211538461538462 0.010817307692307692
0 0.20192307692307693 0.2512019230769231 0.007211538461538462 0.01201923076923077
0 0.17908653846153846 0.35336538461538464 0.014423076923076924 0.03125
0 0.23197115384615385 0.3473557692307692 0.018028846153846152 0.026442307692307692
0 0.21153846153846154 0.3329326923076923 0.014423076923076924 0.03125
0 0.3557692307692308 0.3581730769230769 0.014423076923076924 0.02403846153846154
0 0.20432692307692307 0.46274038461538464 0.02403846153846154 0.037259615384615384
0 0.4230769230769231 0.5276442307692307 0.018028846153846152 0.028846153846153848
0 0.4543269230769231 0.5408653846153846 0.018028846153846152 0.04567307692307692
0 0.31490384615384615 0.36899038461538464 0.009615384615384616 0.025240384615384616
0 0.5348557692307693 0.3701923076923077 0.008413461538461538 0.014423076923076924
0 0.484375 0.359375 0.007211538461538462 0.016826923076923076
0 0.47115384615384615 0.36538461538461536 0.009615384615384616 0.020432692307692308
0 0.453125 0.3485576923076923 0.010817307692307692 0.021634615384615384
0 0.4699519230769231 0.3317307692307692 0.008413461538461538 0.013221153846153846
0 0.5012019230769231 0.3329326923076923 0.007211538461538462 0.01201923076923077
0 0.5396634615384616 0.30288461538461536 0.004807692307692308 0.009615384615384616
0 0.5841346153846154 0.2980769230769231 0.007211538461538462 0.007211538461538462
0 0.4855769230769231 0.3125 0.004807692307692308 0.006009615384615385
0 0.41466346153846156 0.3581730769230769 0.010817307692307692 0.019230769230769232
0 0.3954326923076923 0.36538461538461536 0.007211538461538462 0.013221153846153846
0 0.41466346153846156 0.33413461538461536 0.008413461538461538 0.020432692307692308
0 0.43509615384615385 0.3293269230769231 0.008413461538461538 0.019230769230769232
0 0.3870192307692308 0.3076923076923077 0.008413461538461538 0.01201923076923077