0 0.8413461538461539 0.38100961538461536 0.039663461538461536 0.055288461538461536
0 0.9350961538461539 0.4387019230769231 0.03365384615384615 0.06370192307692307
0 0.10096153846153846 0.23798076923076922 0.015625 0.028846153846153848
0 0.171875 0.20432692307692307 0.016826923076923076 0.03125
0 0.11658653846153846 0.17427884615384615 0.013221153846153846 0.025240384615384616
0 0.1045673076923077 0.07211538461538461 0.018028846153846152 0.026442307692307692
0 0.038461538461538464 0.08052884615384616 0.016826923076923076 0.03485576923076923
0 0.030048076923076924 0.17307692307692307 0.016826923076923076 0.051682692307692304
0 0.23557692307692307 0.3605769230769231 0.019230769230769232 0.03365384615384615
0 0.23918269230769232 0.2704326923076923 0.014423076923076924 0.030048076923076924
0 0.9326923076923077 0.3605769230769231 0.018028846153846152 0.030048076923076924
0 0.8545673076923077 0.2764423076923077 0.016826923076923076 0.030048076923076924
0 0.9158653846153846 0.25240384615384615 0.013221153846153846 0.02403846153846154
0 0.5540865384615384 0.19951923076923078 0.020432692307692308 0.03245192307692308
0 0.8966346153846154 0.051682692307692304 0.016826923076923076 0.02283653846153846
0 0.9326923076923077 0.17307692307692307 0.018028846153846152 0.02403846153846154
0 0.703125 0.15144230769230768 0.019230769230769232 0.030048076923076924
0 0.009615384615384616 0.3894230769230769 0.019230769230769232 0.038461538461538464
0 0.02403846153846154 0.3076923076923077 0.014423076923076924 0.030048076923076924
0 0.1466346153846154 0.33413461538461536 0.018028846153846152 0.03125
0 0.055288461538461536 0.36899038461538464 0.038461538461538464 0.056490384615384616
0 0.08533653846153846 0.42788461538461536 0.036057692307692304 0.054086538461538464
0 0.18629807692307693 0.3918269230769231 0.040865384615384616 0.06610576923076923
0 0.3161057692307692 0.2932692307692308 0.038461538461538464 0.07572115384615384
0 0.42908653846153844 0.3161057692307692 0.03365384615384615 0.06129807692307692
0 0.5504807692307693 0.2860576923076923 0.039663461538461536 0.0625
0 0.6334134615384616 0.31490384615384615 0.038461538461538464 0.06370192307692307
0 0.7524038461538461 0.30408653846153844 0.037259615384615384 0.05889423076923077