0 0.11538461538461539 0.24639423076923078 0.04447115384615385 0.0733173076923077
0 0.20432692307692307 0.15625 0.038461538461538464 0.06490384615384616
0 0.328125 0.14182692307692307 0.04447115384615385 0.07692307692307693
0 0.44350961538461536 0.15144230769230768 0.04447115384615385 0.0733173076923077
0 0.5600961538461539 0.1310096153846154 0.04567307692307692 0.07211538461538461
0 0.6923076923076923 0.10096153846153846 0.04447115384615385 0.06850961538461539
0 0.7524038461538461 0.17908653846153846 0.046875 0.07932692307692307
0 0.8425480769230769 0.12259615384615384 0.04567307692307692 0.06370192307692307
0 0.8762019230769231 0.19110576923076922 0.04567307692307692 0.08653846153846154
0 0.6322115384615384 0.22115384615384615 0.042067307692307696 0.07091346153846154
0 0.4951923076923077 0.23076923076923078 0.04927884615384615 0.07692307692307693
0 0.3713942307692308 0.24519230769230768 0.04807692307692308 0.07211538461538461
0 0.23076923076923078 0.22956730769230768 0.04447115384615385 0.07451923076923077
0 0.125 0.43149038461538464 0.046875 0.08052884615384616
0 0.26802884615384615 0.43028846153846156 0.046875 0.08052884615384616
0 0.39903846153846156 0.44591346153846156 0.04927884615384615 0.08052884615384616
0 0.5348557692307693 0.4266826923076923 0.04927884615384615 0.08052884615384616
0 0.6730769230769231 0.4266826923076923 0.056490384615384616 0.07451923076923077
0 0.8137019230769231 0.4182692307692308 0.04807692307692308 0.078125
0 0.15865384615384615 0.6021634615384616 0.05048076923076923 0.09134615384615384
0 0.3473557692307692 0.6069711538461539 0.05048076923076923 0.0829326923076923
0 0.5384615384615384 0.5829326923076923 0.057692307692307696 0.0829326923076923
0 0.7680288461538461 0.5697115384615384 0.052884615384615384 0.0829326923076923