0 0.9447115384615384 0.10336538461538461 0.018028846153846152 0.026442307692307692
0 0.9819711538461539 0.11057692307692307 0.01201923076923077 0.016826923076923076
0 0.9831730769230769 0.06490384615384616 0.008413461538461538 0.019230769230769232
0 0.17908653846153846 0.11899038461538461 0.01201923076923077 0.018028846153846152
0 0.140625 0.421875 0.046875 0.05889423076923077
0 0.2764423076923077 0.3713942307692308 0.04447115384615385 0.06610576923076923
0 0.3942307692307692 0.40024038461538464 0.04807692307692308 0.07572115384615384
0 0.4026442307692308 0.23317307692307693 0.038461538461538464 0.0625
0 0.5576923076923077 0.29447115384615385 0.04447115384615385 0.07451923076923077
0 0.5144230769230769 0.4423076923076923 0.04567307692307692 0.0733173076923077
0 0.6021634615384616 0.43509615384615385 0.04807692307692308 0.0673076923076923
0 0.7163461538461539 0.25240384615384615 0.040865384615384616 0.0673076923076923
0 0.8425480769230769 0.25 0.04807692307692308 0.07211538461538461
0 0.7788461538461539 0.4543269230769231 0.052884615384615384 0.07692307692307693
0 0.9230769230769231 0.4375 0.05889423076923077 0.07932692307692307
0 0.9182692307692307 0.11899038461538461 0.010817307692307692 0.015625
0 0.27283653846153844 0.09134615384615384 0.007211538461538462 0.01201923076923077
0 0.3641826923076923 0.0985576923076923 0.007211538461538462 0.013221153846153846
0 0.43509615384615385 0.07451923076923077 0.003605769230769231 0.009615384615384616
0 0.4795673076923077 0.06490384615384616 0.007211538461538462 0.009615384615384616
0 0.8786057692307693 0.1141826923076923 0.010817307692307692 0.01201923076923077
0 0.18389423076923078 0.09735576923076923 0.007211538461538462 0.007211538461538462