0 0.15745192307692307 0.13341346153846154 0.028846153846153848 0.056490384615384616
0 0.2403846153846154 0.12740384615384615 0.02403846153846154 0.054086538461538464
0 0.3245192307692308 0.13701923076923078 0.027644230769230768 0.05048076923076923
0 0.4110576923076923 0.14783653846153846 0.028846153846153848 0.054086538461538464
0 0.4891826923076923 0.12740384615384615 0.026442307692307692 0.055288461538461536
0 0.5817307692307693 0.14302884615384615 0.028846153846153848 0.054086538461538464
0 0.6706730769230769 0.14182692307692307 0.026442307692307692 0.05048076923076923
0 0.1141826923076923 0.20793269230769232 0.03245192307692308 0.0673076923076923
0 0.21033653846153846 0.2283653846153846 0.03245192307692308 0.056490384615384616
0 0.3088942307692308 0.23317307692307693 0.03365384615384615 0.06129807692307692
0 0.39663461538461536 0.21995192307692307 0.03245192307692308 0.06009615384615385
0 0.49399038461538464 0.2247596153846154 0.03245192307692308 0.056490384615384616
0 0.59375 0.22716346153846154 0.03125 0.055288461538461536
0 0.6935096153846154 0.22716346153846154 0.03245192307692308 0.056490384615384616
0 0.75 0.13701923076923078 0.026442307692307692 0.04927884615384615
0 0.7908653846153846 0.22716346153846154 0.03245192307692308 0.054086538461538464
0 0.890625 0.23076923076923078 0.03245192307692308 0.056490384615384616
0 0.19471153846153846 0.390625 0.03365384615384615 0.06129807692307692
0 0.38341346153846156 0.39663461538461536 0.036057692307692304 0.056490384615384616
0 0.49399038461538464 0.4375 0.03365384615384615 0.06490384615384616
0 0.5528846153846154 0.45913461538461536 0.03365384615384615 0.06129807692307692
0 0.671875 0.4206730769230769 0.036057692307692304 0.06610576923076923
0 0.8245192307692307 0.39302884615384615 0.038461538461538464 0.07091346153846154
0 0.8185096153846154 0.12139423076923077 0.028846153846153848 0.056490384615384616