0 0.08413461538461539 0.4230769230769231 0.03125 0.04567307692307692
0 0.13341346153846154 0.41586538461538464 0.030048076923076924 0.046875
0 0.19471153846153846 0.42788461538461536 0.028846153846153848 0.04567307692307692
0 0.26802884615384615 0.3894230769230769 0.028846153846153848 0.04567307692307692
0 0.3293269230769231 0.4074519230769231 0.027644230769230768 0.04567307692307692
0 0.3858173076923077 0.39903846153846156 0.028846153846153848 0.046875
0 0.453125 0.41947115384615385 0.028846153846153848 0.042067307692307696
0 0.5252403846153846 0.41947115384615385 0.028846153846153848 0.04326923076923077
0 0.5793269230769231 0.43990384615384615 0.02403846153846154 0.040865384615384616
0 0.6682692307692307 0.390625 0.028846153846153848 0.04447115384615385
0 0.7572115384615384 0.45552884615384615 0.030048076923076924 0.04326923076923077
0 0.6935096153846154 0.46153846153846156 0.027644230769230768 0.04447115384615385
0 0.6766826923076923 0.5384615384615384 0.028846153846153848 0.04326923076923077
0 0.7596153846153846 0.5612980769230769 0.030048076923076924 0.04447115384615385
0 0.6069711538461539 0.5360576923076923 0.028846153846153848 0.04807692307692308
0 0.5480769230769231 0.5180288461538461 0.028846153846153848 0.04567307692307692
0 0.4807692307692308 0.5252403846153846 0.028846153846153848 0.040865384615384616
0 0.9170673076923077 0.4963942307692308 0.03245192307692308 0.046875
0 0.8689903846153846 0.484375 0.03125 0.04807692307692308
0 0.8365384615384616 0.4735576923076923 0.027644230769230768 0.042067307692307696
0 0.8161057692307693 0.4579326923076923 0.02283653846153846 0.04326923076923077
0 0.3918269230769231 0.6526442307692307 0.027644230769230768 0.040865384615384616
0 0.46033653846153844 0.6454326923076923 0.026442307692307692 0.04326923076923077
0 0.5240384615384616 0.6526442307692307 0.028846153846153848 0.046875
0 0.6081730769230769 0.6574519230769231 0.030048076923076924 0.04567307692307692
0 0.6766826923076923 0.6622596153846154 0.030048076923076924 0.04567307692307692
0 0.734375 0.6766826923076923 0.03365384615384615 0.04567307692307692