0 0.3701923076923077 0.25961538461538464 0.037259615384615384 0.07091346153846154
0 0.4795673076923077 0.2608173076923077 0.03365384615384615 0.06610576923076923
0 0.5625 0.22716346153846154 0.038461538461538464 0.06610576923076923
0 0.6574519230769231 0.21995192307692307 0.037259615384615384 0.07451923076923077
0 0.046875 0.02403846153846154 0.015625 0.03365384615384615
0 0.17427884615384615 0.042067307692307696 0.014423076923076924 0.03485576923076923
0 0.21754807692307693 0.052884615384615384 0.018028846153846152 0.040865384615384616
0 0.27163461538461536 0.04807692307692308 0.015625 0.042067307692307696
0 0.3112980769230769 0.13221153846153846 0.018028846153846152 0.046875
0 0.3125 0.09134615384615384 0.013221153846153846 0.027644230769230768
0 0.3137019230769231 0.037259615384615384 0.020432692307692308 0.042067307692307696
0 0.3389423076923077 0.016826923076923076 0.019230769230769232 0.03365384615384615
0 0.35697115384615385 0.015625 0.015625 0.03125
0 0.38221153846153844 0.018028846153846152 0.019230769230769232 0.03365384615384615
0 0.41225961538461536 0.014423076923076924 0.020432692307692308 0.027644230769230768
0 0.45072115384615385 0.014423076923076924 0.019230769230769232 0.028846153846153848
0 0.33052884615384615 0.15384615384615385 0.01201923076923077 0.03245192307692308
0 0.3629807692307692 0.1346153846153846 0.018028846153846152 0.037259615384615384
0 0.3786057692307692 0.13221153846153846 0.015625 0.03485576923076923
0 0.40024038461538464 0.1201923076923077 0.018028846153846152 0.039663461538461536
0 0.44471153846153844 0.1814903846153846 0.015625 0.03245192307692308
0 0.46634615384615385 0.13701923076923078 0.018028846153846152 0.037259615384615384
0 0.484375 0.11658653846153846 0.018028846153846152 0.038461538461538464
0 0.5072115384615384 0.10576923076923077 0.02283653846153846 0.039663461538461536
0 0.546875 0.09375 0.02403846153846154 0.040865384615384616
0 0.5805288461538461 0.13942307692307693 0.016826923076923076 0.03245192307692308
0 0.59375 0.1346153846153846 0.013221153846153846 0.039663461538461536
0 0.42427884615384615 0.13341346153846154 0.015625 0.02403846153846154