0 0.734375 0.5588942307692307 0.009615384615384616 0.015625
0 0.7608173076923077 0.5673076923076923 0.010817307692307692 0.009615384615384616
0 0.7788461538461539 0.5673076923076923 0.008413461538461538 0.013221153846153846
0 0.8052884615384616 0.5661057692307693 0.010817307692307692 0.015625
0 0.8341346153846154 0.5649038461538461 0.010817307692307692 0.014423076923076924
0 0.8713942307692307 0.5661057692307693 0.01201923076923077 0.016826923076923076
0 0.28846153846153844 0.4362980769230769 0.004807692307692308 0.006009615384615385
0 0.30528846153846156 0.4338942307692308 0.004807692307692308 0.006009615384615385
0 0.2764423076923077 0.4326923076923077 0.002403846153846154 0.004807692307692308
0 0.27283653846153844 0.4230769230769231 0.003605769230769231 0.006009615384615385
0 0.328125 0.45072115384615385 0.004807692307692308 0.004807692307692308
0 0.31971153846153844 0.43990384615384615 0.004807692307692308 0.007211538461538462
0 0.3557692307692308 0.4483173076923077 0.002403846153846154 0.006009615384615385
0 0.37259615384615385 0.45072115384615385 0.006009615384615385 0.007211538461538462
0 0.4014423076923077 0.4951923076923077 0.006009615384615385 0.009615384615384616
0 0.39783653846153844 0.4639423076923077 0.004807692307692308 0.007211538461538462
0 0.4098557692307692 0.46634615384615385 0.004807692307692308 0.007211538461538462
0 0.421875 0.43990384615384615 0.003605769230769231 0.009615384615384616
0 0.453125 0.5216346153846154 0.007211538461538462 0.009615384615384616
0 0.44711538461538464 0.4891826923076923 0.004807692307692308 0.007211538461538462
0 0.4423076923076923 0.515625 0.007211538461538462 0.009615384615384616
0 0.42427884615384615 0.5108173076923077 0.006009615384615385 0.009615384615384616
0 0.40865384615384615 0.5072115384615384 0.006009615384615385 0.007211538461538462
0 0.3870192307692308 0.49759615384615385 0.004807692307692308 0.010817307692307692
0 0.375 0.4951923076923077 0.004807692307692308 0.007211538461538462
0 0.36778846153846156 0.49399038461538464 0.006009615384615385 0.009615384615384616
0 0.359375 0.49399038461538464 0.004807692307692308 0.006009615384615385
0 0.47836538461538464 0.5024038461538461 0.007211538461538462 0.007211538461538462
0 0.46875 0.4963942307692308 0.004807692307692308 0.009615384615384616
0 0.4543269230769231 0.49038461538461536 0.003605769230769231 0.007211538461538462
0 0.4483173076923077 0.5 0.004807692307692308 0.007211538461538462
0 0.5 0.49278846153846156 0.007211538461538462 0.007211538461538462
0 0.515625 0.5132211538461539 0.006009615384615385 0.01201923076923077
0 0.4807692307692308 0.5204326923076923 0.006009615384615385 0.01201923076923077
0 0.5 0.5288461538461539 0.007211538461538462 0.009615384615384616
0 0.5324519230769231 0.5336538461538461 0.007211538461538462 0.009615384615384616
0 0.5168269230769231 0.5324519230769231 0.006009615384615385 0.009615384615384616
0 0.5216346153846154 0.5300480769230769 0.004807692307692308 0.01201923076923077
0 0.5324519230769231 0.5180288461538461 0.007211538461538462 0.009615384615384616
0 0.5432692307692307 0.5216346153846154 0.006009615384615385 0.009615384615384616
0 0.5504807692307693 0.5216346153846154 0.006009615384615385 0.009615384615384616
0 0.5516826923076923 0.5408653846153846 0.007211538461538462 0.009615384615384616
0 0.5709134615384616 0.5408653846153846 0.007211538461538462 0.014423076923076924
0 0.5697115384615384 0.5264423076923077 0.007211538461538462 0.010817307692307692
0 0.5877403846153846 0.5300480769230769 0.007211538461538462 0.01201923076923077
0 0.5901442307692307 0.5432692307692307 0.007211538461538462 0.013221153846153846
0 0.6021634615384616 0.5300480769230769 0.008413461538461538 0.013221153846153846
0 0.6129807692307693 0.5504807692307693 0.007211538461538462 0.014423076923076924
0 0.6274038461538461 0.5432692307692307 0.007211538461538462 0.013221153846153846
0 0.6454326923076923 0.5516826923076923 0.007211538461538462 0.013221153846153846
0 0.6514423076923077 0.5384615384615384 0.007211538461538462 0.013221153846153846
0 0.6742788461538461 0.5516826923076923 0.008413461538461538 0.013221153846153846
0 0.6983173076923077 0.5588942307692307 0.009615384615384616 0.015625