0 0.921875 0.5276442307692307 0.013221153846153846 0.03365384615384615
0 0.9711538461538461 0.5048076923076923 0.013221153846153846 0.027644230769230768
0 0.8197115384615384 0.5096153846153846 0.015625 0.036057692307692304
0 0.8545673076923077 0.5036057692307693 0.01201923076923077 0.021634615384615384
0 0.9182692307692307 0.4987980769230769 0.015625 0.018028846153846152
0 0.7560096153846154 0.49038461538461536 0.010817307692307692 0.02403846153846154
0 0.7391826923076923 0.5132211538461539 0.013221153846153846 0.03245192307692308
0 0.6995192307692307 0.5276442307692307 0.018028846153846152 0.039663461538461536
0 0.6442307692307693 0.4987980769230769 0.009615384615384616 0.021634615384615384
0 0.5420673076923077 0.5168269230769231 0.013221153846153846 0.03125
0 0.43028846153846156 0.5264423076923077 0.025240384615384616 0.054086538461538464
0 0.44471153846153844 0.5108173076923077 0.016826923076923076 0.04447115384615385
0 0.38221153846153844 0.5096153846153846 0.01201923076923077 0.028846153846153848
0 0.39302884615384615 0.4987980769230769 0.01201923076923077 0.027644230769230768
0 0.3112980769230769 0.5 0.009615384615384616 0.02403846153846154
0 0.296875 0.5084134615384616 0.010817307692307692 0.026442307692307692
0 0.5288461538461539 0.47716346153846156 0.009615384615384616 0.019230769230769232
0 0.24639423076923078 0.4831730769230769 0.015625 0.036057692307692304
0 0.2127403846153846 0.5036057692307693 0.014423076923076924 0.026442307692307692
0 0.1875 0.5192307692307693 0.02283653846153846 0.042067307692307696
0 0.12740384615384615 0.5036057692307693 0.013221153846153846 0.02403846153846154
0 0.078125 0.5012019230769231 0.009615384615384616 0.02283653846153846
0 0.026442307692307692 0.49158653846153844 0.013221153846153846 0.026442307692307692
0 0.8509615384615384 0.4807692307692308 0.008413461538461538 0.021634615384615384