0 0.9326923076923077 0.3137019230769231 0.019230769230769232 0.03245192307692308
0 0.8942307692307693 0.29447115384615385 0.016826923076923076 0.026442307692307692
0 0.8329326923076923 0.29927884615384615 0.013221153846153846 0.025240384615384616
0 0.703125 0.41586538461538464 0.039663461538461536 0.06610576923076923
0 0.6814903846153846 0.375 0.025240384615384616 0.051682692307692304
0 0.6694711538461539 0.3485576923076923 0.019230769230769232 0.03245192307692308
0 0.6225961538461539 0.33774038461538464 0.015625 0.028846153846153848
0 0.6105769230769231 0.3233173076923077 0.014423076923076924 0.027644230769230768
0 0.4855769230769231 0.35697115384615385 0.02283653846153846 0.039663461538461536
0 0.4891826923076923 0.3088942307692308 0.015625 0.027644230769230768
0 0.4423076923076923 0.3942307692307692 0.028846153846153848 0.04807692307692308
0 0.3954326923076923 0.4338942307692308 0.036057692307692304 0.06129807692307692
0 0.328125 0.3425480769230769 0.018028846153846152 0.03365384615384615
0 0.3485576923076923 0.3245192307692308 0.015625 0.026442307692307692
0 0.2704326923076923 0.3713942307692308 0.018028846153846152 0.042067307692307696
0 0.2439903846153846 0.40384615384615385 0.025240384615384616 0.040865384615384616
0 0.4735576923076923 0.34134615384615385 0.013221153846153846 0.026442307692307692
0 0.1935096153846154 0.3605769230769231 0.015625 0.025240384615384616
0 0.17307692307692307 0.3701923076923077 0.016826923076923076 0.028846153846153848
0 0.1310096153846154 0.45552884615384615 0.028846153846153848 0.057692307692307696
0 0.10096153846153846 0.3942307692307692 0.021634615384615384 0.036057692307692304
0 0.2247596153846154 0.34134615384615385 0.014423076923076924 0.026442307692307692
0 0.007211538461538462 0.36778846153846156 0.014423076923076924 0.028846153846153848