0 0.042067307692307696 0.30649038461538464 0.019230769230769232 0.03245192307692308
0 0.140625 0.5120192307692307 0.036057692307692304 0.06490384615384616
0 0.19110576923076922 0.3449519230769231 0.03125 0.052884615384615384
0 0.19591346153846154 0.4254807692307692 0.03485576923076923 0.051682692307692304
0 0.20072115384615385 0.5252403846153846 0.030048076923076924 0.051682692307692304
0 0.24879807692307693 0.5300480769230769 0.042067307692307696 0.06971153846153846
0 0.640625 0.4735576923076923 0.028846153846153848 0.046875
0 0.49038461538461536 0.390625 0.02403846153846154 0.051682692307692304
0 0.46033653846153844 0.38100961538461536 0.026442307692307692 0.051682692307692304
0 0.46634615384615385 0.3125 0.028846153846153848 0.04807692307692308
0 0.5384615384615384 0.3293269230769231 0.02403846153846154 0.05048076923076923
0 0.5865384615384616 0.3293269230769231 0.021634615384615384 0.038461538461538464
0 0.6502403846153846 0.34615384615384615 0.026442307692307692 0.042067307692307696
0 0.6862980769230769 0.31490384615384615 0.025240384615384616 0.040865384615384616
0 0.7091346153846154 0.46634615384615385 0.030048076923076924 0.055288461538461536
0 0.7271634615384616 0.5120192307692307 0.037259615384615384 0.06490384615384616
0 0.9026442307692307 0.49399038461538464 0.03485576923076923 0.05048076923076923
0 0.8305288461538461 0.4855769230769231 0.037259615384615384 0.057692307692307696
0 0.7836538461538461 0.4326923076923077 0.028846153846153848 0.052884615384615384
0 0.8341346153846154 0.4182692307692308 0.030048076923076924 0.04927884615384615
0 0.8125 0.3317307692307692 0.028846153846153848 0.04567307692307692
0 0.7584134615384616 0.38461538461538464 0.025240384615384616 0.04326923076923077
0 0.7247596153846154 0.3269230769230769 0.021634615384615384 0.03245192307692308
0 0.2848557692307692 0.4579326923076923 0.03125 0.051682692307692304
0 0.28725961538461536 0.41225961538461536 0.028846153846153848 0.046875
0 0.28365384615384615 0.2956730769230769 0.026442307692307692 0.042067307692307696
0 0.3605769230769231 0.5348557692307693 0.03125 0.05048076923076923
0 0.41225961538461536 0.4735576923076923 0.030048076923076924 0.056490384615384616
0 0.4651442307692308 0.5252403846153846 0.03125 0.06490384615384616
0 0.4951923076923077 0.4795673076923077 0.030048076923076924 0.05048076923076923
0 0.5288461538461539 0.5228365384615384 0.030048076923076924 0.052884615384615384
0 0.5649038461538461 0.5024038461538461 0.026442307692307692 0.04567307692307692
0 0.6129807692307693 0.5228365384615384 0.038461538461538464 0.0673076923076923