0 0.27403846153846156 0.2800480769230769 0.016826923076923076 0.028846153846153848
0 0.35216346153846156 0.296875 0.013221153846153846 0.02283653846153846
0 0.47475961538461536 0.28365384615384615 0.007211538461538462 0.028846153846153848
0 0.4795673076923077 0.23557692307692307 0.008413461538461538 0.021634615384615384
0 0.49759615384615385 0.2283653846153846 0.006009615384615385 0.01201923076923077
0 0.5649038461538461 0.20673076923076922 0.006009615384615385 0.013221153846153846
0 0.6009615384615384 0.21634615384615385 0.004807692307692308 0.010817307692307692
0 0.6334134615384616 0.28966346153846156 0.013221153846153846 0.027644230769230768
0 0.6418269230769231 0.37740384615384615 0.016826923076923076 0.03485576923076923
0 0.5096153846153846 0.4483173076923077 0.030048076923076924 0.055288461538461536
0 0.22956730769230768 0.8918269230769231 0.04567307692307692 0.10576923076923077
0 0.5108173076923077 0.8581730769230769 0.054086538461538464 0.10216346153846154
0 0.4675480769230769 0.6370192307692307 0.04807692307692308 0.08533653846153846
0 0.8990384615384616 0.4254807692307692 0.025240384615384616 0.046875
0 0.7608173076923077 0.3173076923076923 0.018028846153846152 0.03125
0 0.7740384615384616 0.28365384615384615 0.015625 0.027644230769230768
0 0.7235576923076923 0.2704326923076923 0.01201923076923077 0.027644230769230768
0 0.6838942307692307 0.2800480769230769 0.013221153846153846 0.03365384615384615
0 0.7271634615384616 0.4050480769230769 0.018028846153846152 0.03125
0 0.8990384615384616 0.19471153846153846 0.010817307692307692 0.014423076923076924
0 0.5252403846153846 0.24639423076923078 0.010817307692307692 0.019230769230769232
0 0.5360576923076923 0.23317307692307693 0.008413461538461538 0.018028846153846152
0 0.5408653846153846 0.21033653846153846 0.006009615384615385 0.010817307692307692
0 0.006009615384615385 0.3076923076923077 0.01201923076923077 0.057692307692307696
0 0.6430288461538461 0.4338942307692308 0.016826923076923076 0.027644230769230768