0 0.9927884615384616 0.2764423076923077 0.013221153846153846 0.03365384615384615
0 0.9819711538461539 0.3485576923076923 0.014423076923076924 0.027644230769230768
0 0.9362980769230769 0.3473557692307692 0.016826923076923076 0.025240384615384616
0 0.9591346153846154 0.2668269230769231 0.013221153846153846 0.025240384615384616
0 0.8870192307692307 0.2764423076923077 0.015625 0.03245192307692308
0 0.9122596153846154 0.2620192307692308 0.013221153846153846 0.025240384615384616
0 0.8701923076923077 0.2764423076923077 0.018028846153846152 0.027644230769230768
0 0.8449519230769231 0.2283653846153846 0.01201923076923077 0.026442307692307692
0 0.8209134615384616 0.35697115384615385 0.013221153846153846 0.020432692307692308
0 0.8016826923076923 0.2824519230769231 0.019230769230769232 0.020432692307692308
0 0.8497596153846154 0.28365384615384615 0.013221153846153846 0.027644230769230768
0 0.765625 0.28125 0.009615384615384616 0.016826923076923076
0 0.7668269230769231 0.3088942307692308 0.013221153846153846 0.026442307692307692
0 0.7463942307692307 0.3016826923076923 0.009615384615384616 0.016826923076923076
0 0.6947115384615384 0.3485576923076923 0.009615384615384616 0.018028846153846152
0 0.7355769230769231 0.3545673076923077 0.008413461538461538 0.015625
0 0.6778846153846154 0.3173076923076923 0.013221153846153846 0.018028846153846152
0 0.6959134615384616 0.3125 0.010817307692307692 0.014423076923076924
0 0.5757211538461539 0.27283653846153844 0.013221153846153846 0.02403846153846154
0 0.41947115384615385 0.2980769230769231 0.015625 0.027644230769230768
0 0.40865384615384615 0.26802884615384615 0.013221153846153846 0.02403846153846154
0 0.36778846153846156 0.28846153846153844 0.013221153846153846 0.025240384615384616
0 0.3545673076923077 0.2956730769230769 0.013221153846153846 0.021634615384615384
0 0.3485576923076923 0.2704326923076923 0.013221153846153846 0.027644230769230768
0 0.31850961538461536 0.27283653846153844 0.013221153846153846 0.025240384615384616
0 0.20072115384615385 0.3449519230769231 0.018028846153846152 0.03245192307692308
0 0.0733173076923077 0.2608173076923077 0.014423076923076924 0.025240384615384616