0 0.9807692307692307 0.796875 0.013221153846153846 0.02283653846153846
0 0.40625 0.38341346153846156 0.007211538461538462 0.013221153846153846
0 0.6262019230769231 0.4411057692307692 0.007211538461538462 0.019230769230769232
0 0.7512019230769231 0.4110576923076923 0.007211538461538462 0.018028846153846152
0 0.8413461538461539 0.28365384615384615 0.007211538461538462 0.018028846153846152
0 0.9579326923076923 0.32572115384615385 0.006009615384615385 0.01201923076923077
0 0.953125 0.25240384615384615 0.004807692307692308 0.008413461538461538
0 0.9399038461538461 0.25721153846153844 0.006009615384615385 0.01201923076923077
0 0.9158653846153846 0.28846153846153844 0.008413461538461538 0.014423076923076924
0 0.8930288461538461 0.29086538461538464 0.009615384615384616 0.013221153846153846
0 0.9302884615384616 0.22956730769230768 0.007211538461538462 0.013221153846153846
0 0.9206730769230769 0.21514423076923078 0.007211538461538462 0.014423076923076924
0 0.9086538461538461 0.21394230769230768 0.006009615384615385 0.01201923076923077
0 0.9519230769230769 0.20673076923076922 0.004807692307692308 0.01201923076923077
0 0.984375 0.2247596153846154 0.007211538461538462 0.014423076923076924
0 0.9362980769230769 0.16826923076923078 0.006009615384615385 0.015625
0 0.9435096153846154 0.17668269230769232 0.007211538461538462 0.013221153846153846
0 0.9807692307692307 0.1875 0.007211538461538462 0.014423076923076924
0 0.03485576923076923 0.24519230769230768 0.006009615384615385 0.010817307692307692
0 0.036057692307692304 0.28966346153846156 0.004807692307692308 0.008413461538461538
0 0.013221153846153846 0.22956730769230768 0.006009615384615385 0.01201923076923077
0 0.055288461538461536 0.27884615384615385 0.007211538461538462 0.013221153846153846
0 0.036057692307692304 0.20673076923076922 0.009615384615384616 0.020432692307692308
0 0.03365384615384615 0.17307692307692307 0.004807692307692308 0.010817307692307692
0 0.026442307692307692 0.20673076923076922 0.006009615384615385 0.01201923076923077
0 0.06009615384615385 0.21394230769230768 0.007211538461538462 0.019230769230769232
0 0.07091346153846154 0.16466346153846154 0.006009615384615385 0.014423076923076924
0 0.07572115384615384 0.15264423076923078 0.009615384615384616 0.018028846153846152
0 0.06971153846153846 0.12740384615384615 0.008413461538461538 0.018028846153846152
0 0.003605769230769231 0.17427884615384615 0.007211538461538462 0.020432692307692308
0 0.009615384615384616 0.11658653846153846 0.006009615384615385 0.014423076923076924
0 0.009615384615384616 0.16466346153846154 0.007211538461538462 0.014423076923076924
0 0.03485576923076923 0.10817307692307693 0.006009615384615385 0.013221153846153846
0 0.018028846153846152 0.09735576923076923 0.007211538461538462 0.019230769230769232
0 0.07451923076923077 0.10096153846153846 0.006009615384615385 0.013221153846153846
0 0.03365384615384615 0.08173076923076923 0.007211538461538462 0.013221153846153846
0 0.02403846153846154 0.052884615384615384 0.006009615384615385 0.010817307692307692
0 0.051682692307692304 0.055288461538461536 0.007211538461538462 0.013221153846153846
0 0.009615384615384616 0.042067307692307696 0.006009615384615385 0.013221153846153846
0 0.06490384615384616 0.028846153846153848 0.006009615384615385 0.013221153846153846
0 0.08533653846153846 0.055288461538461536 0.007211538461538462 0.014423076923076924
0 0.037259615384615384 0.028846153846153848 0.006009615384615385 0.013221153846153846
0 0.006009615384615385 0.027644230769230768 0.007211538461538462 0.015625
0 0.014423076923076924 0.05889423076923077 0.004807692307692308 0.008413461538461538
0 0.0625 0.008413461538461538 0.004807692307692308 0.010817307692307692
0 0.09254807692307693 0.006009615384615385 0.004807692307692308 0.010817307692307692
0 0.09134615384615384 0.039663461538461536 0.007211538461538462 0.010817307692307692
0 0.10216346153846154 0.036057692307692304 0.007211538461538462 0.018028846153846152
0 0.11658653846153846 0.04567307692307692 0.007211538461538462 0.014423076923076924
0 0.12860576923076922 0.042067307692307696 0.007211538461538462 0.019230769230769232
0 0.11778846153846154 0.019230769230769232 0.007211538461538462 0.013221153846153846
0 0.24519230769230768 0.24519230769230768 0.007211538461538462 0.010817307692307692
0 0.25240384615384615 0.22355769230769232 0.006009615384615385 0.010817307692307692
0 0.23798076923076922 0.1971153846153846 0.006009615384615385 0.010817307692307692
0 0.22355769230769232 0.20192307692307693 0.004807692307692308 0.010817307692307692
0 0.24278846153846154 0.21754807692307693 0.007211538461538462 0.014423076923076924
0 0.07091346153846154 0.2644230769230769 0.010817307692307692 0.015625
0 0.0889423076923077 0.21394230769230768 0.007211538461538462 0.015625
0 0.1045673076923077 0.20673076923076922 0.007211538461538462 0.013221153846153846
0 0.0985576923076923 0.19471153846153846 0.007211538461538462 0.01201923076923077
0 0.171875 0.24158653846153846 0.009615384615384616 0.014423076923076924
0 0.14783653846153846 0.19591346153846154 0.007211538461538462 0.018028846153846152
0 0.19591346153846154 0.16947115384615385 0.004807692307692308 0.01201923076923077
0 0.21514423076923078 0.15384615384615385 0.006009615384615385 0.01201923076923077
0 0.21875 0.15745192307692307 0.004807692307692308 0.01201923076923077
0 0.125 0.12259615384615384 0.006009615384615385 0.01201923076923077
0 0.13822115384615385 0.109375 0.009615384615384616 0.015625
0 0.15985576923076922 0.15264423076923078 0.004807692307692308 0.008413461538461538
0 0.14182692307692307 0.1346153846153846 0.006009615384615385 0.013221153846153846
0 0.1346153846153846 0.16346153846153846 0.004807692307692308 0.010817307692307692
0 0.12620192307692307 0.16466346153846154 0.007211538461538462 0.019230769230769232
0 0.09615384615384616 0.16466346153846154 0.007211538461538462 0.015625
0 0.09254807692307693 0.12379807692307693 0.007211538461538462 0.01201923076923077
0 0.12379807692307693 0.10096153846153846 0.007211538461538462 0.013221153846153846
0 0.1045673076923077 0.11538461538461539 0.007211538461538462 0.013221153846153846
0 0.10096153846153846 0.06009615384615385 0.004807692307692308 0.01201923076923077
0 0.10096153846153846 0.09615384615384616 0.006009615384615385 0.008413461538461538
0 0.15264423076923078 0.10336538461538461 0.004807692307692308 0.01201923076923077
0 0.16105769230769232 0.11658653846153846 0.006009615384615385 0.01201923076923077
0 0.2644230769230769 0.17067307692307693 0.007211538461538462 0.014423076923076924
0 0.30528846153846156 0.17067307692307693 0.007211538461538462 0.013221153846153846
0 0.2536057692307692 0.13581730769230768 0.007211538461538462 0.01201923076923077
0 0.24158653846153846 0.14182692307692307 0.004807692307692308 0.01201923076923077
0 0.22596153846153846 0.1466346153846154 0.003605769230769231 0.010817307692307692
0 0.30528846153846156 0.19471153846153846 0.006009615384615385 0.01201923076923077
0 0.14302884615384615 0.02283653846153846 0.006009615384615385 0.014423076923076924
0 0.16466346153846154 0.039663461538461536 0.006009615384615385 0.010817307692307692
0 0.16105769230769232 0.008413461538461538 0.008413461538461538 0.015625
0 0.18028846153846154 0.052884615384615384 0.006009615384615385 0.010817307692307692
0 0.17427884615384615 0.09254807692307693 0.006009615384615385 0.013221153846153846
0 0.18509615384615385 0.12860576923076922 0.007211538461538462 0.015625
0 0.1971153846153846 0.010817307692307692 0.006009615384615385 0.01201923076923077
0 0.21514423076923078 0.006009615384615385 0.007211538461538462 0.01201923076923077
0 0.20793269230769232 0.07932692307692307 0.006009615384615385 0.01201923076923077
0 0.21394230769230768 0.046875 0.004807692307692308 0.01201923076923077
0 0.21394230769230768 0.11899038461538461 0.007211538461538462 0.01201923076923077
0 0.20432692307692307 0.12860576923076922 0.009615384615384616 0.019230769230769232
0 0.234375 0.10576923076923077 0.004807692307692308 0.01201923076923077
0 0.2439903846153846 0.06009615384615385 0.006009615384615385 0.013221153846153846
0 0.26322115384615385 0.10817307692307693 0.006009615384615385 0.01201923076923077
0 0.2608173076923077 0.09375 0.006009615384615385 0.01201923076923077
0 0.2283653846153846 0.04326923076923077 0.004807692307692308 0.010817307692307692
0 0.21995192307692307 0.06129807692307692 0.006009615384615385 0.01201923076923077
0 0.2091346153846154 0.06009615384615385 0.003605769230769231 0.007211538461538462
0 0.26802884615384615 0.056490384615384616 0.006009615384615385 0.01201923076923077
0 0.24759615384615385 0.03485576923076923 0.006009615384615385 0.010817307692307692
0 0.2764423076923077 0.0889423076923077 0.006009615384615385 0.010817307692307692
0 0.29447115384615385 0.0829326923076923 0.007211538461538462 0.014423076923076924
0 0.27884615384615385 0.027644230769230768 0.004807692307692308 0.01201923076923077
0 0.31850961538461536 0.11298076923076923 0.007211538461538462 0.013221153846153846
0 0.33052884615384615 0.054086538461538464 0.006009615384615385 0.01201923076923077
0 0.33052884615384615 0.03485576923076923 0.007211538461538462 0.014423076923076924
0 0.31971153846153844 0.036057692307692304 0.004807692307692308 0.01201923076923077
0 0.3485576923076923 0.013221153846153846 0.007211538461538462 0.013221153846153846
0 0.34975961538461536 0.03365384615384615 0.004807692307692308 0.010817307692307692
0 0.36177884615384615 0.013221153846153846 0.004807692307692308 0.008413461538461538
0 0.3557692307692308 0.054086538461538464 0.004807692307692308 0.008413461538461538
0 0.34975961538461536 0.09495192307692307 0.004807692307692308 0.008413461538461538
0 0.37740384615384615 0.12379807692307693 0.008413461538461538 0.014423076923076924
0 0.35216346153846156 0.12620192307692307 0.006009615384615385 0.010817307692307692
0 0.37740384615384615 0.08052884615384616 0.004807692307692308 0.010817307692307692
0 0.38341346153846156 0.018028846153846152 0.006009615384615385 0.010817307692307692
0 0.3858173076923077 0.06009615384615385 0.007211538461538462 0.014423076923076924
0 0.3317307692307692 0.11538461538461539 0.007211538461538462 0.01201923076923077
0 0.33653846153846156 0.16105769230769232 0.004807692307692308 0.01201923076923077
0 0.3425480769230769 0.16105769230769232 0.006009615384615385 0.013221153846153846
0 0.3389423076923077 0.18269230769230768 0.007211538461538462 0.013221153846153846
0 0.31490384615384615 0.18870192307692307 0.006009615384615385 0.010817307692307692
0 0.36177884615384615 0.16947115384615385 0.007211538461538462 0.015625
0 0.36177884615384615 0.14783653846153846 0.006009615384615385 0.013221153846153846
0 0.36778846153846156 0.1778846153846154 0.007211538461538462 0.013221153846153846
0 0.328125 0.21514423076923078 0.007211538461538462 0.015625
0 0.37740384615384615 0.1875 0.006009615384615385 0.015625
0 0.38221153846153844 0.18509615384615385 0.007211538461538462 0.014423076923076924
0 0.4170673076923077 0.1971153846153846 0.013221153846153846 0.021634615384615384
0 0.4026442307692308 0.12860576923076922 0.006009615384615385 0.01201923076923077
0 0.38822115384615385 0.13701923076923078 0.006009615384615385 0.01201923076923077
0 0.3918269230769231 0.1778846153846154 0.006009615384615385 0.01201923076923077
0 0.39783653846153844 0.18269230769230768 0.004807692307692308 0.01201923076923077
0 0.39302884615384615 0.21394230769230768 0.007211538461538462 0.013221153846153846
0 0.42427884615384615 0.21394230769230768 0.009615384615384616 0.015625
0 0.39903846153846156 0.15985576923076922 0.006009615384615385 0.01201923076923077
0 0.42908653846153844 0.1310096153846154 0.004807692307692308 0.010817307692307692
0 0.40384615384615385 0.18389423076923078 0.006009615384615385 0.01201923076923077
0 0.4170673076923077 0.1466346153846154 0.007211538461538462 0.015625
0 0.43509615384615385 0.18389423076923078 0.006009615384615385 0.008413461538461538
0 0.007211538461538462 0.2956730769230769 0.003605769230769231 0.01201923076923077
0 0.05048076923076923 0.27884615384615385 0.004807692307692308 0.010817307692307692
0 0.02283653846153846 0.28365384615384615 0.009615384615384616 0.008413461538461538
0 0.003605769230769231 0.2932692307692308 0.004807692307692308 0.01201923076923077
0 0.004807692307692308 0.25 0.006009615384615385 0.014423076923076924
0 0.019230769230769232 0.21875 0.006009615384615385 0.013221153846153846
0 0.04447115384615385 0.2439903846153846 0.006009615384615385 0.01201923076923077
0 0.057692307692307696 0.2704326923076923 0.006009615384615385 0.010817307692307692
0 0.052884615384615384 0.2512019230769231 0.006009615384615385 0.013221153846153846
0 0.056490384615384616 0.2439903846153846 0.006009615384615385 0.013221153846153846
0 0.07932692307692307 0.2644230769230769 0.004807692307692308 0.008413461538461538
0 0.12259615384615384 0.25721153846153844 0.003605769230769231 0.008413461538461538
0 0.0985576923076923 0.25240384615384615 0.004807692307692308 0.010817307692307692
0 0.13822115384615385 0.1971153846153846 0.006009615384615385 0.013221153846153846
0 0.09014423076923077 0.16706730769230768 0.006009615384615385 0.01201923076923077
0 0.08774038461538461 0.1466346153846154 0.007211538461538462 0.013221153846153846
0 0.010817307692307692 0.10216346153846154 0.004807692307692308 0.010817307692307692
0 0.01201923076923077 0.1141826923076923 0.006009615384615385 0.013221153846153846
0 0.016826923076923076 0.06971153846153846 0.007211538461538462 0.013221153846153846
0 0.003605769230769231 0.07211538461538461 0.007211538461538462 0.018028846153846152
0 0.09254807692307693 0.11298076923076923 0.006009615384615385 0.01201923076923077
0 0.1141826923076923 0.06610576923076923 0.007211538461538462 0.010817307692307692
0 0.08052884615384616 0.014423076923076924 0.003605769230769231 0.010817307692307692
0 0.055288461538461536 0.036057692307692304 0.007211538461538462 0.014423076923076924
0 0.06971153846153846 0.018028846153846152 0.006009615384615385 0.013221153846153846
0 0.109375 0.004807692307692308 0.004807692307692308 0.008413461538461538
0 0.09375 0.0829326923076923 0.007211538461538462 0.013221153846153846
0 0.1971153846153846 0.027644230769230768 0.007211538461538462 0.014423076923076924
0 0.19591346153846154 0.055288461538461536 0.003605769230769231 0.008413461538461538
0 0.24879807692307693 0.019230769230769232 0.004807692307692308 0.01201923076923077
0 0.265625 0.019230769230769232 0.006009615384615385 0.013221153846153846
0 0.3016826923076923 0.11658653846153846 0.006009615384615385 0.010817307692307692
0 0.3125 0.13341346153846154 0.007211538461538462 0.014423076923076924
0 0.2776442307692308 0.11057692307692307 0.006009615384615385 0.01201923076923077
0 0.3137019230769231 0.16466346153846154 0.006009615384615385 0.013221153846153846
0 0.3629807692307692 0.21394230769230768 0.007211538461538462 0.010817307692307692
0 0.36177884615384615 0.18389423076923078 0.006009615384615385 0.010817307692307692
0 0.3786057692307692 0.15745192307692307 0.004807692307692308 0.008413461538461538
0 0.4495192307692308 0.17307692307692307 0.006009615384615385 0.013221153846153846
0 0.4423076923076923 0.18269230769230768 0.008413461538461538 0.01201923076923077
0 0.453125 0.1502403846153846 0.006009615384615385 0.010817307692307692
0 0.5288461538461539 0.18269230769230768 0.007211538461538462 0.014423076923076924
0 0.5108173076923077 0.1622596153846154 0.006009615384615385 0.01201923076923077
0 0.5180288461538461 0.1814903846153846 0.008413461538461538 0.015625
0 0.5576923076923077 0.18990384615384615 0.008413461538461538 0.015625
0 0.5384615384615384 0.15384615384615385 0.006009615384615385 0.010817307692307692
0 0.546875 0.14302884615384615 0.007211538461538462 0.014423076923076924
0 0.5769230769230769 0.17668269230769232 0.006009615384615385 0.015625
0 0.5685096153846154 0.1935096153846154 0.007211538461538462 0.01201923076923077
0 0.5600961538461539 0.2091346153846154 0.008413461538461538 0.018028846153846152
0 0.5745192307692307 0.20673076923076922 0.004807692307692308 0.013221153846153846
0 0.5240384615384616 0.12259615384615384 0.006009615384615385 0.010817307692307692
0 0.5048076923076923 0.12259615384615384 0.004807692307692308 0.010817307692307692
0 0.5024038461538461 0.15745192307692307 0.006009615384615385 0.008413461538461538
0 0.421875 0.03365384615384615 0.004807692307692308 0.010817307692307692
0 0.4206730769230769 0.010817307692307692 0.006009615384615385 0.013221153846153846
0 0.40865384615384615 0.018028846153846152 0.008413461538461538 0.018028846153846152
0 0.39302884615384615 0.01201923076923077 0.004807692307692308 0.013221153846153846
0 0.4338942307692308 0.01201923076923077 0.004807692307692308 0.010817307692307692
0 0.4495192307692308 0.027644230769230768 0.007211538461538462 0.013221153846153846
0 0.4423076923076923 0.07451923076923077 0.007211538461538462 0.014423076923076924
0 0.4375 0.09495192307692307 0.004807692307692308 0.010817307692307692
0 0.4375 0.039663461538461536 0.004807692307692308 0.010817307692307692
0 0.46274038461538464 0.07451923076923077 0.006009615384615385 0.010817307692307692
0 0.41947115384615385 0.07932692307692307 0.006009615384615385 0.010817307692307692
0 0.42427884615384615 0.09254807692307693 0.007211538461538462 0.010817307692307692
0 0.4735576923076923 0.12860576923076922 0.006009615384615385 0.01201923076923077
0 0.46634615384615385 0.10336538461538461 0.006009615384615385 0.013221153846153846
0 0.4579326923076923 0.10817307692307693 0.004807692307692308 0.007211538461538462
0 0.4675480769230769 0.054086538461538464 0.006009615384615385 0.01201923076923077
0 0.47596153846153844 0.039663461538461536 0.007211538461538462 0.019230769230769232
0 0.4699519230769231 0.026442307692307692 0.004807692307692308 0.01201923076923077
0 0.47596153846153844 0.09975961538461539 0.003605769230769231 0.010817307692307692
0 0.4891826923076923 0.09615384615384616 0.004807692307692308 0.013221153846153846
0 0.5168269230769231 0.10697115384615384 0.004807692307692308 0.008413461538461538
0 0.5072115384615384 0.08052884615384616 0.003605769230769231 0.01201923076923077
0 0.5228365384615384 0.054086538461538464 0.006009615384615385 0.014423076923076924
0 0.4987980769230769 0.028846153846153848 0.006009615384615385 0.013221153846153846
0 0.4879807692307692 0.019230769230769232 0.006009615384615385 0.014423076923076924
0 0.5480769230769231 0.014423076923076924 0.007211538461538462 0.013221153846153846
0 0.5120192307692307 0.05889423076923077 0.004807692307692308 0.01201923076923077
0 0.5625 0.03245192307692308 0.007211538461538462 0.014423076923076924
0 0.5444711538461539 0.10336538461538461 0.006009615384615385 0.010817307692307692
0 0.5757211538461539 0.10817307692307693 0.006009615384615385 0.013221153846153846
0 0.5673076923076923 0.1141826923076923 0.004807692307692308 0.013221153846153846
0 0.5432692307692307 0.09014423076923077 0.004807692307692308 0.008413461538461538
0 0.5336538461538461 0.07932692307692307 0.006009615384615385 0.010817307692307692
0 0.53125 0.10336538461538461 0.004807692307692308 0.010817307692307692
0 0.5552884615384616 0.05889423076923077 0.004807692307692308 0.010817307692307692
0 0.5925480769230769 0.07692307692307693 0.004807692307692308 0.013221153846153846
0 0.6021634615384616 0.1310096153846154 0.007211538461538462 0.015625
0 0.5853365384615384 0.1141826923076923 0.007211538461538462 0.01201923076923077
0 0.6069711538461539 0.06490384615384616 0.007211538461538462 0.014423076923076924
0 0.5805288461538461 0.039663461538461536 0.006009615384615385 0.01201923076923077
0 0.5877403846153846 0.019230769230769232 0.004807692307692308 0.01201923076923077
0 0.5793269230769231 0.010817307692307692 0.013221153846153846 0.021634615384615384
0 0.6009615384615384 0.036057692307692304 0.004807692307692308 0.007211538461538462
0 0.6153846153846154 0.06850961538461539 0.004807692307692308 0.013221153846153846
0 0.6442307692307693 0.08052884615384616 0.006009615384615385 0.01201923076923077
0 0.6538461538461539 0.13581730769230768 0.007211538461538462 0.013221153846153846
0 0.6081730769230769 0.14903846153846154 0.007211538461538462 0.015625
0 0.6574519230769231 0.020432692307692308 0.007211538461538462 0.014423076923076924
0 0.6622596153846154 0.010817307692307692 0.007211538461538462 0.013221153846153846
0 0.8762019230769231 0.19591346153846154 0.006009615384615385 0.015625
0 0.9002403846153846 0.16826923076923078 0.007211538461538462 0.013221153846153846
0 0.8846153846153846 0.16826923076923078 0.004807692307692308 0.01201923076923077
0 0.8545673076923077 0.18269230769230768 0.008413461538461538 0.01201923076923077
0 0.8425480769230769 0.1502403846153846 0.007211538461538462 0.01201923076923077
0 0.8677884615384616 0.14783653846153846 0.006009615384615385 0.013221153846153846
0 0.9014423076923077 0.140625 0.006009615384615385 0.013221153846153846
0 0.9711538461538461 0.23677884615384615 0.007211538461538462 0.014423076923076924
0 0.9711538461538461 0.14903846153846154 0.007211538461538462 0.01201923076923077
0 0.9230769230769231 0.16346153846153846 0.008413461538461538 0.018028846153846152
0 0.9435096153846154 0.1466346153846154 0.006009615384615385 0.013221153846153846
0 0.9375 0.11658653846153846 0.006009615384615385 0.01201923076923077
0 0.8870192307692307 0.12740384615384615 0.004807692307692308 0.013221153846153846
0 0.8882211538461539 0.08533653846153846 0.006009615384615385 0.013221153846153846
0 0.9230769230769231 0.08533653846153846 0.008413461538461538 0.018028846153846152
0 0.9194711538461539 0.06129807692307692 0.007211538461538462 0.013221153846153846
0 0.9435096153846154 0.09495192307692307 0.006009615384615385 0.008413461538461538
0 0.9471153846153846 0.06490384615384616 0.006009615384615385 0.01201923076923077
0 0.8882211538461539 0.04807692307692308 0.007211538461538462 0.015625
0 0.9158653846153846 0.028846153846153848 0.004807692307692308 0.007211538461538462
0 0.9555288461538461 0.04807692307692308 0.007211538461538462 0.013221153846153846
0 0.9086538461538461 0.015625 0.006009615384615385 0.01201923076923077
0 0.8641826923076923 0.07692307692307693 0.007211538461538462 0.01201923076923077
0 0.8557692307692307 0.11899038461538461 0.007211538461538462 0.013221153846153846
0 0.8689903846153846 0.052884615384615384 0.007211538461538462 0.01201923076923077
0 0.8786057692307693 0.014423076923076924 0.007211538461538462 0.013221153846153846
0 0.6201923076923077 0.18389423076923078 0.004807692307692308 0.010817307692307692
0 0.5889423076923077 0.16466346153846154 0.008413461538461538 0.015625
0 0.5925480769230769 0.1875 0.007211538461538462 0.013221153846153846
0 0.6526442307692307 0.18389423076923078 0.006009615384615385 0.013221153846153846
0 0.6730769230769231 0.20432692307692307 0.007211538461538462 0.01201923076923077
0 0.6213942307692307 0.15985576923076922 0.006009615384615385 0.013221153846153846
0 0.7067307692307693 0.18028846153846154 0.003605769230769231 0.008413461538461538
0 0.6995192307692307 0.19471153846153846 0.004807692307692308 0.010817307692307692
0 0.6959134615384616 0.21514423076923078 0.004807692307692308 0.013221153846153846
0 0.7163461538461539 0.21394230769230768 0.007211538461538462 0.013221153846153846
0 0.6838942307692307 0.21033653846153846 0.006009615384615385 0.008413461538461538
0 0.6899038461538461 0.23557692307692307 0.006009615384615385 0.013221153846153846
0 0.703125 0.14302884615384615 0.007211538461538462 0.014423076923076924
0 0.7151442307692307 0.13701923076923078 0.008413461538461538 0.018028846153846152
0 0.6923076923076923 0.14423076923076922 0.004807692307692308 0.010817307692307692
0 0.6862980769230769 0.17548076923076922 0.007211538461538462 0.01201923076923077
0 0.6935096153846154 0.17307692307692307 0.004807692307692308 0.010817307692307692
0 0.7644230769230769 0.21875 0.006009615384615385 0.010817307692307692
0 0.7752403846153846 0.21754807692307693 0.006009615384615385 0.013221153846153846
0 0.7451923076923077 0.23798076923076922 0.007211538461538462 0.013221153846153846
0 0.7331730769230769 0.24278846153846154 0.007211538461538462 0.013221153846153846
0 0.71875 0.23798076923076922 0.006009615384615385 0.013221153846153846
0 0.7055288461538461 0.23197115384615385 0.006009615384615385 0.014423076923076924
0 0.7367788461538461 0.19110576923076922 0.006009615384615385 0.013221153846153846
0 0.7451923076923077 0.19110576923076922 0.007211538461538462 0.015625
0 0.7475961538461539 0.16826923076923078 0.007211538461538462 0.013221153846153846
0 0.7572115384615384 0.1935096153846154 0.006009615384615385 0.013221153846153846
0 0.7788461538461539 0.1935096153846154 0.007211538461538462 0.015625
0 0.8076923076923077 0.17067307692307693 0.007211538461538462 0.014423076923076924
0 0.7824519230769231 0.1622596153846154 0.006009615384615385 0.01201923076923077
0 0.7548076923076923 0.15504807692307693 0.006009615384615385 0.013221153846153846
0 0.7944711538461539 0.13942307692307693 0.006009615384615385 0.01201923076923077
0 0.7752403846153846 0.13581730769230768 0.006009615384615385 0.01201923076923077
0 0.8064903846153846 0.14903846153846154 0.007211538461538462 0.01201923076923077
0 0.7944711538461539 0.16706730769230768 0.006009615384615385 0.014423076923076924
0 0.6033653846153846 0.10216346153846154 0.006009615384615385 0.013221153846153846
0 0.6105769230769231 0.015625 0.003605769230769231 0.008413461538461538
0 0.6117788461538461 0.028846153846153848 0.007211538461538462 0.013221153846153846
0 0.6177884615384616 0.10336538461538461 0.007211538461538462 0.014423076923076924
0 0.6802884615384616 0.13942307692307693 0.007211538461538462 0.013221153846153846
0 0.6526442307692307 0.056490384615384616 0.006009615384615385 0.008413461538461538
0 0.6418269230769231 0.12860576923076922 0.007211538461538462 0.013221153846153846
0 0.6875 0.0733173076923077 0.006009615384615385 0.01201923076923077
0 0.6730769230769231 0.07211538461538461 0.006009615384615385 0.013221153846153846
0 0.6694711538461539 0.051682692307692304 0.003605769230769231 0.01201923076923077
0 0.6838942307692307 0.040865384615384616 0.006009615384615385 0.015625
0 0.6983173076923077 0.040865384615384616 0.007211538461538462 0.015625
0 0.7103365384615384 0.054086538461538464 0.007211538461538462 0.013221153846153846
0 0.7115384615384616 0.07451923076923077 0.006009615384615385 0.01201923076923077
0 0.7019230769230769 0.02283653846153846 0.004807692307692308 0.013221153846153846
0 0.7151442307692307 0.01201923076923077 0.004807692307692308 0.010817307692307692
0 0.7127403846153846 0.036057692307692304 0.004807692307692308 0.01201923076923077
0 0.6778846153846154 0.021634615384615384 0.004807692307692308 0.010817307692307692
0 0.6838942307692307 0.026442307692307692 0.006009615384615385 0.010817307692307692
0 0.671875 0.03485576923076923 0.007211538461538462 0.01201923076923077
0 0.703125 0.10096153846153846 0.003605769230769231 0.008413461538461538
0 0.75 0.1310096153846154 0.007211538461538462 0.013221153846153846
0 0.7043269230769231 0.12259615384615384 0.007211538461538462 0.01201923076923077
0 0.7319711538461539 0.10336538461538461 0.004807692307692308 0.01201923076923077
0 0.7139423076923077 0.10336538461538461 0.006009615384615385 0.008413461538461538
0 0.7415865384615384 0.13942307692307693 0.007211538461538462 0.008413461538461538
0 0.7632211538461539 0.1310096153846154 0.007211538461538462 0.01201923076923077
0 0.7596153846153846 0.09975961538461539 0.006009615384615385 0.014423076923076924
0 0.7475961538461539 0.010817307692307692 0.004807692307692308 0.010817307692307692
0 0.7536057692307693 0.04807692307692308 0.004807692307692308 0.013221153846153846
0 0.7704326923076923 0.054086538461538464 0.004807692307692308 0.01201923076923077
0 0.7608173076923077 0.06490384615384616 0.004807692307692308 0.01201923076923077
0 0.7668269230769231 0.08774038461538461 0.004807692307692308 0.010817307692307692
0 0.7872596153846154 0.06009615384615385 0.004807692307692308 0.010817307692307692
0 0.7896634615384616 0.09254807692307693 0.007211538461538462 0.01201923076923077
0 0.7740384615384616 0.03245192307692308 0.006009615384615385 0.014423076923076924
0 0.8064903846153846 0.06490384615384616 0.006009615384615385 0.013221153846153846
0 0.8076923076923077 0.042067307692307696 0.006009615384615385 0.008413461538461538
0 0.7932692307692307 0.040865384615384616 0.007211538461538462 0.014423076923076924
0 0.7860576923076923 0.018028846153846152 0.004807692307692308 0.01201923076923077
0 0.7848557692307693 0.006009615384615385 0.007211538461538462 0.010817307692307692
0 0.7824519230769231 0.04326923076923077 0.004807692307692308 0.008413461538461538
0 0.7632211538461539 0.020432692307692308 0.006009615384615385 0.013221153846153846
0 0.8365384615384616 0.1141826923076923 0.006009615384615385 0.014423076923076924
0 0.8233173076923077 0.109375 0.006009615384615385 0.013221153846153846
0 0.8401442307692307 0.046875 0.007211538461538462 0.013221153846153846
0 0.7944711538461539 0.013221153846153846 0.007211538461538462 0.013221153846153846
0 0.8112980769230769 0.020432692307692308 0.004807692307692308 0.008413461538461538
0 0.026442307692307692 0.8701923076923077 0.008413461538461538 0.03125
0 0.49038461538461536 0.055288461538461536 0.007211538461538462 0.013221153846153846
0 0.6646634615384616 0.09615384615384616 0.006009615384615385 0.01201923076923077
0 0.8461538461538461 0.0733173076923077 0.007211538461538462 0.010817307692307692
0 0.8125 0.08533653846153846 0.007211538461538462 0.01201923076923077
0 0.1502403846153846 0.06971153846153846 0.008413461538461538 0.015625
0 0.06009615384615385 0.0829326923076923 0.009615384615384616 0.014423076923076924
0 0.11177884615384616 0.15625 0.004807692307692308 0.013221153846153846
0 0.2776442307692308 0.19110576923076922 0.007211538461538462 0.015625
0 0.9170673076923077 0.12139423076923077 0.007211538461538462 0.01201923076923077