0 0.8882211538461539 0.25721153846153844 0.014423076923076924 0.014423076923076924
0 0.9627403846153846 0.21394230769230768 0.008413461538461538 0.008413461538461538
0 0.9266826923076923 0.19110576923076922 0.008413461538461538 0.008413461538461538
0 0.9831730769230769 0.21033653846153846 0.009615384615384616 0.010817307692307692
0 0.9951923076923077 0.21995192307692307 0.007211538461538462 0.010817307692307692
0 0.8209134615384616 0.2439903846153846 0.016826923076923076 0.016826923076923076
0 0.7680288461538461 0.21995192307692307 0.019230769230769232 0.020432692307692308
0 0.7163461538461539 0.2403846153846154 0.018028846153846152 0.01201923076923077
0 0.6911057692307693 0.14543269230769232 0.007211538461538462 0.009615384615384616
0 0.8377403846153846 0.1466346153846154 0.007211538461538462 0.006009615384615385
0 0.6586538461538461 0.18028846153846154 0.018028846153846152 0.015625
0 0.6189903846153846 0.203125 0.018028846153846152 0.021634615384615384
0 0.5456730769230769 0.22355769230769232 0.018028846153846152 0.020432692307692308
0 0.47475961538461536 0.24278846153846154 0.018028846153846152 0.019230769230769232
0 0.3954326923076923 0.21995192307692307 0.020432692307692308 0.018028846153846152
0 0.33653846153846156 0.21995192307692307 0.02403846153846154 0.018028846153846152
0 0.4014423076923077 0.14302884615384615 0.008413461538461538 0.009615384615384616
0 0.4423076923076923 0.1502403846153846 0.008413461538461538 0.008413461538461538
0 0.12139423076923077 0.3137019230769231 0.02403846153846154 0.018028846153846152
0 0.01201923076923077 0.29927884615384615 0.019230769230769232 0.020432692307692308
0 0.08533653846153846 0.14423076923076922 0.009615384615384616 0.010817307692307692
0 0.007211538461538462 0.14423076923076922 0.010817307692307692 0.009615384615384616
0 0.9579326923076923 0.25600961538461536 0.014423076923076924 0.014423076923076924
0 0.8954326923076923 0.24278846153846154 0.01201923076923077 0.01201923076923077