0 0.84375 0.5997596153846154 0.03485576923076923 0.08774038461538461
0 0.7295673076923077 0.5288461538461539 0.036057692307692304 0.07932692307692307
0 0.828125 0.3870192307692308 0.028846153846153848 0.05889423076923077
0 0.7728365384615384 0.2283653846153846 0.028846153846153848 0.05048076923076923
0 0.8413461538461539 0.22355769230769232 0.028846153846153848 0.06009615384615385
0 0.8762019230769231 0.21875 0.03365384615384615 0.06971153846153846
0 0.9038461538461539 0.12980769230769232 0.03365384615384615 0.06370192307692307
0 0.9110576923076923 0.03125 0.03245192307692308 0.0625
0 0.8353365384615384 0.11899038461538461 0.027644230769230768 0.05889423076923077
0 0.8509615384615384 0.021634615384615384 0.02403846153846154 0.04326923076923077
0 0.8100961538461539 0.016826923076923076 0.02403846153846154 0.03365384615384615
0 0.7704326923076923 0.036057692307692304 0.02403846153846154 0.04927884615384615
0 0.7115384615384616 0.22115384615384615 0.030048076923076924 0.055288461538461536
0 0.5889423076923077 0.28846153846153844 0.021634615384615384 0.04326923076923077
0 0.625 0.20432692307692307 0.021634615384615384 0.04567307692307692
0 0.6875 0.203125 0.019230769230769232 0.04447115384615385
0 0.7415865384615384 0.20192307692307693 0.018028846153846152 0.04807692307692308
0 0.7259615384615384 0.12740384615384615 0.021634615384615384 0.04807692307692308
0 0.6778846153846154 0.11298076923076923 0.020432692307692308 0.039663461538461536
0 0.5973557692307693 0.1814903846153846 0.020432692307692308 0.040865384615384616
0 0.5913461538461539 0.09735576923076923 0.020432692307692308 0.03125
0 0.6237980769230769 0.04927884615384615 0.020432692307692308 0.038461538461538464
0 0.7620192307692307 0.20793269230769232 0.02283653846153846 0.052884615384615384
0 0.6802884615384616 0.0625 0.019230769230769232 0.03125
0 0.7307692307692307 0.036057692307692304 0.018028846153846152 0.040865384615384616
0 0.6682692307692307 0.028846153846153848 0.013221153846153846 0.03365384615384615
0 0.6490384615384616 0.030048076923076924 0.014423076923076924 0.03125
0 0.4951923076923077 0.18870192307692307 0.021634615384615384 0.03485576923076923
0 0.5432692307692307 0.11057692307692307 0.018028846153846152 0.038461538461538464
0 0.5625 0.021634615384615384 0.015625 0.03365384615384615
0 0.4326923076923077 0.0625 0.019230769230769232 0.04326923076923077
0 0.47475961538461536 0.04807692307692308 0.016826923076923076 0.03365384615384615
0 0.43990384615384615 0.020432692307692308 0.014423076923076924 0.030048076923076924
0 0.5096153846153846 0.04567307692307692 0.015625 0.028846153846153848
0 0.2536057692307692 0.31009615384615385 0.018028846153846152 0.055288461538461536
0 0.37259615384615385 0.17427884615384615 0.019230769230769232 0.038461538461538464
0 0.328125 0.171875 0.019230769230769232 0.04326923076923077
0 0.3798076923076923 0.07572115384615384 0.018028846153846152 0.03485576923076923
0 0.38341346153846156 0.040865384615384616 0.015625 0.03125
0 0.3545673076923077 0.020432692307692308 0.013221153846153846 0.025240384615384616
0 0.3233173076923077 0.109375 0.016826923076923076 0.028846153846153848
0 0.2764423076923077 0.019230769230769232 0.013221153846153846 0.028846153846153848
0 0.29927884615384615 0.007211538461538462 0.010817307692307692 0.014423076923076924
0 0.4230769230769231 0.013221153846153846 0.010817307692307692 0.019230769230769232
0 0.04326923076923077 0.05048076923076923 0.016826923076923076 0.03125
0 0.06610576923076923 0.038461538461538464 0.018028846153846152 0.030048076923076924
0 0.0985576923076923 0.0733173076923077 0.018028846153846152 0.03365384615384615
0 0.0889423076923077 0.010817307692307692 0.013221153846153846 0.021634615384615384
0 0.11298076923076923 0.010817307692307692 0.016826923076923076 0.020432692307692308
0 0.125 0.04567307692307692 0.014423076923076924 0.026442307692307692
0 0.18389423076923078 0.0889423076923077 0.018028846153846152 0.03125
0 0.16105769230769232 0.04326923076923077 0.018028846153846152 0.036057692307692304
0 0.18389423076923078 0.015625 0.014423076923076924 0.025240384615384616
0 0.21634615384615385 0.057692307692307696 0.010817307692307692 0.025240384615384616
0 0.19230769230769232 0.06850961538461539 0.010817307692307692 0.021634615384615384
0 0.23798076923076922 0.05048076923076923 0.015625 0.03125
0 0.22716346153846154 0.03365384615384615 0.013221153846153846 0.03125
0 0.20673076923076922 0.009615384615384616 0.010817307692307692 0.019230769230769232
0 0.3401442307692308 0.009615384615384616 0.008413461538461538 0.019230769230769232
0 0.10697115384615384 0.5336538461538461 0.030048076923076924 0.08533653846153846