0 0.9759615384615384 0.07932692307692307 0.021634615384615384 0.019230769230769232
0 0.9302884615384616 0.042067307692307696 0.018028846153846152 0.015625
0 0.9567307692307693 0.025240384615384616 0.013221153846153846 0.010817307692307692
0 0.9867788461538461 0.02283653846153846 0.010817307692307692 0.010817307692307692
0 0.8197115384615384 0.10336538461538461 0.02403846153846154 0.018028846153846152
0 0.8425480769230769 0.1201923076923077 0.014423076923076924 0.014423076923076924
0 0.7848557692307693 0.09254807692307693 0.018028846153846152 0.019230769230769232
0 0.7175480769230769 0.14182692307692307 0.018028846153846152 0.015625
0 0.7091346153846154 0.0889423076923077 0.020432692307692308 0.019230769230769232
0 0.7391826923076923 0.042067307692307696 0.013221153846153846 0.013221153846153846
0 0.6706730769230769 0.039663461538461536 0.013221153846153846 0.013221153846153846
0 0.6694711538461539 0.1502403846153846 0.025240384615384616 0.027644230769230768
0 0.6887019230769231 0.13822115384615385 0.015625 0.01201923076923077
0 0.7487980769230769 0.1346153846153846 0.018028846153846152 0.018028846153846152
0 0.5985576923076923 0.14903846153846154 0.02283653846153846 0.015625
0 0.5829326923076923 0.1045673076923077 0.018028846153846152 0.016826923076923076
0 0.5216346153846154 0.08774038461538461 0.02283653846153846 0.019230769230769232
0 0.5432692307692307 0.15504807692307693 0.019230769230769232 0.018028846153846152
0 0.4254807692307692 0.2403846153846154 0.09134615384615384 0.07572115384615384
0 0.45552884615384615 0.1466346153846154 0.021634615384615384 0.021634615384615384
0 0.4807692307692308 0.14783653846153846 0.016826923076923076 0.019230769230769232
0 0.4338942307692308 0.09975961538461539 0.016826923076923076 0.020432692307692308
0 0.41586538461538464 0.10336538461538461 0.016826923076923076 0.019230769230769232
0 0.3870192307692308 0.10697115384615384 0.018028846153846152 0.016826923076923076
0 0.38822115384615385 0.14903846153846154 0.02403846153846154 0.021634615384615384
0 0.35096153846153844 0.1502403846153846 0.019230769230769232 0.018028846153846152
0 0.26802884615384615 0.057692307692307696 0.018028846153846152 0.018028846153846152
0 0.27884615384615385 0.09615384615384616 0.015625 0.018028846153846152
0 0.2692307692307692 0.15865384615384615 0.018028846153846152 0.016826923076923076
0 0.16346153846153846 0.13822115384615385 0.015625 0.015625
0 0.19230769230769232 0.10216346153846154 0.014423076923076924 0.018028846153846152
0 0.15865384615384615 0.10576923076923077 0.015625 0.019230769230769232
0 0.09254807692307693 0.08653846153846154 0.018028846153846152 0.019230769230769232
0 0.12740384615384615 0.13822115384615385 0.018028846153846152 0.016826923076923076
0 0.11778846153846154 0.1502403846153846 0.019230769230769232 0.016826923076923076
0 0.0985576923076923 0.140625 0.014423076923076924 0.01201923076923077
0 0.0733173076923077 0.15264423076923078 0.019230769230769232 0.018028846153846152
0 0.042067307692307696 0.14903846153846154 0.018028846153846152 0.018028846153846152