0 0.03125 0.046875 0.008413461538461538 0.018028846153846152
0 0.0625 0.040865384615384616 0.008413461538461538 0.019230769230769232
0 0.046875 0.019230769230769232 0.008413461538461538 0.021634615384615384
0 0.027644230769230768 0.010817307692307692 0.008413461538461538 0.018028846153846152
0 0.013221153846153846 0.026442307692307692 0.007211538461538462 0.014423076923076924
0 0.003605769230769231 0.021634615384615384 0.007211538461538462 0.02403846153846154
0 0.06490384615384616 0.018028846153846152 0.009615384615384616 0.013221153846153846
0 0.08653846153846154 0.040865384615384616 0.009615384615384616 0.015625
0 0.06490384615384616 0.07932692307692307 0.010817307692307692 0.015625
0 0.07451923076923077 0.1045673076923077 0.01201923076923077 0.020432692307692308
0 0.09495192307692307 0.009615384615384616 0.01201923076923077 0.019230769230769232
0 0.0829326923076923 0.015625 0.007211538461538462 0.01201923076923077
0 0.014423076923076924 0.11298076923076923 0.007211538461538462 0.018028846153846152
0 0.003605769230769231 0.12620192307692307 0.007211538461538462 0.021634615384615384
0 0.019230769230769232 0.12980769230769232 0.008413461538461538 0.019230769230769232
0 0.03365384615384615 0.12259615384615384 0.009615384615384616 0.014423076923076924
0 0.056490384615384616 0.13221153846153846 0.010817307692307692 0.020432692307692308
0 0.07091346153846154 0.12379807692307693 0.010817307692307692 0.020432692307692308
0 0.08653846153846154 0.12980769230769232 0.010817307692307692 0.018028846153846152
0 0.07211538461538461 0.14903846153846154 0.010817307692307692 0.015625
0 0.038461538461538464 0.15144230769230768 0.009615384615384616 0.019230769230769232
0 0.02283653846153846 0.1502403846153846 0.009615384615384616 0.015625
0 0.12259615384615384 0.32572115384615385 0.013221153846153846 0.019230769230769232
0 0.08653846153846154 0.32091346153846156 0.01201923076923077 0.019230769230769232
0 0.036057692307692304 0.32091346153846156 0.013221153846153846 0.027644230769230768
0 0.019230769230769232 0.25721153846153844 0.010817307692307692 0.021634615384615384
0 0.06009615384615385 0.26322115384615385 0.009615384615384616 0.020432692307692308
0 0.03245192307692308 0.23557692307692307 0.010817307692307692 0.019230769230769232
0 0.02403846153846154 0.2091346153846154 0.01201923076923077 0.020432692307692308
0 0.007211538461538462 0.23076923076923078 0.013221153846153846 0.02403846153846154
0 0.015625 0.17908653846153846 0.010817307692307692 0.015625
0 0.04447115384615385 0.19591346153846154 0.009615384615384616 0.019230769230769232
0 0.0673076923076923 0.1814903846153846 0.010817307692307692 0.020432692307692308
0 0.0889423076923077 0.18990384615384615 0.013221153846153846 0.025240384615384616
0 0.08413461538461539 0.22235576923076922 0.010817307692307692 0.021634615384615384
0 0.07692307692307693 0.22956730769230768 0.01201923076923077 0.019230769230769232
0 0.08774038461538461 0.15625 0.009615384615384616 0.020432692307692308
0 0.10216346153846154 0.13942307692307693 0.008413461538461538 0.015625
0 0.10817307692307693 0.12620192307692307 0.009615384615384616 0.020432692307692308
0 0.11778846153846154 0.12620192307692307 0.007211538461538462 0.015625
0 0.14423076923076922 0.12259615384615384 0.008413461538461538 0.019230769230769232
0 0.15985576923076922 0.12860576923076922 0.010817307692307692 0.02403846153846154
0 0.12740384615384615 0.16105769230769232 0.009615384615384616 0.019230769230769232
0 0.11177884615384616 0.1658653846153846 0.009615384615384616 0.021634615384615384
0 0.10576923076923077 0.18870192307692307 0.010817307692307692 0.018028846153846152
0 0.10817307692307693 0.21394230769230768 0.010817307692307692 0.02403846153846154
0 0.125 0.22235576923076922 0.010817307692307692 0.019230769230769232
0 0.11778846153846154 0.25240384615384615 0.009615384615384616 0.026442307692307692
0 0.1658653846153846 0.24278846153846154 0.009615384615384616 0.019230769230769232
0 0.15865384615384615 0.21995192307692307 0.009615384615384616 0.019230769230769232
0 0.14543269230769232 0.20793269230769232 0.010817307692307692 0.021634615384615384
0 0.14182692307692307 0.17908653846153846 0.009615384615384616 0.020432692307692308
0 0.1502403846153846 0.17067307692307693 0.008413461538461538 0.018028846153846152
0 0.15504807692307693 0.15264423076923078 0.009615384615384616 0.018028846153846152
0 0.16947115384615385 0.15865384615384615 0.009615384615384616 0.020432692307692308
0 0.16466346153846154 0.19110576923076922 0.01201923076923077 0.019230769230769232
0 0.11538461538461539 0.02403846153846154 0.010817307692307692 0.019230769230769232
0 0.1045673076923077 0.015625 0.010817307692307692 0.020432692307692308
0 0.1310096153846154 0.018028846153846152 0.007211538461538462 0.015625
0 0.14302884615384615 0.025240384615384616 0.009615384615384616 0.018028846153846152
0 0.1658653846153846 0.019230769230769232 0.008413461538461538 0.019230769230769232
0 0.1502403846153846 0.009615384615384616 0.013221153846153846 0.019230769230769232
0 0.18028846153846154 0.01201923076923077 0.008413461538461538 0.015625
0 0.19230769230769232 0.021634615384615384 0.010817307692307692 0.018028846153846152
0 0.203125 0.019230769230769232 0.008413461538461538 0.014423076923076924
0 0.18389423076923078 0.11177884615384616 0.007211538461538462 0.014423076923076924
0 0.17067307692307693 0.1346153846153846 0.008413461538461538 0.015625
0 0.171875 0.11658653846153846 0.010817307692307692 0.015625
0 0.18269230769230768 0.14302884615384615 0.01201923076923077 0.02403846153846154
0 0.203125 0.12860576923076922 0.008413461538461538 0.020432692307692308
0 0.21033653846153846 0.11538461538461539 0.008413461538461538 0.018028846153846152
0 0.2091346153846154 0.15865384615384615 0.008413461538461538 0.02403846153846154
0 0.18509615384615385 0.1778846153846154 0.008413461538461538 0.020432692307692308
0 0.21634615384615385 0.010817307692307692 0.007211538461538462 0.014423076923076924
0 0.22956730769230768 0.015625 0.008413461538461538 0.013221153846153846
0 0.22115384615384615 0.006009615384615385 0.009615384615384616 0.01201923076923077
0 0.24879807692307693 0.015625 0.009615384615384616 0.013221153846153846
0 0.24158653846153846 0.015625 0.007211538461538462 0.014423076923076924
0 0.25961538461538464 0.015625 0.008413461538461538 0.018028846153846152
0 0.27163461538461536 0.021634615384615384 0.008413461538461538 0.015625
0 0.2860576923076923 0.025240384615384616 0.008413461538461538 0.018028846153846152
0 0.3004807692307692 0.01201923076923077 0.008413461538461538 0.019230769230769232
0 0.3076923076923077 0.037259615384615384 0.008413461538461538 0.019230769230769232
0 0.3076923076923077 0.008413461538461538 0.007211538461538462 0.015625
0 0.32091346153846156 0.014423076923076924 0.008413461538461538 0.019230769230769232
0 0.33653846153846156 0.019230769230769232 0.009615384615384616 0.020432692307692308
0 0.359375 0.027644230769230768 0.008413461538461538 0.015625
0 0.36778846153846156 0.025240384615384616 0.007211538461538462 0.015625
0 0.37259615384615385 0.008413461538461538 0.008413461538461538 0.014423076923076924
0 0.24519230769230768 0.09014423076923077 0.008413461538461538 0.018028846153846152
0 0.2247596153846154 0.07211538461538461 0.007211538461538462 0.013221153846153846
0 0.2608173076923077 0.11057692307692307 0.008413461538461538 0.018028846153846152
0 0.24879807692307693 0.1310096153846154 0.009615384615384616 0.019230769230769232
0 0.2247596153846154 0.11177884615384616 0.010817307692307692 0.021634615384615384
0 0.22596153846153846 0.13942307692307693 0.010817307692307692 0.021634615384615384
0 0.26322115384615385 0.15865384615384615 0.009615384615384616 0.019230769230769232
0 0.23076923076923078 0.16105769230769232 0.010817307692307692 0.021634615384615384
0 0.22596153846153846 0.1814903846153846 0.009615384615384616 0.018028846153846152
0 0.20552884615384615 0.18509615384615385 0.010817307692307692 0.020432692307692308
0 0.1971153846153846 0.24639423076923078 0.010817307692307692 0.019230769230769232
0 0.18990384615384615 0.3317307692307692 0.009615384615384616 0.015625
0 0.19110576923076922 0.26802884615384615 0.01201923076923077 0.021634615384615384
0 0.23557692307692307 0.23918269230769232 0.009615384615384616 0.019230769230769232
0 0.21153846153846154 0.23557692307692307 0.007211538461538462 0.008413461538461538
0 0.19110576923076922 0.21514423076923078 0.010817307692307692 0.018028846153846152
0 0.17908653846153846 0.20072115384615385 0.010817307692307692 0.020432692307692308
0 0.23197115384615385 0.21394230769230768 0.009615384615384616 0.020432692307692308
0 0.24639423076923078 0.19831730769230768 0.010817307692307692 0.015625
0 0.2620192307692308 0.20793269230769232 0.01201923076923077 0.020432692307692308
0 0.10697115384615384 0.2692307692307692 0.009615384615384616 0.019230769230769232
0 0.4230769230769231 0.2668269230769231 0.019230769230769232 0.03485576923076923
0 0.4639423076923077 0.27283653846153844 0.01201923076923077 0.019230769230769232
0 0.45552884615384615 0.22716346153846154 0.01201923076923077 0.021634615384615384
0 0.44471153846153844 0.21754807692307693 0.013221153846153846 0.020432692307692308
0 0.39903846153846156 0.20793269230769232 0.013221153846153846 0.018028846153846152
0 0.4338942307692308 0.20072115384615385 0.010817307692307692 0.014423076923076924
0 0.38461538461538464 0.2283653846153846 0.008413461538461538 0.014423076923076924
0 0.359375 0.2536057692307692 0.010817307692307692 0.018028846153846152
0 0.40865384615384615 0.23918269230769232 0.009615384615384616 0.018028846153846152
0 0.36658653846153844 0.23918269230769232 0.010817307692307692 0.019230769230769232
0 0.35697115384615385 0.1814903846153846 0.009615384615384616 0.021634615384615384
0 0.2776442307692308 0.22235576923076922 0.010817307692307692 0.025240384615384616
0 0.29927884615384615 0.2091346153846154 0.01201923076923077 0.02403846153846154
0 0.2932692307692308 0.18389423076923078 0.007211538461538462 0.013221153846153846
0 0.2800480769230769 0.16346153846153846 0.008413461538461538 0.013221153846153846
0 0.30528846153846156 0.17908653846153846 0.007211538461538462 0.014423076923076924
0 0.33533653846153844 0.18389423076923078 0.009615384615384616 0.019230769230769232
0 0.3449519230769231 0.16947115384615385 0.009615384615384616 0.019230769230769232
0 0.34134615384615385 0.15144230769230768 0.007211538461538462 0.013221153846153846
0 0.30288461538461536 0.14543269230769232 0.009615384615384616 0.02403846153846154
0 0.31971153846153844 0.13701923076923078 0.009615384615384616 0.020432692307692308
0 0.33653846153846156 0.1346153846153846 0.007211538461538462 0.014423076923076924
0 0.328125 0.16947115384615385 0.010817307692307692 0.015625
0 0.30528846153846156 0.12620192307692307 0.009615384615384616 0.019230769230769232
0 0.2848557692307692 0.13581730769230768 0.009615384615384616 0.019230769230769232
0 0.2692307692307692 0.09134615384615384 0.007211538461538462 0.015625
0 0.2247596153846154 0.09254807692307693 0.007211538461538462 0.01201923076923077
0 0.3173076923076923 0.11658653846153846 0.007211538461538462 0.014423076923076924
0 0.25240384615384615 0.1778846153846154 0.007211538461538462 0.010817307692307692
0 0.40024038461538464 0.17548076923076922 0.010817307692307692 0.021634615384615384
0 0.37259615384615385 0.15264423076923078 0.007211538461538462 0.015625
0 0.3858173076923077 0.13942307692307693 0.009615384615384616 0.019230769230769232
0 0.3737980769230769 0.12980769230769232 0.008413461538461538 0.014423076923076924
0 0.34975961538461536 0.11899038461538461 0.009615384615384616 0.015625
0 0.3605769230769231 0.11298076923076923 0.008413461538461538 0.013221153846153846
0 0.390625 0.09975961538461539 0.007211538461538462 0.020432692307692308
0 0.40024038461538464 0.12259615384615384 0.008413461538461538 0.014423076923076924
0 0.3954326923076923 0.13701923076923078 0.008413461538461538 0.013221153846153846
0 0.4026442307692308 0.15504807692307693 0.01201923076923077 0.018028846153846152
0 0.4110576923076923 0.15745192307692307 0.007211538461538462 0.019230769230769232
0 0.42427884615384615 0.16346153846153846 0.010817307692307692 0.020432692307692308
0 0.421875 0.1346153846153846 0.007211538461538462 0.015625
0 0.40865384615384615 0.11778846153846154 0.007211538461538462 0.010817307692307692
0 0.4387019230769231 0.10576923076923077 0.009615384615384616 0.018028846153846152
0 0.42908653846153844 0.09615384615384616 0.008413461538461538 0.020432692307692308
0 0.4387019230769231 0.13822115384615385 0.007211538461538462 0.014423076923076924
0 0.45552884615384615 0.1502403846153846 0.007211538461538462 0.015625
0 0.4579326923076923 0.12980769230769232 0.008413461538461538 0.018028846153846152
0 0.4483173076923077 0.18389423076923078 0.010817307692307692 0.020432692307692308
0 0.44711538461538464 0.16346153846153846 0.009615384615384616 0.015625
0 0.47115384615384615 0.13581730769230768 0.009615384615384616 0.015625
0 0.4699519230769231 0.11057692307692307 0.009615384615384616 0.018028846153846152
0 0.38221153846153844 0.057692307692307696 0.007211538461538462 0.014423076923076924
0 0.39903846153846156 0.06009615384615385 0.009615384615384616 0.014423076923076924
0 0.3858173076923077 0.013221153846153846 0.008413461538461538 0.014423076923076924
0 0.39783653846153844 0.008413461538461538 0.009615384615384616 0.014423076923076924
0 0.41466346153846156 0.014423076923076924 0.010817307692307692 0.018028846153846152
0 0.42908653846153844 0.013221153846153846 0.008413461538461538 0.018028846153846152
0 0.4411057692307692 0.014423076923076924 0.008413461538461538 0.021634615384615384
0 0.45552884615384615 0.014423076923076924 0.007211538461538462 0.015625
0 0.44711538461538464 0.014423076923076924 0.007211538461538462 0.014423076923076924
0 0.4639423076923077 0.008413461538461538 0.007211538461538462 0.014423076923076924
0 0.47475961538461536 0.015625 0.007211538461538462 0.014423076923076924
0 0.484375 0.020432692307692308 0.008413461538461538 0.015625
0 0.47596153846153844 0.004807692307692308 0.008413461538461538 0.008413461538461538
0 0.49399038461538464 0.013221153846153846 0.008413461538461538 0.015625
0 0.5048076923076923 0.020432692307692308 0.010817307692307692 0.019230769230769232
0 0.47475961538461536 0.07692307692307693 0.009615384615384616 0.015625
0 0.48677884615384615 0.10336538461538461 0.009615384615384616 0.018028846153846152
0 0.49278846153846156 0.06971153846153846 0.009615384615384616 0.013221153846153846
0 0.4987980769230769 0.09014423076923077 0.007211538461538462 0.018028846153846152
0 0.5072115384615384 0.11538461538461539 0.009615384615384616 0.020432692307692308
0 0.49399038461538464 0.14182692307692307 0.01201923076923077 0.019230769230769232
0 0.4879807692307692 0.15504807692307693 0.01201923076923077 0.015625
0 0.47716346153846156 0.17427884615384615 0.009615384615384616 0.014423076923076924
0 0.47115384615384615 0.1502403846153846 0.009615384615384616 0.015625
0 0.4879807692307692 0.1814903846153846 0.009615384615384616 0.015625
0 0.4963942307692308 0.21153846153846154 0.013221153846153846 0.027644230769230768
0 0.5144230769230769 0.1935096153846154 0.010817307692307692 0.026442307692307692
0 0.5180288461538461 0.23557692307692307 0.008413461538461538 0.018028846153846152
0 0.5384615384615384 0.17668269230769232 0.009615384615384616 0.020432692307692308
0 0.5276442307692307 0.20673076923076922 0.010817307692307692 0.018028846153846152
0 0.5348557692307693 0.1201923076923077 0.007211538461538462 0.015625
0 0.5300480769230769 0.09134615384615384 0.008413461538461538 0.015625
0 0.5348557692307693 0.10336538461538461 0.007211538461538462 0.014423076923076924
0 0.5168269230769231 0.10216346153846154 0.010817307692307692 0.020432692307692308
0 0.5276442307692307 0.015625 0.01201923076923077 0.020432692307692308
0 0.546875 0.027644230769230768 0.008413461538461538 0.019230769230769232
0 0.5564903846153846 0.038461538461538464 0.008413461538461538 0.015625
0 0.5709134615384616 0.015625 0.007211538461538462 0.013221153846153846
0 0.5745192307692307 0.008413461538461538 0.008413461538461538 0.015625
0 0.6153846153846154 0.019230769230769232 0.007211538461538462 0.013221153846153846
0 0.6069711538461539 0.040865384615384616 0.007211538461538462 0.015625
0 0.6213942307692307 0.039663461538461536 0.007211538461538462 0.014423076923076924
0 0.6310096153846154 0.05048076923076923 0.008413461538461538 0.014423076923076924
0 0.6009615384615384 0.07692307692307693 0.007211538461538462 0.013221153846153846
0 0.5372596153846154 0.07692307692307693 0.007211538461538462 0.014423076923076924
0 0.5612980769230769 0.09735576923076923 0.010817307692307692 0.020432692307692308
0 0.546875 0.1045673076923077 0.008413461538461538 0.014423076923076924
0 0.5733173076923077 0.08413461538461539 0.007211538461538462 0.01201923076923077
0 0.5889423076923077 0.09615384615384616 0.008413461538461538 0.014423076923076924
0 0.6274038461538461 0.0673076923076923 0.009615384615384616 0.014423076923076924
0 0.6430288461538461 0.07451923076923077 0.009615384615384616 0.019230769230769232
0 0.6382211538461539 0.014423076923076924 0.008413461538461538 0.014423076923076924
0 0.6274038461538461 0.08653846153846154 0.009615384615384616 0.020432692307692308
0 0.6165865384615384 0.08653846153846154 0.009615384615384616 0.018028846153846152
0 0.6213942307692307 0.11298076923076923 0.01201923076923077 0.020432692307692308
0 0.5733173076923077 0.109375 0.007211538461538462 0.014423076923076924
0 0.5673076923076923 0.125 0.008413461538461538 0.019230769230769232
0 0.578125 0.1346153846153846 0.009615384615384616 0.020432692307692308
0 0.5492788461538461 0.12980769230769232 0.009615384615384616 0.025240384615384616
0 0.5564903846153846 0.16346153846153846 0.007211538461538462 0.018028846153846152
0 0.5853365384615384 0.15865384615384615 0.008413461538461538 0.014423076923076924
0 0.5997596153846154 0.14423076923076922 0.009615384615384616 0.015625
0 0.6129807692307693 0.1502403846153846 0.010817307692307692 0.015625
0 0.6322115384615384 0.14543269230769232 0.008413461538461538 0.018028846153846152
0 0.6225961538461539 0.1346153846153846 0.009615384615384616 0.013221153846153846
0 0.6153846153846154 0.16826923076923078 0.01201923076923077 0.015625
0 0.6430288461538461 0.10216346153846154 0.007211538461538462 0.015625
0 0.5685096153846154 0.040865384615384616 0.008413461538461538 0.01201923076923077
0 0.6310096153846154 0.25600961538461536 0.013221153846153846 0.02403846153846154
0 0.5492788461538461 0.2704326923076923 0.013221153846153846 0.021634615384615384
0 0.5564903846153846 0.19110576923076922 0.009615384615384616 0.014423076923076924
0 0.5721153846153846 0.2247596153846154 0.025240384615384616 0.040865384615384616
0 0.59375 0.21995192307692307 0.010817307692307692 0.020432692307692308
0 0.6033653846153846 0.22956730769230768 0.009615384615384616 0.014423076923076924
0 0.59375 0.18269230769230768 0.010817307692307692 0.020432692307692308
0 0.6129807692307693 0.203125 0.009615384615384616 0.020432692307692308
0 0.6358173076923077 0.18509615384615385 0.010817307692307692 0.018028846153846152
0 0.6598557692307693 0.17067307692307693 0.008413461538461538 0.015625
0 0.6694711538461539 0.1778846153846154 0.01201923076923077 0.018028846153846152
0 0.6550480769230769 0.14302884615384615 0.009615384615384616 0.020432692307692308
0 0.6682692307692307 0.13942307692307693 0.009615384615384616 0.015625
0 0.6454326923076923 0.14423076923076922 0.008413461538461538 0.018028846153846152
0 0.6802884615384616 0.14182692307692307 0.007211538461538462 0.018028846153846152
0 0.7007211538461539 0.17427884615384615 0.01201923076923077 0.020432692307692308
0 0.6346153846153846 0.23317307692307693 0.01201923076923077 0.020432692307692308
0 0.5504807692307693 0.3137019230769231 0.007211538461538462 0.01201923076923077
0 0.5216346153846154 0.2764423076923077 0.008413461538461538 0.015625
0 0.5384615384615384 0.3293269230769231 0.013221153846153846 0.02403846153846154
0 0.53125 0.21634615384615385 0.009615384615384616 0.020432692307692308
0 0.7824519230769231 0.28846153846153844 0.009615384615384616 0.019230769230769232
0 0.7572115384615384 0.27884615384615385 0.01201923076923077 0.018028846153846152
0 0.7151442307692307 0.26322115384615385 0.013221153846153846 0.02403846153846154
0 0.7331730769230769 0.25 0.009615384615384616 0.019230769230769232
0 0.7079326923076923 0.20673076923076922 0.01201923076923077 0.021634615384615384
0 0.7524038461538461 0.19471153846153846 0.009615384615384616 0.02403846153846154
0 0.7668269230769231 0.21153846153846154 0.010817307692307692 0.014423076923076924
0 0.7463942307692307 0.22115384615384615 0.010817307692307692 0.015625
0 0.7475961538461539 0.25240384615384615 0.009615384615384616 0.015625
0 0.7139423076923077 0.16105769230769232 0.009615384615384616 0.014423076923076924
0 0.6923076923076923 0.14182692307692307 0.007211538461538462 0.013221153846153846
0 0.7007211538461539 0.15144230769230768 0.007211538461538462 0.014423076923076924
0 0.7524038461538461 0.15504807692307693 0.007211538461538462 0.015625
0 0.7475961538461539 0.1778846153846154 0.009615384615384616 0.020432692307692308
0 0.7367788461538461 0.18269230769230768 0.007211538461538462 0.019230769230769232
0 0.7872596153846154 0.1814903846153846 0.013221153846153846 0.025240384615384616
0 0.7896634615384616 0.14543269230769232 0.009615384615384616 0.019230769230769232
0 0.7439903846153846 0.13942307692307693 0.010817307692307692 0.019230769230769232
0 0.734375 0.13701923076923078 0.008413461538461538 0.019230769230769232
0 0.7019230769230769 0.12259615384615384 0.010817307692307692 0.018028846153846152
0 0.6911057692307693 0.12259615384615384 0.009615384615384616 0.015625
0 0.6742788461538461 0.09975961538461539 0.010817307692307692 0.020432692307692308
0 0.6790865384615384 0.11177884615384616 0.007211538461538462 0.014423076923076924
0 0.6466346153846154 0.12259615384615384 0.007211538461538462 0.018028846153846152
0 0.6538461538461539 0.10336538461538461 0.007211538461538462 0.014423076923076924
0 0.6538461538461539 0.07091346153846154 0.009615384615384616 0.013221153846153846
0 0.6514423076923077 0.04447115384615385 0.008413461538461538 0.014423076923076924
0 0.6670673076923077 0.026442307692307692 0.008413461538461538 0.018028846153846152
0 0.6766826923076923 0.010817307692307692 0.008413461538461538 0.015625
0 0.6814903846153846 0.04567307692307692 0.009615384615384616 0.018028846153846152
0 0.6814903846153846 0.06129807692307692 0.008413461538461538 0.015625
0 0.6899038461538461 0.08052884615384616 0.007211538461538462 0.013221153846153846
0 0.6983173076923077 0.0673076923076923 0.008413461538461538 0.015625
0 0.7055288461538461 0.07932692307692307 0.007211538461538462 0.015625
0 0.7055288461538461 0.03485576923076923 0.009615384615384616 0.018028846153846152
0 0.6887019230769231 0.027644230769230768 0.007211538461538462 0.015625
0 0.6995192307692307 0.013221153846153846 0.008413461538461538 0.014423076923076924
0 0.7115384615384616 0.010817307692307692 0.009615384615384616 0.015625
0 0.7199519230769231 0.027644230769230768 0.010817307692307692 0.018028846153846152
0 0.7103365384615384 0.027644230769230768 0.008413461538461538 0.015625
0 0.7331730769230769 0.021634615384615384 0.009615384615384616 0.014423076923076924
0 0.6682692307692307 0.09254807692307693 0.009615384615384616 0.019230769230769232
0 0.7043269230769231 0.10336538461538461 0.009615384615384616 0.018028846153846152
0 0.7091346153846154 0.09975961538461539 0.01201923076923077 0.020432692307692308
0 0.7127403846153846 0.11658653846153846 0.008413461538461538 0.018028846153846152
0 0.7283653846153846 0.09375 0.009615384615384616 0.015625
0 0.7199519230769231 0.0829326923076923 0.009615384615384616 0.026442307692307692
0 0.7223557692307693 0.046875 0.010817307692307692 0.021634615384615384
0 0.7307692307692307 0.057692307692307696 0.010817307692307692 0.019230769230769232
0 0.7367788461538461 0.07692307692307693 0.01201923076923077 0.019230769230769232
0 0.7427884615384616 0.1045673076923077 0.01201923076923077 0.020432692307692308
0 0.7451923076923077 0.11538461538461539 0.009615384615384616 0.018028846153846152
0 0.734375 0.12860576923076922 0.008413461538461538 0.014423076923076924
0 0.7536057692307693 0.09134615384615384 0.008413461538461538 0.018028846153846152
0 0.7427884615384616 0.037259615384615384 0.010817307692307692 0.02403846153846154
0 0.7536057692307693 0.051682692307692304 0.008413461538461538 0.021634615384615384
0 0.8858173076923077 0.3004807692307692 0.016826923076923076 0.030048076923076924
0 0.8293269230769231 0.2800480769230769 0.013221153846153846 0.026442307692307692
0 0.8052884615384616 0.24158653846153846 0.01201923076923077 0.021634615384615384
0 0.8173076923076923 0.203125 0.013221153846153846 0.020432692307692308
0 0.8185096153846154 0.17427884615384615 0.01201923076923077 0.019230769230769232
0 0.8653846153846154 0.19831730769230768 0.010817307692307692 0.021634615384615384
0 0.8713942307692307 0.2247596153846154 0.013221153846153846 0.018028846153846152
0 0.7992788461538461 0.2800480769230769 0.007211538461538462 0.014423076923076924
0 0.8365384615384616 0.24278846153846154 0.007211538461538462 0.014423076923076924
0 0.8954326923076923 0.2620192307692308 0.013221153846153846 0.020432692307692308
0 0.8894230769230769 0.2091346153846154 0.01201923076923077 0.020432692307692308
0 0.8557692307692307 0.17427884615384615 0.010817307692307692 0.025240384615384616
0 0.8725961538461539 0.16105769230769232 0.01201923076923077 0.020432692307692308
0 0.8966346153846154 0.17067307692307693 0.010817307692307692 0.020432692307692308
0 0.8533653846153846 0.14423076923076922 0.010817307692307692 0.019230769230769232
0 0.8353365384615384 0.15144230769230768 0.009615384615384616 0.018028846153846152
0 0.8245192307692307 0.13701923076923078 0.01201923076923077 0.014423076923076924
0 0.890625 0.13701923076923078 0.010817307692307692 0.019230769230769232
0 0.7692307692307693 0.125 0.009615384615384616 0.020432692307692308
0 0.8112980769230769 0.11057692307692307 0.006009615384615385 0.01201923076923077
0 0.8016826923076923 0.125 0.009615384615384616 0.019230769230769232
0 0.7920673076923077 0.11538461538461539 0.007211538461538462 0.014423076923076924
0 0.8028846153846154 0.09615384615384616 0.007211538461538462 0.015625
0 0.8161057692307693 0.08653846153846154 0.009615384615384616 0.019230769230769232
0 0.7884615384615384 0.09254807692307693 0.009615384615384616 0.019230769230769232
0 0.7788461538461539 0.10336538461538461 0.009615384615384616 0.019230769230769232
0 0.7632211538461539 0.10576923076923077 0.007211538461538462 0.014423076923076924
0 0.765625 0.0733173076923077 0.009615384615384616 0.018028846153846152
0 0.7632211538461539 0.06370192307692307 0.007211538461538462 0.013221153846153846
0 0.7716346153846154 0.052884615384615384 0.007211538461538462 0.015625
0 0.7800480769230769 0.07692307692307693 0.009615384615384616 0.019230769230769232
0 0.7728365384615384 0.03245192307692308 0.008413461538461538 0.015625
0 0.7620192307692307 0.025240384615384616 0.008413461538461538 0.014423076923076924
0 0.75 0.015625 0.008413461538461538 0.02403846153846154
0 0.7884615384615384 0.025240384615384616 0.007211538461538462 0.015625
0 0.7872596153846154 0.01201923076923077 0.008413461538461538 0.014423076923076924
0 0.7992788461538461 0.027644230769230768 0.009615384615384616 0.015625
0 0.8100961538461539 0.051682692307692304 0.010817307692307692 0.020432692307692308
0 0.8052884615384616 0.06610576923076923 0.010817307692307692 0.018028846153846152
0 0.8221153846153846 0.052884615384615384 0.007211538461538462 0.014423076923076924
0 0.8197115384615384 0.037259615384615384 0.009615384615384616 0.02403846153846154
0 0.8137019230769231 0.019230769230769232 0.007211538461538462 0.013221153846153846
0 0.8269230769230769 0.013221153846153846 0.009615384615384616 0.014423076923076924
0 0.8341346153846154 0.08413461538461539 0.007211538461538462 0.01201923076923077
0 0.8413461538461539 0.09615384615384616 0.008413461538461538 0.018028846153846152
0 0.8233173076923077 0.1045673076923077 0.008413461538461538 0.018028846153846152
0 0.8293269230769231 0.09375 0.010817307692307692 0.013221153846153846
0 0.8449519230769231 0.12259615384615384 0.007211538461538462 0.01201923076923077
0 0.8329326923076923 0.11658653846153846 0.007211538461538462 0.018028846153846152
0 0.9855769230769231 0.29447115384615385 0.014423076923076924 0.02403846153846154
0 0.9134615384615384 0.2608173076923077 0.013221153846153846 0.025240384615384616
0 0.9555288461538461 0.21153846153846154 0.01201923076923077 0.018028846153846152
0 0.9807692307692307 0.203125 0.013221153846153846 0.020432692307692308
0 0.9314903846153846 0.1778846153846154 0.013221153846153846 0.020432692307692308
0 0.9663461538461539 0.1622596153846154 0.01201923076923077 0.018028846153846152
0 0.9675480769230769 0.18509615384615385 0.013221153846153846 0.021634615384615384
0 0.9891826923076923 0.1814903846153846 0.018028846153846152 0.030048076923076924
0 0.9158653846153846 0.30649038461538464 0.01201923076923077 0.020432692307692308
0 0.9206730769230769 0.23918269230769232 0.013221153846153846 0.025240384615384616
0 0.9507211538461539 0.14423076923076922 0.009615384615384616 0.018028846153846152
0 0.9615384615384616 0.14783653846153846 0.007211538461538462 0.019230769230769232
0 0.9723557692307693 0.12620192307692307 0.01201923076923077 0.021634615384615384
0 0.9663461538461539 0.10697115384615384 0.009615384615384616 0.018028846153846152
0 0.9447115384615384 0.11658653846153846 0.009615384615384616 0.014423076923076924
0 0.9050480769230769 0.14182692307692307 0.01201923076923077 0.026442307692307692
0 0.9278846153846154 0.12860576923076922 0.009615384615384616 0.021634615384615384
0 0.9038461538461539 0.109375 0.007211538461538462 0.014423076923076924
0 0.8834134615384616 0.11778846153846154 0.008413461538461538 0.015625
0 0.8545673076923077 0.09975961538461539 0.008413461538461538 0.014423076923076924
0 0.8617788461538461 0.0829326923076923 0.009615384615384616 0.018028846153846152
0 0.8725961538461539 0.0829326923076923 0.009615384615384616 0.018028846153846152
0 0.890625 0.09375 0.010817307692307692 0.015625
0 0.8990384615384616 0.0673076923076923 0.010817307692307692 0.015625
0 0.9086538461538461 0.07932692307692307 0.009615384615384616 0.020432692307692308
0 0.9266826923076923 0.0829326923076923 0.009615384615384616 0.019230769230769232
0 0.9302884615384616 0.06610576923076923 0.009615384615384616 0.014423076923076924
0 0.9543269230769231 0.078125 0.009615384615384616 0.020432692307692308
0 0.9591346153846154 0.06129807692307692 0.009615384615384616 0.014423076923076924
0 0.9519230769230769 0.052884615384615384 0.008413461538461538 0.015625
0 0.9314903846153846 0.03125 0.009615384615384616 0.015625
0 0.9579326923076923 0.021634615384615384 0.008413461538461538 0.01201923076923077
0 0.9447115384615384 0.01201923076923077 0.008413461538461538 0.015625
0 0.9242788461538461 0.007211538461538462 0.009615384615384616 0.01201923076923077
0 0.8930288461538461 0.026442307692307692 0.007211538461538462 0.015625
0 0.9110576923076923 0.015625 0.007211538461538462 0.01201923076923077
0 0.8641826923076923 0.057692307692307696 0.007211538461538462 0.01201923076923077
0 0.8461538461538461 0.03245192307692308 0.008413461538461538 0.014423076923076924
0 0.8401442307692307 0.021634615384615384 0.009615384615384616 0.02403846153846154
0 0.8605769230769231 0.018028846153846152 0.008413461538461538 0.018028846153846152
0 0.8725961538461539 0.02403846153846154 0.009615384615384616 0.014423076923076924
0 0.8509615384615384 0.06370192307692307 0.009615384615384616 0.018028846153846152
0 0.9423076923076923 0.0985576923076923 0.010817307692307692 0.020432692307692308
0 0.9290865384615384 0.10216346153846154 0.009615384615384616 0.021634615384615384
0 0.921875 0.04447115384615385 0.008413461538461538 0.015625
0 0.8461538461538461 0.004807692307692308 0.007211538461538462 0.008413461538461538
0 0.8725961538461539 0.006009615384615385 0.009615384615384616 0.01201923076923077
0 0.5949519230769231 0.039663461538461536 0.009615384615384616 0.015625
0 0.5276442307692307 0.1658653846153846 0.009615384615384616 0.019230769230769232
0 0.8149038461538461 0.29927884615384615 0.008413461538461538 0.018028846153846152
0 0.9867788461538461 0.019230769230769232 0.010817307692307692 0.020432692307692308
0 0.9939903846153846 0.13581730769230768 0.009615384615384616 0.019230769230769232