0 0.9771634615384616 0.4675480769230769 0.040865384615384616 0.054086538461538464
0 0.9507211538461539 0.4735576923076923 0.02283653846153846 0.042067307692307696
0 0.953125 0.29447115384615385 0.020432692307692308 0.028846153846153848
0 0.8677884615384616 0.49399038461538464 0.056490384615384616 0.07932692307692307
0 0.8401442307692307 0.49399038461538464 0.02283653846153846 0.055288461538461536
0 0.8389423076923077 0.3137019230769231 0.020432692307692308 0.028846153846153848
0 0.7704326923076923 0.3173076923076923 0.016826923076923076 0.028846153846153848
0 0.7512019230769231 0.32091346153846156 0.018028846153846152 0.026442307692307692
0 0.6983173076923077 0.33413461538461536 0.019230769230769232 0.02403846153846154
0 0.828125 0.5048076923076923 0.014423076923076924 0.030048076923076924
0 0.2283653846153846 0.5997596153846154 0.03125 0.051682692307692304
0 0.33774038461538464 0.5793269230769231 0.03485576923076923 0.052884615384615384
0 0.4266826923076923 0.5384615384615384 0.02283653846153846 0.038461538461538464
0 0.45072115384615385 0.5228365384615384 0.018028846153846152 0.039663461538461536
0 0.47115384615384615 0.5420673076923077 0.03365384615384615 0.054086538461538464
0 0.5588942307692307 0.5336538461538461 0.038461538461538464 0.057692307692307696
0 0.6322115384615384 0.5264423076923077 0.03365384615384615 0.054086538461538464
0 0.6274038461538461 0.31490384615384615 0.021634615384615384 0.036057692307692304
0 0.5925480769230769 0.3641826923076923 0.013221153846153846 0.02283653846153846
0 0.5637019230769231 0.33653846153846156 0.018028846153846152 0.030048076923076924
0 0.5432692307692307 0.35697115384615385 0.019230769230769232 0.03245192307692308
0 0.5060096153846154 0.3605769230769231 0.020432692307692308 0.026442307692307692
0 0.4567307692307692 0.33533653846153844 0.02403846153846154 0.036057692307692304
0 0.4387019230769231 0.35697115384615385 0.018028846153846152 0.028846153846153848
0 0.3485576923076923 0.32091346153846156 0.02403846153846154 0.040865384615384616
0 0.28125 0.390625 0.018028846153846152 0.03365384615384615
0 0.24278846153846154 0.4050480769230769 0.019230769230769232 0.03245192307692308
0 0.22716346153846154 0.36899038461538464 0.02283653846153846 0.03125
0 0.6814903846153846 0.5252403846153846 0.04326923076923077 0.07211538461538461
0 0.18870192307692307 0.5709134615384616 0.027644230769230768 0.046875
0 0.11177884615384616 0.22716346153846154 0.040865384615384616 0.0733173076923077
0 0.7896634615384616 0.5096153846153846 0.03125 0.055288461538461536
0 0.9122596153846154 0.48197115384615385 0.02403846153846154 0.052884615384615384