0 0.7932692307692307 0.44471153846153844 0.013221153846153846 0.019230769230769232
0 0.8257211538461539 0.4483173076923077 0.009615384615384616 0.019230769230769232
0 0.8497596153846154 0.45072115384615385 0.013221153846153846 0.025240384615384616
0 0.8798076923076923 0.4543269230769231 0.008413461538461538 0.014423076923076924
0 0.890625 0.47475961538461536 0.018028846153846152 0.026442307692307692
0 0.90625 0.453125 0.008413461538461538 0.019230769230769232
0 0.9194711538461539 0.4483173076923077 0.013221153846153846 0.02283653846153846
0 0.9375 0.46153846153846156 0.01201923076923077 0.021634615384615384
0 0.9579326923076923 0.4651442307692308 0.013221153846153846 0.015625
0 0.9927884615384616 0.4567307692307692 0.009615384615384616 0.015625
0 0.004807692307692308 0.4795673076923077 0.008413461538461538 0.03125
0 0.026442307692307692 0.4723557692307692 0.02403846153846154 0.03245192307692308
0 0.06490384615384616 0.4879807692307692 0.02403846153846154 0.03365384615384615
0 0.057692307692307696 0.45913461538461536 0.014423076923076924 0.02283653846153846
0 0.10697115384615384 0.5048076923076923 0.027644230769230768 0.038461538461538464
0 0.13822115384615385 0.4951923076923077 0.016826923076923076 0.026442307692307692
0 0.1778846153846154 0.4519230769230769 0.03365384615384615 0.046875
0 0.23918269230769232 0.44471153846153844 0.010817307692307692 0.014423076923076924
0 0.2608173076923077 0.42788461538461536 0.030048076923076924 0.04326923076923077
0 0.3389423076923077 0.4338942307692308 0.02403846153846154 0.039663461538461536
0 0.40384615384615385 0.4411057692307692 0.018028846153846152 0.038461538461538464
0 0.41947115384615385 0.453125 0.007211538461538462 0.014423076923076924
0 0.4543269230769231 0.4639423076923077 0.018028846153846152 0.03125
0 0.4795673076923077 0.453125 0.018028846153846152 0.028846153846153848
0 0.49278846153846156 0.44591346153846156 0.006009615384615385 0.01201923076923077
0 0.6538461538461539 0.4651442307692308 0.006009615384615385 0.01201923076923077
0 0.5949519230769231 0.4411057692307692 0.010817307692307692 0.02283653846153846
0 0.6201923076923077 0.44350961538461536 0.010817307692307692 0.020432692307692308
0 0.6105769230769231 0.5012019230769231 0.02403846153846154 0.04326923076923077
0 0.6947115384615384 0.43149038461538464 0.013221153846153846 0.02283653846153846
0 0.7524038461538461 0.46033653846153844 0.013221153846153846 0.026442307692307692
0 0.7764423076923077 0.4519230769230769 0.010817307692307692 0.021634615384615384
0 0.5649038461538461 0.4326923076923077 0.006009615384615385 0.025240384615384616
0 0.5336538461538461 0.43509615384615385 0.009615384615384616 0.026442307692307692