0 0.10697115384615384 0.11778846153846154 0.051682692307692304 0.08413461538461539
0 0.014423076923076924 0.042067307692307696 0.028846153846153848 0.04927884615384615
0 0.22596153846153846 0.234375 0.037259615384615384 0.052884615384615384
0 0.34975961538461536 0.0829326923076923 0.03245192307692308 0.05048076923076923
0 0.44591346153846156 0.203125 0.028846153846153848 0.04927884615384615
0 0.41466346153846156 0.12139423076923077 0.028846153846153848 0.04927884615384615
0 0.49038461538461536 0.10336538461538461 0.03245192307692308 0.051682692307692304
0 0.7740384615384616 0.703125 0.09014423076923077 0.06009615384615385
0 0.5552884615384616 0.07211538461538461 0.03365384615384615 0.052884615384615384
0 0.5985576923076923 0.025240384615384616 0.03365384615384615 0.05048076923076923
0 0.6298076923076923 0.21514423076923078 0.04447115384615385 0.07692307692307693
0 0.7307692307692307 0.09975961538461539 0.03365384615384615 0.055288461538461536
0 0.9603365384615384 0.13581730769230768 0.037259615384615384 0.052884615384615384
0 0.21634615384615385 0.04927884615384615 0.021634615384615384 0.037259615384615384
0 0.203125 0.09495192307692307 0.028846153846153848 0.046875
0 0.1622596153846154 0.10697115384615384 0.03125 0.05048076923076923
0 0.20552884615384615 0.140625 0.025240384615384616 0.04326923076923077
0 0.26322115384615385 0.12740384615384615 0.025240384615384616 0.04567307692307692
0 0.27884615384615385 0.08052884615384616 0.021634615384615384 0.038461538461538464
0 0.31009615384615385 0.078125 0.03365384615384615 0.051682692307692304
0 0.32572115384615385 0.03125 0.02403846153846154 0.038461538461538464
0 0.33774038461538464 0.34615384615384615 0.03485576923076923 0.051682692307692304
0 0.453125 0.09375 0.03365384615384615 0.04447115384615385
0 0.4326923076923077 0.08653846153846154 0.026442307692307692 0.052884615384615384
0 0.6526442307692307 0.09014423076923077 0.02403846153846154 0.04807692307692308
0 0.6862980769230769 0.1045673076923077 0.028846153846153848 0.046875
0 0.7079326923076923 0.08173076923076923 0.03125 0.057692307692307696
0 0.9483173076923077 0.06009615384615385 0.028846153846153848 0.052884615384615384