0 0.15745192307692307 0.10096153846153846 0.008413461538461538 0.010817307692307692
0 0.4807692307692308 0.6033653846153846 0.021634615384615384 0.03365384615384615
0 0.7235576923076923 0.5973557692307693 0.008413461538461538 0.010817307692307692
0 0.6141826923076923 0.5913461538461539 0.007211538461538462 0.009615384615384616
0 0.6598557692307693 0.5973557692307693 0.006009615384615385 0.007211538461538462
0 0.640625 0.5973557692307693 0.007211538461538462 0.008413461538461538
0 0.018028846153846152 0.8149038461538461 0.013221153846153846 0.013221153846153846
0 0.14423076923076922 0.8413461538461539 0.010817307692307692 0.010817307692307692
0 0.34375 0.8557692307692307 0.002403846153846154 0.007211538461538462
0 0.3894230769230769 0.8473557692307693 0.007211538461538462 0.008413461538461538
0 0.4699519230769231 0.8545673076923077 0.006009615384615385 0.007211538461538462
0 0.40384615384615385 0.8485576923076923 0.007211538461538462 0.007211538461538462
0 0.515625 0.8425480769230769 0.03365384615384615 0.039663461538461536
0 0.5673076923076923 0.828125 0.03125 0.03365384615384615
0 0.6286057692307693 0.828125 0.028846153846153848 0.03485576923076923
0 0.7211538461538461 0.8449519230769231 0.037259615384615384 0.040865384615384616
0 0.18269230769230768 0.10216346153846154 0.008413461538461538 0.008413461538461538
0 0.1310096153846154 0.10576923076923077 0.007211538461538462 0.007211538461538462
0 0.10697115384615384 0.10216346153846154 0.007211538461538462 0.007211538461538462
0 0.31971153846153844 0.07932692307692307 0.021634615384615384 0.030048076923076924
0 0.3545673076923077 0.08774038461538461 0.016826923076923076 0.02403846153846154
0 0.375 0.06971153846153846 0.018028846153846152 0.02403846153846154
0 0.41947115384615385 0.08052884615384616 0.02403846153846154 0.028846153846153848
0 0.44471153846153844 0.0889423076923077 0.018028846153846152 0.026442307692307692
0 0.4891826923076923 0.0733173076923077 0.013221153846153846 0.018028846153846152
0 0.5024038461538461 0.10096153846153846 0.040865384615384616 0.06370192307692307
0 0.5649038461538461 0.10336538461538461 0.020432692307692308 0.028846153846153848
0 0.6322115384615384 0.09735576923076923 0.037259615384615384 0.04567307692307692
0 0.7271634615384616 0.07692307692307693 0.056490384615384616 0.07451923076923077
0 0.25240384615384615 0.3269230769230769 0.018028846153846152 0.025240384615384616
0 0.34134615384615385 0.3004807692307692 0.028846153846153848 0.038461538461538464
0 0.3918269230769231 0.3233173076923077 0.018028846153846152 0.019230769230769232
0 0.47115384615384615 0.33052884615384615 0.027644230769230768 0.03245192307692308
0 0.5384615384615384 0.29927884615384615 0.018028846153846152 0.026442307692307692
0 0.6129807692307693 0.28846153846153844 0.019230769230769232 0.025240384615384616
0 0.6875 0.2824519230769231 0.021634615384615384 0.028846153846153848
0 0.8209134615384616 0.32572115384615385 0.008413461538461538 0.016826923076923076
0 0.8725961538461539 0.34975961538461536 0.009615384615384616 0.01201923076923077
0 0.96875 0.32091346153846156 0.013221153846153846 0.014423076923076924
0 0.15144230769230768 0.5600961538461539 0.013221153846153846 0.014423076923076924
0 0.12980769230769232 0.5661057692307693 0.007211538461538462 0.013221153846153846
0 0.17668269230769232 0.5576923076923077 0.008413461538461538 0.014423076923076924
0 0.25721153846153844 0.6177884615384616 0.026442307692307692 0.038461538461538464
0 0.3173076923076923 0.6141826923076923 0.021634615384615384 0.028846153846153848
0 0.40384615384615385 0.6045673076923077 0.02403846153846154 0.028846153846153848
0 0.7620192307692307 0.11057692307692307 0.008413461538461538 0.007211538461538462
0 0.47475961538461536 0.5865384615384616 0.018028846153846152 0.02403846153846154
0 0.6850961538461539 0.5985576923076923 0.006009615384615385 0.007211538461538462
0 0.4675480769230769 0.8449519230769231 0.007211538461538462 0.007211538461538462
0 0.2692307692307692 0.8569711538461539 0.013221153846153846 0.026442307692307692