0 0 0 0 0
0 0.24169921875 0.5735294117647058 0.0654296875 0.10441176470588236
0 0.32275390625 0.5308823529411765 0.0341796875 0.09117647058823529
0 0.302734375 0.40588235294117647 0.04296875 0.07352941176470588
0 0.4150390625 0.3735294117647059 0.0234375 0.041176470588235294
0 0.16064453125 0.4176470588235294 0.0419921875 0.06470588235294118
0 0.138671875 0.38088235294117645 0.02734375 0.051470588235294115
0 0.09912109375 0.3573529411764706 0.0166015625 0.052941176470588235
0 0.22265625 0.3514705882352941 0.03125 0.054411764705882354
0 0.33251953125 0.325 0.0146484375 0.03235294117647059
0 0.546875 0.4514705882352941 0.041015625 0.07058823529411765
0 0.60009765625 0.4102941176470588 0.0283203125 0.054411764705882354
0 0.71923828125 0.38382352941176473 0.0244140625 0.04411764705882353
0 0.7919921875 0.33676470588235297 0.01953125 0.03235294117647059
0 0.46923828125 0.2926470588235294 0.0263671875 0.04411764705882353
0 0.87890625 0.27794117647058825 0.01953125 0.03235294117647059
0 0.83447265625 0.3058823529411765 0.0205078125 0.03823529411764706
0 0.76318359375 0.2985294117647059 0.0166015625 0.03823529411764706
0 0.80029296875 0.29411764705882354 0.0205078125 0.025
0 0.703125 0.29705882352941176 0.01171875 0.023529411764705882
0 0.72802734375 0.24411764705882352 0.0107421875 0.01911764705882353
0 0.82080078125 0.2661764705882353 0.0107421875 0.016176470588235296
0 0.7744140625 0.24558823529411763 0.01171875 0.020588235294117647
0 0.85693359375 0.2676470588235294 0.0087890625 0.020588235294117647
0 0.81787109375 0.21029411764705883 0.0068359375 0.01764705882352941
0 0.806640625 0.25882352941176473 0.009765625 0.01764705882352941
0 0.86376953125 0.23823529411764705 0.0068359375 0.010294117647058823
0 0.87744140625 0.2073529411764706 0.0068359375 0.022058823529411766
0 0.52587890625 0.19558823529411765 0.0068359375 0.016176470588235296
0 0.533203125 0.20441176470588235 0.005859375 0.014705882352941176
0 0.4716796875 0.2 0.005859375 0.011764705882352941
0 0.48193359375 0.2514705882352941 0.0068359375 0.016176470588235296
0 0.19580078125 0.27941176470588236 0.0126953125 0.020588235294117647
0 0.17626953125 0.26029411764705884 0.0107421875 0.01911764705882353
0 0.21484375 0.2529411764705882 0.005859375 0.011764705882352941
0 0.09375 0.5558823529411765 0.021484375 0.06323529411764706
0 0.62744140625 0.26176470588235295 0.0107421875 0.01764705882352941
0 0.67041015625 0.3073529411764706 0.0166015625 0.033823529411764704
0 0.9873046875 0.4117647058823529 0.025390625 0.05588235294117647
0 0.87109375 0.4485294117647059 0.037109375 0.05588235294117647
0 0.7587890625 0.20441176470588235 0.009765625 0.014705882352941176
0 0.8359375 0.2 0.009765625 0.020588235294117647
0 0.9150390625 0.19852941176470587 0.01171875 0.022058823529411766
0 0.97900390625 0.19264705882352942 0.0126953125 0.022058823529411766
0 0.57958984375 0.25882352941176473 0.0126953125 0.023529411764705882
0 0.6025390625 0.25735294117647056 0.0078125 0.01911764705882353
0 0.5439453125 0.26029411764705884 0.01171875 0.01911764705882353
0 0.54541015625 0.3264705882352941 0.0322265625 0.045588235294117645
0 0.14404296875 0.31176470588235294 0.0146484375 0.026470588235294117
0 0.1923828125 0.3382352941176471 0.013671875 0.03235294117647059
0 0.154296875 0.2867647058823529 0.015625 0.023529411764705882
0 0.23193359375 0.3058823529411765 0.0224609375 0.04852941176470588