0 0 0 0 0
0 0.07275390625 0.421875 0.0126953125 0.029296875
0 0.17041015625 0.404296875 0.0107421875 0.02734375
0 0.26806640625 0.44140625 0.0126953125 0.029296875
0 0.83984375 0.439453125 0.03125 0.087890625
0 0.8740234375 0.095703125 0.0234375 0.076171875
0 0.978515625 0.185546875 0.029296875 0.087890625
0 0.763671875 0.056640625 0.029296875 0.07421875
0 0.71484375 0.080078125 0.01953125 0.0625
0 0.98779296875 0.6328125 0.0224609375 0.076171875
0 0.82763671875 0.80078125 0.0341796875 0.099609375
0 0.7021484375 0.630859375 0.03125 0.095703125