0 0 0 0 0
0 0.13134765625 0.2270363951473137 0.0224609375 0.07105719237435008
0 0.10791015625 0.09532062391681109 0.0068359375 0.02079722703639515
0 0.06591796875 0.09878682842287695 0.0048828125 0.01733102253032929
0 0.052734375 0.10571923743500866 0.005859375 0.012131715771230503
0 0.1474609375 0.08838821490467938 0.0078125 0.02079722703639515
0 0.1669921875 0.0831889081455806 0.0078125 0.025996533795493933
0 0.1962890625 0.0779896013864818 0.005859375 0.01559792027729636
0 0.22119140625 0.0779896013864818 0.0068359375 0.022530329289428077
0 0.26123046875 0.07279029462738301 0.0068359375 0.022530329289428077
0 0.24267578125 0.0779896013864818 0.0068359375 0.01733102253032929
0 0.123046875 0.09705372616984402 0.005859375 0.01559792027729636
0 0.03955078125 0.11091854419410745 0.0048828125 0.012131715771230503