0 0.6262019230769231 0.7956730769230769 0.04326923076923077 0.0829326923076923
0 0.5276442307692307 0.7463942307692307 0.040865384615384616 0.06370192307692307
0 0.5733173076923077 0.6706730769230769 0.03365384615384615 0.06370192307692307
0 0.7800480769230769 0.7512019230769231 0.039663461538461536 0.06370192307692307
0 0.8846153846153846 0.7451923076923077 0.040865384615384616 0.0625
0 0.8689903846153846 0.6129807692307693 0.039663461538461536 0.06490384615384616
0 0.7536057692307693 0.65625 0.038461538461538464 0.051682692307692304
0 0.6610576923076923 0.6490384615384616 0.028846153846153848 0.051682692307692304
0 0.671875 0.5745192307692307 0.030048076923076924 0.04927884615384615
0 0.5925480769230769 0.515625 0.019230769230769232 0.036057692307692304
0 0.6586538461538461 0.5144230769230769 0.025240384615384616 0.040865384615384616
0 0.8137019230769231 0.5456730769230769 0.028846153846153848 0.04927884615384615
0 0.734375 0.5805288461538461 0.028846153846153848 0.042067307692307696
0 0.6838942307692307 0.4543269230769231 0.02403846153846154 0.03365384615384615
0 0.6009615384615384 0.4579326923076923 0.020432692307692308 0.03365384615384615
0 0.53125 0.5504807692307693 0.019230769230769232 0.03365384615384615
0 0.46634615384615385 0.4675480769230769 0.028846153846153848 0.046875
0 0.7692307692307693 0.47475961538461536 0.02403846153846154 0.040865384615384616
0 0.37740384615384615 0.578125 0.03485576923076923 0.06490384615384616
0 0.31009615384615385 0.5072115384615384 0.026442307692307692 0.042067307692307696
0 0.11899038461538461 0.48677884615384615 0.0733173076923077 0.10096153846153846
0 0.3016826923076923 0.4050480769230769 0.018028846153846152 0.028846153846153848
0 0.3004807692307692 0.4050480769230769 0.020432692307692308 0.028846153846153848
0 0.4170673076923077 0.34134615384615385 0.02403846153846154 0.040865384615384616
0 0.4807692307692308 0.31850961538461536 0.02283653846153846 0.03365384615384615
0 0.546875 0.2764423076923077 0.020432692307692308 0.03485576923076923
0 0.59375 0.4098557692307692 0.015625 0.027644230769230768
0 0.5673076923076923 0.4567307692307692 0.016826923076923076 0.030048076923076924
0 0.27403846153846156 0.46634615384615385 0.025240384615384616 0.036057692307692304
0 0.39903846153846156 0.7271634615384616 0.026442307692307692 0.0625
0 0.21153846153846154 0.41586538461538464 0.013221153846153846 0.026442307692307692
0 0.1045673076923077 0.29086538461538464 0.019230769230769232 0.028846153846153848
0 0.10697115384615384 0.3425480769230769 0.038461538461538464 0.09014423076923077
0 0.2932692307692308 0.28365384615384615 0.010817307692307692 0.019230769230769232
0 0.24879807692307693 0.2668269230769231 0.009615384615384616 0.015625
0 0.23677884615384615 0.2800480769230769 0.008413461538461538 0.018028846153846152
0 0.6454326923076923 0.3918269230769231 0.014423076923076924 0.03485576923076923
0 0.7151442307692307 0.2512019230769231 0.009615384615384616 0.020432692307692308
0 0.6057692307692307 0.2548076923076923 0.009615384615384616 0.018028846153846152
0 0.6947115384615384 0.26322115384615385 0.008413461538461538 0.015625
0 0.4110576923076923 0.0889423076923077 0.006009615384615385 0.01201923076923077
0 0.7415865384615384 0.4266826923076923 0.02283653846153846 0.027644230769230768
0 0.008413461538461538 0.1045673076923077 0.01201923076923077 0.015625
0 0.5649038461538461 0.6129807692307693 0.02403846153846154 0.037259615384615384
0 0.6754807692307693 0.4182692307692308 0.015625 0.019230769230769232
0 0.609375 0.4254807692307692 0.010817307692307692 0.026442307692307692
0 0.5048076923076923 0.2548076923076923 0.010817307692307692 0.025240384615384616
0 0.37740384615384615 0.3701923076923077 0.014423076923076924 0.026442307692307692
0 0.3004807692307692 0.3161057692307692 0.010817307692307692 0.02403846153846154