0 0.6141826923076923 0.2848557692307692 0.01201923076923077 0.021634615384615384
0 0.6418269230769231 0.2980769230769231 0.008413461538461538 0.020432692307692308
0 0.6598557692307693 0.2980769230769231 0.008413461538461538 0.01201923076923077
0 0.6790865384615384 0.28966346153846156 0.008413461538461538 0.020432692307692308
0 0.734375 0.2980769230769231 0.008413461538461538 0.015625
0 0.7884615384615384 0.2932692307692308 0.008413461538461538 0.015625
0 0.8004807692307693 0.2764423076923077 0.010817307692307692 0.018028846153846152
0 0.3605769230769231 0.3425480769230769 0.009615384615384616 0.013221153846153846
0 0.8341346153846154 0.27524038461538464 0.009615384615384616 0.014423076923076924
0 0.8858173076923077 0.3112980769230769 0.008413461538461538 0.018028846153846152
0 0.8665865384615384 0.2956730769230769 0.007211538461538462 0.015625
0 0.9170673076923077 0.296875 0.008413461538461538 0.015625
0 0.8978365384615384 0.296875 0.008413461538461538 0.018028846153846152
0 0.90625 0.3125 0.007211538461538462 0.018028846153846152
0 0.9399038461538461 0.29086538461538464 0.010817307692307692 0.019230769230769232
0 0.9495192307692307 0.28966346153846156 0.01201923076923077 0.018028846153846152
0 0.9579326923076923 0.3016826923076923 0.010817307692307692 0.018028846153846152
0 0.890625 0.5540865384615384 0.009615384615384616 0.018028846153846152
0 0.9783653846153846 0.546875 0.008413461538461538 0.018028846153846152
0 0.9927884615384616 0.5528846153846154 0.01201923076923077 0.020432692307692308
0 0.9951923076923077 0.46033653846153844 0.007211538461538462 0.021634615384615384
0 0.39302884615384615 0.5288461538461539 0.007211538461538462 0.019230769230769232
0 0.47475961538461536 0.4723557692307692 0.010817307692307692 0.021634615384615384
0 0.4723557692307692 0.5252403846153846 0.009615384615384616 0.021634615384615384
0 0.5288461538461539 0.47115384615384615 0.013221153846153846 0.025240384615384616
0 0.4987980769230769 0.27283653846153844 0.009615384615384616 0.019230769230769232
0 0.8269230769230769 0.5492788461538461 0.008413461538461538 0.018028846153846152
0 0.7992788461538461 0.5456730769230769 0.007211538461538462 0.015625
0 0.7788461538461539 0.5408653846153846 0.009615384615384616 0.018028846153846152
0 0.7740384615384616 0.5793269230769231 0.007211538461538462 0.018028846153846152
0 0.9014423076923077 0.46875 0.008413461538461538 0.018028846153846152
0 0.9459134615384616 0.45913461538461536 0.009615384615384616 0.018028846153846152
0 0.8701923076923077 0.46634615384615385 0.008413461538461538 0.018028846153846152
0 0.8581730769230769 0.5612980769230769 0.008413461538461538 0.018028846153846152
0 0.9555288461538461 0.6274038461538461 0.009615384615384616 0.018028846153846152
0 0.4723557692307692 0.2704326923076923 0.007211538461538462 0.018028846153846152
0 0.4639423076923077 0.296875 0.008413461538461538 0.018028846153846152
0 0.44471153846153844 0.29086538461538464 0.007211538461538462 0.018028846153846152
0 0.42908653846153844 0.2764423076923077 0.009615384615384616 0.018028846153846152
0 0.39783653846153844 0.27163461538461536 0.008413461538461538 0.013221153846153846
0 0.38822115384615385 0.265625 0.008413461538461538 0.015625
0 0.3786057692307692 0.28365384615384615 0.007211538461538462 0.014423076923076924
0 0.23317307692307693 0.2920673076923077 0.008413461538461538 0.015625
0 0.24639423076923078 0.28125 0.007211538461538462 0.014423076923076924
0 0.2848557692307692 0.2860576923076923 0.009615384615384616 0.015625
0 0.3004807692307692 0.2860576923076923 0.007211538461538462 0.015625
0 0.31971153846153844 0.296875 0.008413461538461538 0.014423076923076924
0 0.20793269230769232 0.30288461538461536 0.007211538461538462 0.014423076923076924
0 0.19230769230769232 0.2764423076923077 0.007211538461538462 0.015625
0 0.03485576923076923 0.2776442307692308 0.007211538461538462 0.015625
0 0.010817307692307692 0.2848557692307692 0.007211538461538462 0.014423076923076924
0 0.10697115384615384 0.29086538461538464 0.008413461538461538 0.015625
0 0.11177884615384616 0.3269230769230769 0.007211538461538462 0.013221153846153846
0 0.09975961538461539 0.5336538461538461 0.009615384615384616 0.015625
0 0.09495192307692307 0.5012019230769231 0.009615384615384616 0.018028846153846152
0 0.05889423076923077 0.5180288461538461 0.007211538461538462 0.018028846153846152
0 0.003605769230769231 0.5 0.007211538461538462 0.018028846153846152
0 0.11899038461538461 0.5721153846153846 0.007211538461538462 0.013221153846153846
0 0.16826923076923078 0.5252403846153846 0.010817307692307692 0.019230769230769232
0 0.20192307692307693 0.4879807692307692 0.007211538461538462 0.015625
0 0.21153846153846154 0.49278846153846156 0.009615384615384616 0.019230769230769232
0 0.23317307692307693 0.5228365384615384 0.008413461538461538 0.015625
0 0.2608173076923077 0.49158653846153844 0.009615384615384616 0.015625
0 0.3125 0.5048076923076923 0.010817307692307692 0.019230769230769232
0 0.35697115384615385 0.5084134615384616 0.009615384615384616 0.018028846153846152
0 0.3581730769230769 0.5348557692307693 0.007211538461538462 0.014423076923076924
0 0.36899038461538464 0.5276442307692307 0.009615384615384616 0.020432692307692308
0 0.33052884615384615 0.5288461538461539 0.007211538461538462 0.014423076923076924
0 0.41586538461538464 0.49399038461538464 0.010817307692307692 0.020432692307692308
0 0.5853365384615384 0.5288461538461539 0.009615384615384616 0.020432692307692308
0 0.5288461538461539 0.5480769230769231 0.009615384615384616 0.018028846153846152
0 0.53125 0.5012019230769231 0.009615384615384616 0.018028846153846152
0 0.5240384615384616 0.6358173076923077 0.009615384615384616 0.018028846153846152
0 0.609375 0.5408653846153846 0.007211538461538462 0.018028846153846152
0 0.6322115384615384 0.5432692307692307 0.009615384615384616 0.015625
0 0.6778846153846154 0.5552884615384616 0.008413461538461538 0.018028846153846152
0 0.6850961538461539 0.53125 0.007211538461538462 0.018028846153846152
0 0.7295673076923077 0.5528846153846154 0.010817307692307692 0.019230769230769232