0 0 0 0 0
0 0.47900390625 0.5048828125 0.0498046875 0.06640625
0 0.88037109375 0.0419921875 0.0302734375 0.03515625
0 0.62890625 0.19140625 0.03125 0.03515625
0 0.41943359375 0.2353515625 0.0224609375 0.0224609375
0 0.298828125 0.21484375 0.025390625 0.02734375
0 0.35107421875 0.1279296875 0.0244140625 0.03125
0 0.513671875 0.1904296875 0.0234375 0.025390625
0 0.58251953125 0.1044921875 0.0263671875 0.0263671875
0 0.62890625 0.12109375 0.0234375 0.0224609375
0 0.7060546875 0.0947265625 0.02734375 0.0263671875
0 0.748046875 0.142578125 0.02734375 0.0283203125
0 0.78271484375 0.0888671875 0.0224609375 0.025390625
0 0.76611328125 0.1123046875 0.0224609375 0.02734375
0 0.80029296875 0.0693359375 0.0224609375 0.0283203125
0 0.79736328125 0.0439453125 0.0185546875 0.02734375
0 0.771484375 0.0390625 0.03125 0.0302734375
0 0.4453125 0.2763671875 0.015625 0.0146484375
0 0.76708984375 0.07421875 0.0185546875 0.021484375
0 0.79052734375 0.1123046875 0.0244140625 0.02734375