0 0.3798076923076923 0.03245192307692308 0.013221153846153846 0.040865384615384616
0 0.4050480769230769 0.04927884615384615 0.013221153846153846 0.037259615384615384
0 0.35096153846153844 0.07932692307692307 0.01201923076923077 0.037259615384615384
0 0.3425480769230769 0.02283653846153846 0.010817307692307692 0.02403846153846154
0 0.328125 0.009615384615384616 0.007211538461538462 0.018028846153846152
0 0.41947115384615385 0.09975961538461539 0.01201923076923077 0.03245192307692308
0 0.3701923076923077 0.0673076923076923 0.008413461538461538 0.03245192307692308
0 0.3545673076923077 0.051682692307692304 0.010817307692307692 0.03125
0 0.8521634615384616 0.2091346153846154 0.055288461538461536 0.16826923076923078
0 0.7632211538461539 0.33774038461538464 0.056490384615384616 0.18870192307692307
0 0.8040865384615384 0.6502403846153846 0.055288461538461536 0.16947115384615385
0 0.5264423076923077 0.6478365384615384 0.039663461538461536 0.0985576923076923
0 0.14302884615384615 0.5925480769230769 0.039663461538461536 0.1045673076923077
0 0.65625 0.24158653846153846 0.02283653846153846 0.0673076923076923
0 0.6021634615384616 0.3317307692307692 0.026442307692307692 0.07932692307692307
0 0.47596153846153844 0.43990384615384615 0.028846153846153848 0.0733173076923077
0 0.484375 0.3798076923076923 0.025240384615384616 0.052884615384615384
0 0.44471153846153844 0.38221153846153844 0.02283653846153846 0.0673076923076923
0 0.36778846153846156 0.3942307692307692 0.027644230769230768 0.07932692307692307
0 0.4182692307692308 0.23677884615384615 0.019230769230769232 0.04927884615384615
0 0.3473557692307692 0.22716346153846154 0.018028846153846152 0.06370192307692307
0 0.3293269230769231 0.18870192307692307 0.02283653846153846 0.04927884615384615
0 0.37740384615384615 0.16947115384615385 0.01201923076923077 0.046875
0 0.3942307692307692 0.17548076923076922 0.018028846153846152 0.04927884615384615
0 0.6622596153846154 0.03485576923076923 0.010817307692307692 0.028846153846153848