0 0.04927884615384615 0.2800480769230769 0.027644230769230768 0.057692307692307696
0 0.039663461538461536 0.3449519230769231 0.02283653846153846 0.046875
0 0.03125 0.4014423076923077 0.030048076923076924 0.057692307692307696
0 0.0733173076923077 0.5817307692307693 0.03365384615384615 0.06370192307692307
0 0.11298076923076923 0.44350961538461536 0.027644230769230768 0.057692307692307696
0 0.12860576923076922 0.42427884615384615 0.021634615384615384 0.04447115384615385
0 0.17668269230769232 0.41586538461538464 0.021634615384615384 0.05048076923076923
0 0.19230769230769232 0.44471153846153844 0.02283653846153846 0.046875
0 0.25240384615384615 0.39903846153846156 0.021634615384615384 0.037259615384615384
0 0.2668269230769231 0.42788461538461536 0.019230769230769232 0.055288461538461536
0 0.2932692307692308 0.40384615384615385 0.018028846153846152 0.051682692307692304
0 0.3485576923076923 0.4483173076923077 0.02403846153846154 0.06850961538461539
0 0.3605769230769231 0.38461538461538464 0.016826923076923076 0.04326923076923077
0 0.38822115384615385 0.4098557692307692 0.021634615384615384 0.04567307692307692
0 0.4338942307692308 0.42788461538461536 0.026442307692307692 0.05048076923076923
0 0.4579326923076923 0.4831730769230769 0.02283653846153846 0.051682692307692304
0 0.46153846153846156 0.36899038461538464 0.021634615384615384 0.04447115384615385
0 0.5228365384615384 0.4074519230769231 0.02283653846153846 0.046875
0 0.5288461538461539 0.4543269230769231 0.019230769230769232 0.052884615384615384
0 0.5625 0.47596153846153844 0.02283653846153846 0.051682692307692304
0 0.5997596153846154 0.4026442307692308 0.016826923076923076 0.04447115384615385
0 0.6274038461538461 0.41947115384615385 0.018028846153846152 0.052884615384615384
0 0.6646634615384616 0.4639423076923077 0.02283653846153846 0.05889423076923077
0 0.6899038461538461 0.43990384615384615 0.021634615384615384 0.055288461538461536
0 0.7367788461538461 0.375 0.02283653846153846 0.055288461538461536
0 0.734375 0.4338942307692308 0.02403846153846154 0.057692307692307696
0 0.7247596153846154 0.5853365384615384 0.028846153846153848 0.07692307692307693
0 0.8088942307692307 0.42788461538461536 0.02403846153846154 0.06129807692307692
0 0.8305288461538461 0.33653846153846156 0.021634615384615384 0.057692307692307696
0 0.8641826923076923 0.36538461538461536 0.02403846153846154 0.055288461538461536
0 0.859375 0.47716346153846156 0.02403846153846154 0.06129807692307692
0 0.8689903846153846 0.6189903846153846 0.03485576923076923 0.06971153846153846
0 0.9591346153846154 0.35216346153846156 0.03365384615384615 0.0625
0 0.7692307692307693 0.42908653846153844 0.025240384615384616 0.052884615384615384
0 0.5913461538461539 0.45072115384615385 0.02403846153846154 0.039663461538461536