0 0.37740384615384615 0.5420673076923077 0.037259615384615384 0.11778846153846154
0 0.33653846153846156 0.27283653846153844 0.030048076923076924 0.10216346153846154
0 0.2860576923076923 0.4495192307692308 0.04447115384615385 0.11658653846153846
0 0.24519230769230768 0.375 0.03365384615384615 0.11057692307692307
0 0.21153846153846154 0.30408653846153844 0.03365384615384615 0.09735576923076923
0 0.16706730769230768 0.4338942307692308 0.04447115384615385 0.12379807692307693
0 0.08413461538461539 0.4735576923076923 0.04326923076923077 0.10817307692307693
0 0.10576923076923077 0.3485576923076923 0.038461538461538464 0.09375
0 0.06971153846153846 0.27283653846153844 0.03485576923076923 0.09495192307692307
0 0.8221153846153846 0.6009615384615384 0.037259615384615384 0.10817307692307693
0 0.765625 0.3485576923076923 0.036057692307692304 0.10576923076923077
0 0.7319711538461539 0.6286057692307693 0.037259615384615384 0.09375
0 0.6358173076923077 0.5324519230769231 0.039663461538461536 0.10576923076923077
0 0.6742788461538461 0.39903846153846156 0.037259615384615384 0.11057692307692307
0 0.6189903846153846 0.25721153846153844 0.03365384615384615 0.11057692307692307
0 0.5949519230769231 0.42908653846153844 0.03365384615384615 0.10096153846153846
0 0.5492788461538461 0.4951923076923077 0.037259615384615384 0.09735576923076923
0 0.4639423076923077 0.47596153846153844 0.040865384615384616 0.11057692307692307
0 0.40024038461538464 0.4362980769230769 0.03485576923076923 0.10576923076923077
0 0.4735576923076923 0.3293269230769231 0.03485576923076923 0.10216346153846154
0 0.43149038461538464 0.2620192307692308 0.03365384615384615 0.08173076923076923
0 0.9194711538461539 0.3329326923076923 0.038461538461538464 0.1045673076923077
0 0.9278846153846154 0.6213942307692307 0.038461538461538464 0.1045673076923077