0 0.055288461538461536 0.5637019230769231 0.02403846153846154 0.07572115384615384
0 0.02403846153846154 0.5084134615384616 0.03365384615384615 0.0625
0 0.5 0.53125 0.016826923076923076 0.04447115384615385
0 0.8173076923076923 0.4026442307692308 0.013221153846153846 0.015625
0 0.734375 0.35697115384615385 0.008413461538461538 0.014423076923076924
0 0.7139423076923077 0.3004807692307692 0.007211538461538462 0.01201923076923077
0 0.8389423076923077 0.3942307692307692 0.008413461538461538 0.013221153846153846
0 0.8930288461538461 0.375 0.013221153846153846 0.019230769230769232
0 0.9110576923076923 0.36658653846153844 0.007211538461538462 0.013221153846153846
0 0.8966346153846154 0.45072115384615385 0.006009615384615385 0.019230769230769232
0 0.7067307692307693 0.30649038461538464 0.007211538461538462 0.018028846153846152
0 0.6634615384615384 0.3112980769230769 0.006009615384615385 0.014423076923076924
0 0.7572115384615384 0.4338942307692308 0.008413461538461538 0.019230769230769232
0 0.5288461538461539 0.28846153846153844 0.007211538461538462 0.014423076923076924
0 0.5192307692307693 0.2776442307692308 0.008413461538461538 0.014423076923076924
0 0.5060096153846154 0.2439903846153846 0.007211538461538462 0.018028846153846152
0 0.5552884615384616 0.25600961538461536 0.007211538461538462 0.014423076923076924
0 0.46274038461538464 0.23076923076923078 0.007211538461538462 0.019230769230769232
0 0.43149038461538464 0.22956730769230768 0.009615384615384616 0.015625
0 0.4891826923076923 0.2403846153846154 0.007211538461538462 0.015625
0 0.5168269230769231 0.24278846153846154 0.008413461538461538 0.010817307692307692
0 0.39903846153846156 0.1875 0.006009615384615385 0.010817307692307692
0 0.25721153846153844 0.16706730769230768 0.010817307692307692 0.018028846153846152
0 0.22716346153846154 0.15865384615384615 0.013221153846153846 0.013221153846153846
0 0.4266826923076923 0.20072115384615385 0.006009615384615385 0.01201923076923077
0 0.140625 0.10697115384615384 0.009615384615384616 0.013221153846153846
0 0.18269230769230768 0.1141826923076923 0.007211538461538462 0.013221153846153846
0 0.20552884615384615 0.1466346153846154 0.008413461538461538 0.014423076923076924
0 0.19831730769230768 0.12980769230769232 0.007211538461538462 0.014423076923076924
0 0.11538461538461539 0.09375 0.007211538461538462 0.014423076923076924
0 0.08413461538461539 0.078125 0.008413461538461538 0.013221153846153846
0 0.056490384615384616 0.0733173076923077 0.010817307692307692 0.014423076923076924
0 0.036057692307692304 0.06610576923076923 0.007211538461538462 0.013221153846153846
0 0.016826923076923076 0.0673076923076923 0.010817307692307692 0.015625
0 0.013221153846153846 0.04807692307692308 0.007211538461538462 0.014423076923076924
0 0.07572115384615384 0.06971153846153846 0.006009615384615385 0.013221153846153846
0 0.5180288461538461 0.16346153846153846 0.004807692307692308 0.007211538461538462
0 0.8305288461538461 0.4483173076923077 0.01201923076923077 0.02283653846153846
0 0.8365384615384616 0.36177884615384615 0.007211538461538462 0.014423076923076924
0 0.41947115384615385 0.18629807692307693 0.004807692307692308 0.010817307692307692
0 0.5204326923076923 0.18990384615384615 0.006009615384615385 0.008413461538461538
0 0.5060096153846154 0.22355769230769232 0.006009615384615385 0.008413461538461538
0 0.47716346153846156 0.2283653846153846 0.006009615384615385 0.010817307692307692
0 0.71875 0.28365384615384615 0.007211538461538462 0.013221153846153846
0 0.7115384615384616 0.2860576923076923 0.006009615384615385 0.010817307692307692
0 0.8149038461538461 0.3581730769230769 0.007211538461538462 0.018028846153846152
0 0.7788461538461539 0.32211538461538464 0.007211538461538462 0.008413461538461538
0 0.515625 0.47716346153846156 0.013221153846153846 0.03365384615384615
0 0.5360576923076923 0.25600961538461536 0.007211538461538462 0.01201923076923077
0 0.7848557692307693 0.5396634615384616 0.009615384615384616 0.025240384615384616
0 0.7836538461538461 0.34975961538461536 0.006009615384615385 0.013221153846153846
0 0.7524038461538461 0.30649038461538464 0.006009615384615385 0.010817307692307692
0 0.7295673076923077 0.3112980769230769 0.008413461538461538 0.015625
0 0.7199519230769231 0.33052884615384615 0.007211538461538462 0.014423076923076924
0 0.6370192307692307 0.30288461538461536 0.007211538461538462 0.015625
0 0.6225961538461539 0.29447115384615385 0.007211538461538462 0.014423076923076924
0 0.6875 0.33653846153846156 0.008413461538461538 0.014423076923076924
0 0.6550480769230769 0.2824519230769231 0.007211538461538462 0.015625
0 0.5889423076923077 0.2692307692307692 0.004807692307692308 0.01201923076923077
0 0.5697115384615384 0.2536057692307692 0.006009615384615385 0.013221153846153846
0 0.5552884615384616 0.28846153846153844 0.009615384615384616 0.015625
0 0.28125 0.17668269230769232 0.007211538461538462 0.014423076923076924
0 0.3016826923076923 0.16346153846153846 0.007211538461538462 0.015625
0 0.33052884615384615 0.18028846153846154 0.006009615384615385 0.014423076923076924
0 0.34375 0.19591346153846154 0.007211538461538462 0.015625
0 0.3629807692307692 0.20192307692307693 0.006009615384615385 0.015625
0 0.38822115384615385 0.21394230769230768 0.007211538461538462 0.015625
0 0.27884615384615385 0.12740384615384615 0.006009615384615385 0.008413461538461538
0 0.3173076923076923 0.13942307692307693 0.003605769230769231 0.007211538461538462
0 0.35096153846153844 0.15865384615384615 0.006009615384615385 0.010817307692307692
0 0.36778846153846156 0.16706730769230768 0.006009615384615385 0.01201923076923077
0 0.3798076923076923 0.18028846153846154 0.006009615384615385 0.010817307692307692
0 0.3449519230769231 0.6165865384615384 0.018028846153846152 0.03365384615384615