0 0 0 0 0
0 0.6748046875 0.24705882352941178 0.041015625 0.060294117647058824
0 0.50244140625 0.47205882352941175 0.0498046875 0.10588235294117647
0 0.35888671875 0.3397058823529412 0.0498046875 0.07205882352941176
0 0.109375 0.3397058823529412 0.01171875 0.01911764705882353
0 0.005859375 0.32941176470588235 0.0078125 0.01764705882352941
0 0.19775390625 0.3014705882352941 0.0126953125 0.027941176470588237
0 0.07470703125 0.32794117647058824 0.0107421875 0.016176470588235296
0 0.28076171875 0.2867647058823529 0.0107421875 0.016176470588235296
0 0.232421875 0.2691176470588235 0.009765625 0.022058823529411766
0 0.31298828125 0.27941176470588236 0.0087890625 0.01764705882352941
0 0.849609375 0.14852941176470588 0.060546875 0.10882352941176471