0 0.6610576923076923 0.3762019230769231 0.02403846153846154 0.0673076923076923
0 0.8004807692307693 0.37259615384615385 0.020432692307692308 0.054086538461538464
0 0.8569711538461539 0.3870192307692308 0.018028846153846152 0.057692307692307696
0 0.9278846153846154 0.35216346153846156 0.015625 0.037259615384615384
0 0.7403846153846154 0.390625 0.02403846153846154 0.051682692307692304
0 0.5685096153846154 0.3713942307692308 0.019230769230769232 0.05889423076923077
0 0.5877403846153846 0.3473557692307692 0.01201923076923077 0.027644230769230768
0 0.625 0.3245192307692308 0.015625 0.028846153846153848
0 0.39663461538461536 0.43509615384615385 0.028846153846153848 0.06610576923076923
0 0.25721153846153844 0.4795673076923077 0.028846153846153848 0.051682692307692304
0 0.3389423076923077 0.3894230769230769 0.018028846153846152 0.046875
0 0.3545673076923077 0.37259615384615385 0.013221153846153846 0.039663461538461536
0 0.3016826923076923 0.3557692307692308 0.013221153846153846 0.027644230769230768
0 0.22596153846153846 0.33653846153846156 0.015625 0.038461538461538464
0 0.26802884615384615 0.38100961538461536 0.013221153846153846 0.030048076923076924
0 0.27884615384615385 0.32211538461538464 0.009615384615384616 0.03485576923076923
0 0.36778846153846156 0.296875 0.010817307692307692 0.028846153846153848
0 0.3918269230769231 0.3088942307692308 0.009615384615384616 0.02403846153846154
0 0.4074519230769231 0.328125 0.013221153846153846 0.028846153846153848
0 0.3581730769230769 0.3389423076923077 0.013221153846153846 0.03245192307692308
0 0.5084134615384616 0.35697115384615385 0.018028846153846152 0.03365384615384615
0 0.4735576923076923 0.3713942307692308 0.02283653846153846 0.046875
0 0.4423076923076923 0.36778846153846156 0.015625 0.03485576923076923
0 0.2403846153846154 0.31009615384615385 0.01201923076923077 0.03365384615384615
0 0.14302884615384615 0.36658653846153844 0.018028846153846152 0.03245192307692308
0 0.11177884615384616 0.3088942307692308 0.010817307692307692 0.02283653846153846
0 0.12980769230769232 0.31850961538461536 0.009615384615384616 0.02283653846153846
0 0.08052884615384616 0.3088942307692308 0.009615384615384616 0.020432692307692308
0 0.03125 0.30528846153846156 0.01201923076923077 0.028846153846153848
0 0.19831730769230768 0.30408653846153844 0.010817307692307692 0.025240384615384616
0 0.10096153846153846 0.2860576923076923 0.007211538461538462 0.015625
0 0.3004807692307692 0.28966346153846156 0.008413461538461538 0.015625
0 0.45072115384615385 0.296875 0.008413461538461538 0.02403846153846154
0 0.6706730769230769 0.3233173076923077 0.014423076923076924 0.03365384615384615
0 0.8257211538461539 0.3713942307692308 0.013221153846153846 0.03365384615384615
0 0.43990384615384615 0.33653846153846156 0.01201923076923077 0.02283653846153846
0 0.09134615384615384 0.27524038461538464 0.004807692307692308 0.010817307692307692
0 0.41947115384615385 0.3762019230769231 0.019230769230769232 0.056490384615384616
0 0.6105769230769231 0.41346153846153844 0.016826923076923076 0.042067307692307696
0 0.5504807692307693 0.29447115384615385 0.008413461538461538 0.015625