0 0.9519230769230769 0.056490384615384616 0.021634615384615384 0.06850961538461539
0 0.6911057692307693 0.12259615384615384 0.03245192307692308 0.09375
0 0.5600961538461539 0.1658653846153846 0.028846153846153848 0.07932692307692307
0 0.6177884615384616 0.12259615384615384 0.025240384615384616 0.07091346153846154
0 0.4879807692307692 0.05889423076923077 0.026442307692307692 0.06009615384615385
0 0.5348557692307693 0.054086538461538464 0.03245192307692308 0.06370192307692307
0 0.6069711538461539 0.052884615384615384 0.028846153846153848 0.05048076923076923
0 0.796875 0.038461538461538464 0.030048076923076924 0.055288461538461536
0 0.0985576923076923 0.14302884615384615 0.038461538461538464 0.07572115384615384
0 0.16947115384615385 0.06490384615384616 0.027644230769230768 0.04567307692307692
0 0.16346153846153846 0.125 0.03245192307692308 0.06370192307692307
0 0.21995192307692307 0.07451923076923077 0.028846153846153848 0.054086538461538464
0 0.2692307692307692 0.052884615384615384 0.025240384615384616 0.04567307692307692
0 0.35336538461538464 0.06850961538461539 0.02403846153846154 0.05048076923076923
0 0.40865384615384615 0.039663461538461536 0.028846153846153848 0.06129807692307692
0 0.4423076923076923 0.0829326923076923 0.02403846153846154 0.06129807692307692
0 0.4266826923076923 0.24278846153846154 0.026442307692307692 0.06370192307692307
0 0.3016826923076923 0.04447115384615385 0.018028846153846152 0.052884615384615384
0 0.12620192307692307 0.05889423076923077 0.02283653846153846 0.06129807692307692
0 0.1045673076923077 0.06490384615384616 0.03365384615384615 0.07572115384615384
0 0.038461538461538464 0.056490384615384616 0.021634615384615384 0.055288461538461536
0 0.9098557692307693 0.34375 0.038461538461538464 0.07451923076923077
0 0.9302884615384616 0.1658653846153846 0.03245192307692308 0.09014423076923077
0 0.8341346153846154 0.12980769230769232 0.030048076923076924 0.07932692307692307
0 0.8930288461538461 0.09014423076923077 0.025240384615384616 0.07451923076923077
0 0.3329326923076923 0.2091346153846154 0.028846153846153848 0.10817307692307693
0 0.2920673076923077 0.1346153846153846 0.03365384615384615 0.07932692307692307
0 0.6634615384615384 0.03245192307692308 0.03245192307692308 0.06490384615384616