0 0.41586538461538464 0.4338942307692308 0.03365384615384615 0.12620192307692307
0 0.609375 0.5480769230769231 0.006009615384615385 0.014423076923076924
0 0.6346153846153846 0.5516826923076923 0.009615384615384616 0.014423076923076924
0 0.6237980769230769 0.5420673076923077 0.007211538461538462 0.015625
0 0.5612980769230769 0.5709134615384616 0.004807692307692308 0.01201923076923077
0 0.5336538461538461 0.5757211538461539 0.007211538461538462 0.01201923076923077
0 0.5084134615384616 0.5697115384615384 0.006009615384615385 0.013221153846153846
0 0.5132211538461539 0.5889423076923077 0.006009615384615385 0.01201923076923077
0 0.5432692307692307 0.5144230769230769 0.004807692307692308 0.008413461538461538
0 0.546875 0.53125 0.004807692307692308 0.01201923076923077
0 0.5673076923076923 0.5120192307692307 0.003605769230769231 0.01201923076923077
0 0.5096153846153846 0.5240384615384616 0.006009615384615385 0.010817307692307692
0 0.5096153846153846 0.5420673076923077 0.008413461538461538 0.013221153846153846
0 0.5216346153846154 0.5168269230769231 0.006009615384615385 0.01201923076923077
0 0.5288461538461539 0.5240384615384616 0.006009615384615385 0.008413461538461538
0 0.5036057692307693 0.5036057692307693 0.004807692307692308 0.010817307692307692
0 0.4855769230769231 0.5360576923076923 0.008413461538461538 0.01201923076923077
0 0.47596153846153844 0.53125 0.004807692307692308 0.010817307692307692
0 0.4579326923076923 0.5661057692307693 0.004807692307692308 0.01201923076923077
0 0.4807692307692308 0.5865384615384616 0.006009615384615385 0.013221153846153846
0 0.4651442307692308 0.5192307692307693 0.004807692307692308 0.01201923076923077
0 0.5588942307692307 0.4831730769230769 0.006009615384615385 0.008413461538461538
0 0.5985576923076923 0.484375 0.004807692307692308 0.007211538461538462
0 0.6069711538461539 0.4963942307692308 0.003605769230769231 0.006009615384615385
0 0.6165865384615384 0.5240384615384616 0.006009615384615385 0.01201923076923077
0 0.5721153846153846 0.5324519230769231 0.006009615384615385 0.010817307692307692
0 0.5180288461538461 0.4855769230769231 0.006009615384615385 0.010817307692307692
0 0.08173076923076923 0.6057692307692307 0.008413461538461538 0.014423076923076924
0 0.109375 0.6045673076923077 0.006009615384615385 0.018028846153846152
0 0.11778846153846154 0.5913461538461539 0.007211538461538462 0.019230769230769232
0 0.13581730769230768 0.5841346153846154 0.006009615384615385 0.013221153846153846
0 0.14783653846153846 0.6057692307692307 0.007211538461538462 0.018028846153846152
0 0.04927884615384615 0.609375 0.007211538461538462 0.014423076923076924
0 0.019230769230769232 0.609375 0.007211538461538462 0.015625
0 0.052884615384615384 0.5925480769230769 0.007211538461538462 0.014423076923076924
0 0.025240384615384616 0.5612980769230769 0.006009615384615385 0.01201923076923077
0 0.013221153846153846 0.5480769230769231 0.006009615384615385 0.013221153846153846
0 0.008413461538461538 0.5721153846153846 0.006009615384615385 0.01201923076923077
0 0.040865384615384616 0.5480769230769231 0.007211538461538462 0.015625
0 0.04447115384615385 0.5324519230769231 0.007211538461538462 0.013221153846153846
0 0.16346153846153846 0.5853365384615384 0.007211538461538462 0.013221153846153846
0 0.15264423076923078 0.5901442307692307 0.008413461538461538 0.015625
0 0.12980769230769232 0.5576923076923077 0.007211538461538462 0.01201923076923077
0 0.1466346153846154 0.5504807692307693 0.004807692307692308 0.010817307692307692
0 0.11177884615384616 0.578125 0.007211538461538462 0.018028846153846152
0 0.10697115384615384 0.5564903846153846 0.006009615384615385 0.013221153846153846
0 0.09615384615384616 0.5504807692307693 0.006009615384615385 0.01201923076923077
0 0.08774038461538461 0.5697115384615384 0.007211538461538462 0.013221153846153846
0 0.07932692307692307 0.5276442307692307 0.007211538461538462 0.010817307692307692
0 0.09975961538461539 0.5360576923076923 0.006009615384615385 0.01201923076923077
0 0.08653846153846154 0.5024038461538461 0.006009615384615385 0.013221153846153846
0 0.057692307692307696 0.515625 0.003605769230769231 0.008413461538461538
0 0.06009615384615385 0.5685096153846154 0.007211538461538462 0.015625
0 0.046875 0.5612980769230769 0.007211538461538462 0.013221153846153846
0 0.03365384615384615 0.5721153846153846 0.007211538461538462 0.014423076923076924
0 0.18389423076923078 0.5709134615384616 0.007211538461538462 0.015625
0 0.2091346153846154 0.5901442307692307 0.007211538461538462 0.013221153846153846
0 0.171875 0.5456730769230769 0.006009615384615385 0.015625
0 0.16947115384615385 0.5036057692307693 0.006009615384615385 0.010817307692307692
0 0.21514423076923078 0.5276442307692307 0.007211538461538462 0.010817307692307692
0 0.20072115384615385 0.5420673076923077 0.007211538461538462 0.013221153846153846
0 0.19110576923076922 0.5324519230769231 0.006009615384615385 0.01201923076923077
0 0.2127403846153846 0.5060096153846154 0.007211538461538462 0.014423076923076924
0 0.14543269230769232 0.5168269230769231 0.007211538461538462 0.010817307692307692
0 0.18870192307692307 0.5612980769230769 0.007211538461538462 0.014423076923076924
0 0.20192307692307693 0.5588942307692307 0.007211538461538462 0.01201923076923077
0 0.15745192307692307 0.5360576923076923 0.007211538461538462 0.014423076923076924
0 0.025240384615384616 0.53125 0.006009615384615385 0.010817307692307692
0 0.07572115384615384 0.5841346153846154 0.007211538461538462 0.010817307692307692
0 0.6550480769230769 0.4651442307692308 0.04927884615384615 0.11298076923076923
0 0.8245192307692307 0.42427884615384615 0.018028846153846152 0.04447115384615385
0 0.8774038461538461 0.6322115384615384 0.009615384615384616 0.018028846153846152
0 0.9170673076923077 0.6201923076923077 0.008413461538461538 0.019230769230769232
0 0.9098557692307693 0.6129807692307693 0.010817307692307692 0.019230769230769232
0 0.9026442307692307 0.5997596153846154 0.007211538461538462 0.018028846153846152
0 0.9086538461538461 0.5745192307692307 0.007211538461538462 0.019230769230769232
0 0.9375 0.5925480769230769 0.007211538461538462 0.018028846153846152
0 0.9447115384615384 0.6057692307692307 0.007211538461538462 0.018028846153846152
0 0.9326923076923077 0.5757211538461539 0.007211538461538462 0.015625
0 0.9435096153846154 0.5661057692307693 0.007211538461538462 0.018028846153846152
0 0.9266826923076923 0.5492788461538461 0.007211538461538462 0.013221153846153846
0 0.8990384615384616 0.5504807692307693 0.007211538461538462 0.013221153846153846
0 0.8701923076923077 0.5757211538461539 0.007211538461538462 0.01201923076923077
0 0.8858173076923077 0.49158653846153844 0.006009615384615385 0.013221153846153846
0 0.8653846153846154 0.4963942307692308 0.006009615384615385 0.010817307692307692
0 0.5865384615384616 0.6286057692307693 0.009615384615384616 0.020432692307692308
0 0.6141826923076923 0.6129807692307693 0.008413461538461538 0.019230769230769232
0 0.6394230769230769 0.6033653846153846 0.007211538461538462 0.019230769230769232
0 0.6033653846153846 0.6117788461538461 0.009615384615384616 0.018028846153846152
0 0.59375 0.5961538461538461 0.008413461538461538 0.013221153846153846
0 0.5757211538461539 0.6153846153846154 0.010817307692307692 0.018028846153846152
0 0.48197115384615385 0.6237980769230769 0.008413461538461538 0.015625
0 0.46634615384615385 0.6081730769230769 0.007211538461538462 0.019230769230769232
0 0.4735576923076923 0.5997596153846154 0.007211538461538462 0.018028846153846152
0 0.5108173076923077 0.6117788461538461 0.007211538461538462 0.014423076923076924
0 0.5901442307692307 0.5709134615384616 0.007211538461538462 0.015625
0 0.6225961538461539 0.5757211538461539 0.006009615384615385 0.01201923076923077
0 0.6454326923076923 0.5649038461538461 0.004807692307692308 0.014423076923076924
0 0.5841346153846154 0.5552884615384616 0.006009615384615385 0.013221153846153846