0 0.9699519230769231 0.3641826923076923 0.04447115384615385 0.09615384615384616
0 0.49759615384615385 0.5276442307692307 0.052884615384615384 0.11899038461538461
0 0.5973557692307693 0.4483173076923077 0.030048076923076924 0.04567307692307692
0 0.6670673076923077 0.34375 0.02403846153846154 0.036057692307692304
0 0.7848557692307693 0.4230769230769231 0.038461538461538464 0.07572115384615384
0 0.5108173076923077 0.3701923076923077 0.018028846153846152 0.03365384615384615
0 0.453125 0.38341346153846156 0.018028846153846152 0.026442307692307692
0 0.4026442307692308 0.35697115384615385 0.018028846153846152 0.025240384615384616
0 0.3557692307692308 0.3713942307692308 0.014423076923076924 0.020432692307692308
0 0.3641826923076923 0.3329326923076923 0.010817307692307692 0.015625
0 0.33533653846153844 0.33653846153846156 0.014423076923076924 0.021634615384615384
0 0.41947115384615385 0.328125 0.010817307692307692 0.016826923076923076
0 0.4483173076923077 0.31490384615384615 0.01201923076923077 0.019230769230769232
0 0.5 0.3004807692307692 0.009615384615384616 0.016826923076923076
0 0.16826923076923078 0.5637019230769231 0.030048076923076924 0.06971153846153846
0 0.25721153846153844 0.5360576923076923 0.027644230769230768 0.06610576923076923
0 0.1466346153846154 0.4699519230769231 0.025240384615384616 0.037259615384615384
0 0.16346153846153846 0.5204326923076923 0.021634615384615384 0.040865384615384616
0 0.09975961538461539 0.4543269230769231 0.02403846153846154 0.040865384615384616
0 0.04807692307692308 0.4483173076923077 0.018028846153846152 0.03245192307692308
0 0.021634615384615384 0.39663461538461536 0.018028846153846152 0.027644230769230768
0 0.07091346153846154 0.3737980769230769 0.013221153846153846 0.021634615384615384
0 0.11658653846153846 0.39302884615384615 0.009615384615384616 0.018028846153846152
0 0.15865384615384615 0.36538461538461536 0.015625 0.021634615384615384
0 0.19230769230769232 0.3401442307692308 0.013221153846153846 0.020432692307692308
0 0.46033653846153844 0.296875 0.01201923076923077 0.015625
0 0.27163461538461536 0.32211538461538464 0.007211538461538462 0.014423076923076924
0 0.6225961538461539 0.25600961538461536 0.013221153846153846 0.018028846153846152
0 0.5288461538461539 0.25841346153846156 0.007211538461538462 0.016826923076923076
0 0.48677884615384615 0.28365384615384615 0.009615384615384616 0.014423076923076924
0 0.328125 0.3016826923076923 0.01201923076923077 0.016826923076923076
0 0.7091346153846154 0.6550480769230769 0.0625 0.18028846153846154
0 0.53125 0.41346153846153844 0.020432692307692308 0.03125
0 0.5637019230769231 0.40024038461538464 0.02283653846153846 0.039663461538461536
0 0.9567307692307693 0.3137019230769231 0.038461538461538464 0.06370192307692307