0 0.12620192307692307 0.6033653846153846 0.014423076923076924 0.021634615384615384
0 0.10096153846153846 0.5817307692307693 0.009615384615384616 0.025240384615384616
0 0.025240384615384616 0.5697115384615384 0.010817307692307692 0.030048076923076924
0 0.042067307692307696 0.5540865384615384 0.015625 0.021634615384615384
0 0.06490384615384616 0.5973557692307693 0.014423076923076924 0.021634615384615384
0 0.1814903846153846 0.5817307692307693 0.014423076923076924 0.028846153846153848
0 0.21634615384615385 0.6129807692307693 0.013221153846153846 0.030048076923076924
0 0.27283653846153844 0.6262019230769231 0.014423076923076924 0.03125
0 0.28725961538461536 0.5877403846153846 0.010817307692307692 0.027644230769230768
0 0.23918269230769232 0.6057692307692307 0.014423076923076924 0.028846153846153848
0 0.36538461538461536 0.5829326923076923 0.016826923076923076 0.025240384615384616
0 0.32091346153846156 0.5877403846153846 0.013221153846153846 0.021634615384615384
0 0.46875 0.5793269230769231 0.015625 0.025240384615384616
0 0.20072115384615385 0.5528846153846154 0.013221153846153846 0.016826923076923076
0 0.4206730769230769 0.5733173076923077 0.014423076923076924 0.027644230769230768
0 0.4206730769230769 0.6057692307692307 0.013221153846153846 0.030048076923076924
0 0.15985576923076922 0.5552884615384616 0.008413461538461538 0.016826923076923076
0 0.6069711538461539 0.6165865384615384 0.014423076923076924 0.02403846153846154
0 0.6850961538461539 0.6394230769230769 0.013221153846153846 0.026442307692307692
0 0.734375 0.6334134615384616 0.015625 0.027644230769230768
0 0.5444711538461539 0.59375 0.015625 0.025240384615384616
0 0.5673076923076923 0.5949519230769231 0.013221153846153846 0.020432692307692308
0 0.5228365384615384 0.5721153846153846 0.013221153846153846 0.025240384615384616
0 0.8040865384615384 0.6129807692307693 0.01201923076923077 0.026442307692307692
0 0.8149038461538461 0.5721153846153846 0.013221153846153846 0.03245192307692308
0 0.4879807692307692 0.5961538461538461 0.015625 0.027644230769230768
0 0.9194711538461539 0.6129807692307693 0.014423076923076924 0.03125
0 0.9711538461538461 0.5997596153846154 0.01201923076923077 0.019230769230769232
0 0.921875 0.5709134615384616 0.014423076923076924 0.026442307692307692
0 0.8822115384615384 0.5685096153846154 0.015625 0.02403846153846154