0 0.24278846153846154 0.46153846153846156 0.014423076923076924 0.02283653846153846
0 0.20072115384615385 0.4338942307692308 0.013221153846153846 0.02283653846153846
0 0.18269230769230768 0.46153846153846156 0.013221153846153846 0.02403846153846154
0 0.29086538461538464 0.4579326923076923 0.004807692307692308 0.015625
0 0.46875 0.46274038461538464 0.013221153846153846 0.018028846153846152
0 0.4254807692307692 0.41586538461538464 0.007211538461538462 0.018028846153846152
0 0.5072115384615384 0.4074519230769231 0.010817307692307692 0.021634615384615384
0 0.40625 0.4699519230769231 0.013221153846153846 0.021634615384615384
0 0.3269230769230769 0.5048076923076923 0.007211538461538462 0.020432692307692308
0 0.3894230769230769 0.4987980769230769 0.007211538461538462 0.018028846153846152
0 0.41947115384615385 0.5108173076923077 0.007211538461538462 0.018028846153846152
0 0.4675480769230769 0.5144230769230769 0.007211538461538462 0.016826923076923076
0 0.5612980769230769 0.5288461538461539 0.009615384615384616 0.018028846153846152
0 0.5456730769230769 0.42788461538461536 0.010817307692307692 0.021634615384615384
0 0.6177884615384616 0.40625 0.013221153846153846 0.018028846153846152
0 0.6670673076923077 0.40024038461538464 0.008413461538461538 0.018028846153846152
0 0.7043269230769231 0.38221153846153844 0.010817307692307692 0.015625
0 0.6814903846153846 0.3737980769230769 0.008413461538461538 0.015625
0 0.6514423076923077 0.3557692307692308 0.009615384615384616 0.018028846153846152
0 0.6430288461538461 0.3858173076923077 0.009615384615384616 0.014423076923076924
0 0.5516826923076923 0.4110576923076923 0.013221153846153846 0.016826923076923076
0 0.6658653846153846 0.5228365384615384 0.007211538461538462 0.016826923076923076
0 0.6899038461538461 0.40865384615384615 0.007211538461538462 0.013221153846153846
0 0.7439903846153846 0.48197115384615385 0.004807692307692308 0.016826923076923076
0 0.8016826923076923 0.4026442307692308 0.010817307692307692 0.020432692307692308
0 0.7944711538461539 0.4254807692307692 0.010817307692307692 0.016826923076923076
0 0.7680288461538461 0.34615384615384615 0.009615384615384616 0.015625
0 0.8365384615384616 0.4723557692307692 0.009615384615384616 0.018028846153846152
0 0.8064903846153846 0.4519230769230769 0.007211538461538462 0.020432692307692308
0 0.8605769230769231 0.42427884615384615 0.007211538461538462 0.01201923076923077
0 0.9471153846153846 0.4411057692307692 0.009615384615384616 0.020432692307692308
0 0.8725961538461539 0.31850961538461536 0.007211538461538462 0.014423076923076924
0 0.6634615384615384 0.4362980769230769 0.006009615384615385 0.018028846153846152
0 0.5384615384615384 0.5216346153846154 0.009615384615384616 0.013221153846153846
0 0.8461538461538461 0.3762019230769231 0.009615384615384616 0.021634615384615384
0 0.9459134615384616 0.3233173076923077 0.006009615384615385 0.008413461538461538
0 0.7572115384615384 0.3954326923076923 0.01201923076923077 0.020432692307692308
0 0.609375 0.4362980769230769 0.008413461538461538 0.018028846153846152