0 0.8425480769230769 0.6117788461538461 0.04447115384615385 0.07451923076923077
0 0.7884615384615384 0.3485576923076923 0.03245192307692308 0.06009615384615385
0 0.8149038461538461 0.20072115384615385 0.028846153846153848 0.055288461538461536
0 0.7644230769230769 0.17427884615384615 0.026442307692307692 0.04927884615384615
0 0.7115384615384616 0.20552884615384615 0.027644230769230768 0.057692307692307696
0 0.6826923076923077 0.35096153846153844 0.030048076923076924 0.057692307692307696
0 0.6358173076923077 0.17668269230769232 0.025240384615384616 0.046875
0 0.5961538461538461 0.1935096153846154 0.027644230769230768 0.051682692307692304
0 0.546875 0.171875 0.027644230769230768 0.04927884615384615
0 0.5757211538461539 0.36778846153846156 0.03125 0.06009615384615385
0 0.4795673076923077 0.3449519230769231 0.028846153846153848 0.06129807692307692
0 0.5 0.20793269230769232 0.027644230769230768 0.04807692307692308
0 0.45552884615384615 0.1502403846153846 0.026442307692307692 0.040865384615384616
0 0.34975961538461536 0.3425480769230769 0.03365384615384615 0.0673076923076923
0 0.39302884615384615 0.1935096153846154 0.025240384615384616 0.042067307692307696
0 0.35096153846153844 0.17908653846153846 0.02403846153846154 0.04807692307692308
0 0.3016826923076923 0.1971153846153846 0.028846153846153848 0.054086538461538464
0 0.25721153846153844 0.18629807692307693 0.026442307692307692 0.04927884615384615
0 0.22115384615384615 0.1971153846153846 0.027644230769230768 0.055288461538461536
0 0.22115384615384615 0.36778846153846156 0.03365384615384615 0.06850961538461539
0 0.11899038461538461 0.1875 0.028846153846153848 0.054086538461538464
0 0.11298076923076923 0.5985576923076923 0.04927884615384615 0.07451923076923077