0 0.47596153846153844 0.3858173076923077 0.0625 0.055288461538461536
0 0.49038461538461536 0.3317307692307692 0.04326923076923077 0.040865384615384616
0 0.5480769230769231 0.3485576923076923 0.03365384615384615 0.030048076923076924
0 0.6610576923076923 0.33533653846153844 0.04927884615384615 0.040865384615384616
0 0.8233173076923077 0.34134615384615385 0.03245192307692308 0.03485576923076923
0 0.8882211538461539 0.3425480769230769 0.026442307692307692 0.038461538461538464
0 0.8197115384615384 0.1201923076923077 0.036057692307692304 0.03125
0 0.7331730769230769 0.12740384615384615 0.038461538461538464 0.037259615384615384
0 0.5829326923076923 0.04326923076923077 0.042067307692307696 0.03245192307692308
0 0.10216346153846154 0.41947115384615385 0.051682692307692304 0.038461538461538464
0 0.22235576923076922 0.3449519230769231 0.052884615384615384 0.04447115384615385
0 0.13221153846153846 0.3317307692307692 0.04927884615384615 0.04447115384615385
0 0.03125 0.33052884615384615 0.04807692307692308 0.04447115384615385
0 0.1201923076923077 0.2704326923076923 0.05048076923076923 0.038461538461538464
0 0.15384615384615385 0.24278846153846154 0.04927884615384615 0.038461538461538464
0 0.2692307692307692 0.24879807692307693 0.04326923076923077 0.037259615384615384
0 0.3762019230769231 0.21875 0.038461538461538464 0.039663461538461536
0 0.4963942307692308 0.21875 0.039663461538461536 0.03245192307692308
0 0.21394230769230768 0.15745192307692307 0.04567307692307692 0.036057692307692304
0 0.0673076923076923 0.15264423076923078 0.037259615384615384 0.028846153846153848
0 0.015625 0.15144230769230768 0.028846153846153848 0.039663461538461536
0 0.1346153846153846 0.07932692307692307 0.028846153846153848 0.03365384615384615
0 0.06610576923076923 0.06850961538461539 0.038461538461538464 0.03365384615384615
0 0.019230769230769232 0.06971153846153846 0.02403846153846154 0.028846153846153848
0 0.026442307692307692 0.4963942307692308 0.05048076923076923 0.04927884615384615
0 0.29927884615384615 0.41225961538461536 0.038461538461538464 0.03245192307692308