0 0.8762019230769231 0.11899038461538461 0.028846153846153848 0.0673076923076923
0 0.8064903846153846 0.13221153846153846 0.028846153846153848 0.0673076923076923
0 0.7295673076923077 0.1502403846153846 0.027644230769230768 0.07091346153846154
0 0.6754807692307693 0.13701923076923078 0.030048076923076924 0.0733173076923077
0 0.609375 0.16466346153846154 0.028846153846153848 0.06370192307692307
0 0.8341346153846154 0.39903846153846156 0.028846153846153848 0.0673076923076923
0 0.8942307692307693 0.34375 0.030048076923076924 0.07451923076923077
0 0.6129807692307693 0.39302884615384615 0.028846153846153848 0.06971153846153846
0 0.3858173076923077 0.2247596153846154 0.028846153846153848 0.06971153846153846
0 0.41466346153846156 0.18629807692307693 0.03245192307692308 0.07692307692307693
0 0.47716346153846156 0.24639423076923078 0.028846153846153848 0.06610576923076923
0 0.5300480769230769 0.21754807692307693 0.028846153846153848 0.07091346153846154
0 0.28725961538461536 0.17908653846153846 0.028846153846153848 0.0673076923076923
0 0.20793269230769232 0.2536057692307692 0.030048076923076924 0.0625
0 0.2620192307692308 0.4098557692307692 0.028846153846153848 0.0733173076923077
0 0.3581730769230769 0.41346153846153844 0.030048076923076924 0.06971153846153846
0 0.4423076923076923 0.3894230769230769 0.03245192307692308 0.078125
0 0.21033653846153846 0.453125 0.030048076923076924 0.0733173076923077
0 0.16346153846153846 0.17307692307692307 0.028846153846153848 0.06610576923076923
0 0.11538461538461539 0.21033653846153846 0.03245192307692308 0.06971153846153846
0 0.11298076923076923 0.38341346153846156 0.03245192307692308 0.0625
0 0.6766826923076923 0.5673076923076923 0.030048076923076924 0.0733173076923077
0 0.6105769230769231 0.7055288461538461 0.028846153846153848 0.0733173076923077