0 0.48197115384615385 0.734375 0.09134615384615384 0.1045673076923077
0 0.4951923076923077 0.234375 0.06850961538461539 0.14423076923076922
0 0.34615384615384615 0.38461538461538464 0.07211538461538461 0.14903846153846154
0 0.7740384615384616 0.28966346153846156 0.037259615384615384 0.0625
0 0.9026442307692307 0.25961538461538464 0.037259615384615384 0.0733173076923077
0 0.6141826923076923 0.28725961538461536 0.03365384615384615 0.0733173076923077
0 0.6550480769230769 0.1346153846153846 0.03125 0.07451923076923077
0 0.2512019230769231 0.22235576923076922 0.042067307692307696 0.09375
0 0.2608173076923077 0.11298076923076923 0.03365384615384615 0.078125
0 0.4423076923076923 0.12860576923076922 0.027644230769230768 0.0673076923076923
0 0.7463942307692307 0.140625 0.02403846153846154 0.06009615384615385
0 0.8076923076923077 0.03485576923076923 0.03485576923076923 0.054086538461538464
0 0.7163461538461539 0.030048076923076924 0.028846153846153848 0.046875
0 0.5985576923076923 0.03125 0.030048076923076924 0.06009615384615385
0 0.12740384615384615 0.2668269230769231 0.037259615384615384 0.06971153846153846
0 0.17067307692307693 0.2548076923076923 0.027644230769230768 0.055288461538461536
0 0.3545673076923077 0.021634615384615384 0.03485576923076923 0.04326923076923077
0 0.23677884615384615 0.027644230769230768 0.03245192307692308 0.054086538461538464
0 0.12139423076923077 0.0625 0.027644230769230768 0.06971153846153846
0 0.019230769230769232 0.030048076923076924 0.03365384615384615 0.055288461538461536
0 0.008413461538461538 0.23798076923076922 0.014423076923076924 0.09375
0 0.48677884615384615 0.03245192307692308 0.03125 0.051682692307692304
0 0.8978365384615384 0.18870192307692307 0.027644230769230768 0.04326923076923077