0 0 0 0 0
0 0.8212890625 0.3885630498533724 0.041015625 0.06451612903225806
0 0.69287109375 0.2829912023460411 0.0400390625 0.06598240469208211
0 0.76318359375 0.21407624633431085 0.0380859375 0.07624633431085044
0 0.6025390625 0.187683284457478 0.033203125 0.08357771260997067
0 0.44677734375 0.20674486803519063 0.0380859375 0.0747800586510264
0 0.5771484375 0.2653958944281525 0.04296875 0.05571847507331378
0 0.31787109375 0.1744868035190616 0.0439453125 0.06598240469208211
0 0.99267578125 0.19501466275659823 0.0146484375 0.0747800586510264
0 0.96923828125 0.19794721407624633 0.0302734375 0.06744868035190615
0 0.140625 0.08797653958944282 0.03515625 0.05718475073313783
0 0.0625 0.054252199413489736 0.033203125 0.0747800586510264