0 0.6081730769230769 0.16346153846153846 0.055288461538461536 0.09375
0 0.5132211538461539 0.140625 0.025240384615384616 0.036057692307692304
0 0.49759615384615385 0.08052884615384616 0.019230769230769232 0.036057692307692304
0 0.2608173076923077 0.19951923076923078 0.020432692307692308 0.051682692307692304
0 0.5048076923076923 0.2127403846153846 0.020432692307692308 0.03125
0 0.3701923076923077 0.0889423076923077 0.016826923076923076 0.03125
0 0.43149038461538464 0.14182692307692307 0.02403846153846154 0.03365384615384615
0 0.4338942307692308 0.20192307692307693 0.025240384615384616 0.03125
0 0.3798076923076923 0.12980769230769232 0.018028846153846152 0.038461538461538464
0 0.2920673076923077 0.07091346153846154 0.02403846153846154 0.04326923076923077
0 0.4014423076923077 0.027644230769230768 0.016826923076923076 0.036057692307692304
0 0.359375 0.2247596153846154 0.02283653846153846 0.036057692307692304
0 0.1875 0.25600961538461536 0.02403846153846154 0.05048076923076923
0 0.14903846153846154 0.2620192307692308 0.02403846153846154 0.046875
0 0.07211538461538461 0.27403846153846156 0.028846153846153848 0.04927884615384615
0 0.22596153846153846 0.12860576923076922 0.02283653846153846 0.042067307692307696
0 0.24278846153846154 0.0625 0.020432692307692308 0.042067307692307696
0 0.14783653846153846 0.12740384615384615 0.025240384615384616 0.051682692307692304
0 0.06971153846153846 0.14903846153846154 0.019230769230769232 0.037259615384615384
0 0.046875 0.07211538461538461 0.02283653846153846 0.036057692307692304
0 0.13701923076923078 0.07451923076923077 0.021634615384615384 0.027644230769230768
0 0.43028846153846156 0.027644230769230768 0.018028846153846152 0.036057692307692304
0 0.6442307692307693 0.09014423076923077 0.018028846153846152 0.03365384615384615
0 0.20673076923076922 0.06971153846153846 0.020432692307692308 0.039663461538461536
0 0.31850961538461536 0.06971153846153846 0.020432692307692308 0.037259615384615384
0 0.45552884615384615 0.2403846153846154 0.02283653846153846 0.026442307692307692
0 0.036057692307692304 0.013221153846153846 0.020432692307692308 0.020432692307692308
0 0.9290865384615384 0.25240384615384615 0.018028846153846152 0.038461538461538464
0 0.9783653846153846 0.2548076923076923 0.019230769230769232 0.03365384615384615
0 0.8425480769230769 0.25600961538461536 0.018028846153846152 0.036057692307692304
0 0.765625 0.09375 0.016826923076923076 0.036057692307692304
0 0.9134615384615384 0.1466346153846154 0.015625 0.025240384615384616
0 0.9567307692307693 0.18870192307692307 0.019230769230769232 0.039663461538461536
0 0.9435096153846154 0.15144230769230768 0.018028846153846152 0.037259615384615384
0 0.9507211538461539 0.09975961538461539 0.019230769230769232 0.036057692307692304
0 0.8185096153846154 0.14903846153846154 0.018028846153846152 0.030048076923076924
0 0.9014423076923077 0.19591346153846154 0.018028846153846152 0.03245192307692308
0 0.8641826923076923 0.04447115384615385 0.020432692307692308 0.036057692307692304
0 0.8545673076923077 0.09975961538461539 0.020432692307692308 0.027644230769230768
0 0.9242788461538461 0.038461538461538464 0.009615384615384616 0.03365384615384615
0 0.9723557692307693 0.04326923076923077 0.013221153846153846 0.03125
0 0.7836538461538461 0.09014423076923077 0.018028846153846152 0.027644230769230768
0 0.4170673076923077 0.10096153846153846 0.018028846153846152 0.03125
0 0.7788461538461539 0.15504807692307693 0.015625 0.025240384615384616
0 0.8137019230769231 0.10697115384615384 0.013221153846153846 0.025240384615384616
0 0.796875 0.27163461538461536 0.020432692307692308 0.03365384615384615