0 0.4951923076923077 0.6213942307692307 0.028846153846153848 0.04567307692307692
0 0.33413461538461536 0.46033653846153844 0.02283653846153846 0.039663461538461536
0 0.051682692307692304 0.2439903846153846 0.018028846153846152 0.028846153846153848
0 0.10817307692307693 0.16346153846153846 0.020432692307692308 0.03245192307692308
0 0.036057692307692304 0.06370192307692307 0.02403846153846154 0.040865384615384616
0 0.013221153846153846 0.17427884615384615 0.019230769230769232 0.04567307692307692
0 0.30288461538461536 0.12379807692307693 0.02283653846153846 0.042067307692307696
0 0.07091346153846154 0.04927884615384615 0.025240384615384616 0.03485576923076923
0 0.13221153846153846 0.05048076923076923 0.02403846153846154 0.02283653846153846
0 0.359375 0.11057692307692307 0.02403846153846154 0.04326923076923077
0 0.4230769230769231 0.1045673076923077 0.025240384615384616 0.040865384615384616
0 0.49038461538461536 0.10216346153846154 0.021634615384615384 0.040865384615384616
0 0.5600961538461539 0.07692307692307693 0.025240384615384616 0.038461538461538464
0 0.5961538461538461 0.06850961538461539 0.021634615384615384 0.03485576923076923
0 0.18389423076923078 0.036057692307692304 0.02403846153846154 0.025240384615384616
0 0.65625 0.06610576923076923 0.021634615384615384 0.037259615384615384
0 0.734375 0.06129807692307692 0.020432692307692308 0.040865384615384616
0 0.36538461538461536 0.019230769230769232 0.02283653846153846 0.030048076923076924
0 0.2439903846153846 0.04326923076923077 0.025240384615384616 0.036057692307692304
0 0.7992788461538461 0.04326923076923077 0.020432692307692308 0.030048076923076924
0 0.8545673076923077 0.020432692307692308 0.021634615384615384 0.03245192307692308
0 0.9038461538461539 0.015625 0.020432692307692308 0.026442307692307692
0 0.9038461538461539 0.3161057692307692 0.018028846153846152 0.030048076923076924
0 0.21634615384615385 0.13341346153846154 0.025240384615384616 0.04567307692307692
0 0.171875 0.12379807692307693 0.028846153846153848 0.04567307692307692
0 0.15865384615384615 0.042067307692307696 0.018028846153846152 0.026442307692307692