0 0.9411057692307693 0.3762019230769231 0.027644230769230768 0.05048076923076923
0 0.8353365384615384 0.3473557692307692 0.03485576923076923 0.06370192307692307
0 0.8894230769230769 0.5913461538461539 0.038461538461538464 0.06610576923076923
0 0.7740384615384616 0.5564903846153846 0.036057692307692304 0.057692307692307696
0 0.75 0.36177884615384615 0.030048076923076924 0.057692307692307696
0 0.6935096153846154 0.3942307692307692 0.03125 0.04567307692307692
0 0.625 0.41466346153846156 0.03365384615384615 0.052884615384615384
0 0.671875 0.5697115384615384 0.03365384615384615 0.057692307692307696
0 0.5661057692307693 0.53125 0.03365384615384615 0.06490384615384616
0 0.5661057692307693 0.4050480769230769 0.03245192307692308 0.052884615384615384
0 0.5516826923076923 0.3245192307692308 0.03245192307692308 0.05048076923076923
0 0.6778846153846154 0.30288461538461536 0.013221153846153846 0.019230769230769232
0 0.6322115384615384 0.30408653846153844 0.014423076923076924 0.021634615384615384
0 0.7235576923076923 0.3076923076923077 0.013221153846153846 0.030048076923076924
0 0.921875 0.2668269230769231 0.013221153846153846 0.021634615384615384
0 0.47716346153846156 0.5240384615384616 0.03485576923076923 0.056490384615384616
0 0.4423076923076923 0.3798076923076923 0.030048076923076924 0.05048076923076923
0 0.3786057692307692 0.5216346153846154 0.03365384615384615 0.06370192307692307
0 0.34134615384615385 0.39903846153846156 0.03245192307692308 0.0625
0 0.35697115384615385 0.37259615384615385 0.025240384615384616 0.05048076923076923
0 0.265625 0.2980769230769231 0.028846153846153848 0.0625
0 0.23798076923076922 0.33653846153846156 0.038461538461538464 0.06370192307692307
0 0.26322115384615385 0.5576923076923077 0.03245192307692308 0.06490384615384616
0 0.29447115384615385 0.5336538461538461 0.028846153846153848 0.06850961538461539
0 0.109375 0.2956730769230769 0.028846153846153848 0.06370192307692307
0 0.9110576923076923 0.13221153846153846 0.01201923076923077 0.02283653846153846
0 0.9326923076923077 0.1045673076923077 0.01201923076923077 0.018028846153846152
0 0.984375 0.08052884615384616 0.013221153846153846 0.027644230769230768
0 0.9639423076923077 0.05048076923076923 0.013221153846153846 0.025240384615384616
0 0.9038461538461539 0.04567307692307692 0.010817307692307692 0.019230769230769232
0 0.9074519230769231 0.02283653846153846 0.010817307692307692 0.021634615384615384
0 0.8798076923076923 0.10336538461538461 0.013221153846153846 0.021634615384615384
0 0.8737980769230769 0.21634615384615385 0.013221153846153846 0.025240384615384616
0 0.8209134615384616 0.20793269230769232 0.013221153846153846 0.016826923076923076
0 0.7920673076923077 0.2403846153846154 0.013221153846153846 0.028846153846153848
0 0.7776442307692307 0.20192307692307693 0.016826923076923076 0.025240384615384616
0 0.7764423076923077 0.08774038461538461 0.010817307692307692 0.019230769230769232
0 0.8185096153846154 0.0733173076923077 0.013221153846153846 0.019230769230769232
0 0.8233173076923077 0.051682692307692304 0.013221153846153846 0.019230769230769232
0 0.7584134615384616 0.04447115384615385 0.013221153846153846 0.02283653846153846
0 0.71875 0.109375 0.013221153846153846 0.021634615384615384
0 0.7295673076923077 0.1935096153846154 0.014423076923076924 0.027644230769230768
0 0.6947115384615384 0.1935096153846154 0.013221153846153846 0.025240384615384616
0 0.6923076923076923 0.2439903846153846 0.013221153846153846 0.028846153846153848
0 0.7247596153846154 0.22115384615384615 0.014423076923076924 0.028846153846153848
0 0.8557692307692307 0.24639423076923078 0.015625 0.030048076923076924
0 0.9567307692307693 0.22716346153846154 0.013221153846153846 0.021634615384615384
0 0.9675480769230769 0.27884615384615385 0.013221153846153846 0.021634615384615384
0 0.9375 0.20432692307692307 0.01201923076923077 0.02283653846153846
0 0.6911057692307693 0.05048076923076923 0.009615384615384616 0.019230769230769232
0 0.6634615384615384 0.10336538461538461 0.014423076923076924 0.025240384615384616
0 0.5721153846153846 0.15504807692307693 0.013221153846153846 0.025240384615384616
0 0.6177884615384616 0.09975961538461539 0.013221153846153846 0.021634615384615384
0 0.5516826923076923 0.05048076923076923 0.010817307692307692 0.019230769230769232
0 0.4963942307692308 0.046875 0.010817307692307692 0.016826923076923076
0 0.44591346153846156 0.036057692307692304 0.01201923076923077 0.021634615384615384
0 0.41346153846153844 0.06850961538461539 0.01201923076923077 0.021634615384615384
0 0.46153846153846156 0.1814903846153846 0.013221153846153846 0.025240384615384616
0 0.5072115384615384 0.18509615384615385 0.014423076923076924 0.02283653846153846
0 0.5336538461538461 0.18509615384615385 0.013221153846153846 0.021634615384615384
0 0.5372596153846154 0.23677884615384615 0.013221153846153846 0.02403846153846154
0 0.5721153846153846 0.21033653846153846 0.013221153846153846 0.02283653846153846
0 0.6165865384615384 0.21995192307692307 0.013221153846153846 0.02283653846153846
0 0.6346153846153846 0.2283653846153846 0.013221153846153846 0.027644230769230768
0 0.4651442307692308 0.109375 0.013221153846153846 0.02403846153846154
0 0.43990384615384615 0.15865384615384615 0.01201923076923077 0.019230769230769232
0 0.4206730769230769 0.18389423076923078 0.014423076923076924 0.02403846153846154
0 0.43028846153846156 0.21394230769230768 0.013221153846153846 0.02403846153846154
0 0.4795673076923077 0.24639423076923078 0.015625 0.021634615384615384
0 0.6610576923076923 0.018028846153846152 0.013221153846153846 0.018028846153846152
0 0.375 0.21394230769230768 0.015625 0.025240384615384616
0 0.5180288461538461 0.08052884615384616 0.010817307692307692 0.019230769230769232
0 0.5108173076923077 0.010817307692307692 0.01201923076923077 0.016826923076923076
0 0.5733173076923077 0.016826923076923076 0.013221153846153846 0.019230769230769232
0 0.5901442307692307 0.009615384615384616 0.010817307692307692 0.01201923076923077
0 0.6153846153846154 0.009615384615384616 0.01201923076923077 0.015625
0 0.359375 0.04807692307692308 0.010817307692307692 0.016826923076923076
0 0.3389423076923077 0.056490384615384616 0.010817307692307692 0.018028846153846152
0 0.30528846153846156 0.040865384615384616 0.01201923076923077 0.018028846153846152
0 0.29927884615384615 0.1346153846153846 0.014423076923076924 0.021634615384615384
0 0.36778846153846156 0.17067307692307693 0.013221153846153846 0.021634615384615384
0 0.32211538461538464 0.16826923076923078 0.010817307692307692 0.016826923076923076
0 0.3329326923076923 0.2283653846153846 0.013221153846153846 0.027644230769230768
0 0.3004807692307692 0.22235576923076922 0.014423076923076924 0.02283653846153846
0 0.2704326923076923 0.21394230769230768 0.010817307692307692 0.018028846153846152
0 0.17668269230769232 0.09254807692307693 0.013221153846153846 0.02283653846153846
0 0.22956730769230768 0.13341346153846154 0.013221153846153846 0.025240384615384616
0 0.11899038461538461 0.13221153846153846 0.013221153846153846 0.021634615384615384
0 0.026442307692307692 0.16826923076923078 0.013221153846153846 0.021634615384615384
0 0.055288461538461536 0.0733173076923077 0.013221153846153846 0.016826923076923076
0 0.24759615384615385 0.21514423076923078 0.014423076923076924 0.027644230769230768
0 0.21634615384615385 0.20793269230769232 0.013221153846153846 0.015625
0 0.109375 0.07451923076923077 0.013221153846153846 0.019230769230769232
0 0.09615384615384616 0.07091346153846154 0.01201923076923077 0.019230769230769232