0 0.7668269230769231 0.7247596153846154 0.016826923076923076 0.02283653846153846
0 0.5576923076923077 0.3233173076923077 0.007211538461538462 0.018028846153846152
0 0.5444711538461539 0.34375 0.009615384615384616 0.021634615384615384
0 0.53125 0.3762019230769231 0.01201923076923077 0.02283653846153846
0 0.4639423076923077 0.38461538461538464 0.010817307692307692 0.018028846153846152
0 0.46274038461538464 0.2848557692307692 0.009615384615384616 0.020432692307692308
0 0.4254807692307692 0.31009615384615385 0.010817307692307692 0.018028846153846152
0 0.38100961538461536 0.3629807692307692 0.010817307692307692 0.02283653846153846
0 0.3473557692307692 0.3762019230769231 0.01201923076923077 0.021634615384615384
0 0.32091346153846156 0.35697115384615385 0.010817307692307692 0.021634615384615384
0 0.3449519230769231 0.4110576923076923 0.010817307692307692 0.019230769230769232
0 0.20552884615384615 0.3581730769230769 0.009615384615384616 0.021634615384615384
0 0.2704326923076923 0.4807692307692308 0.013221153846153846 0.021634615384615384
0 0.2283653846153846 0.45913461538461536 0.010817307692307692 0.018028846153846152
0 0.20552884615384615 0.4987980769230769 0.013221153846153846 0.025240384615384616
0 0.32211538461538464 0.4951923076923077 0.013221153846153846 0.021634615384615384
0 0.3233173076923077 0.5264423076923077 0.008413461538461538 0.025240384615384616
0 0.32091346153846156 0.6105769230769231 0.010817307692307692 0.025240384615384616
0 0.055288461538461536 0.49399038461538464 0.01201923076923077 0.026442307692307692
0 0.7620192307692307 0.1346153846153846 0.008413461538461538 0.015625
0 0.7848557692307693 0.12980769230769232 0.007211538461538462 0.019230769230769232
0 0.734375 0.11538461538461539 0.008413461538461538 0.015625
0 0.7055288461538461 0.12860576923076922 0.007211538461538462 0.01201923076923077
0 0.7091346153846154 0.07451923076923077 0.009615384615384616 0.015625
0 0.75 0.07692307692307693 0.008413461538461538 0.015625
0 0.8197115384615384 0.1201923076923077 0.007211538461538462 0.020432692307692308
0 0.7752403846153846 0.07932692307692307 0.010817307692307692 0.015625
0 0.6826923076923077 0.08653846153846154 0.008413461538461538 0.014423076923076924
0 0.8497596153846154 0.1466346153846154 0.009615384615384616 0.014423076923076924
0 0.8425480769230769 0.052884615384615384 0.008413461538461538 0.01201923076923077
0 0.8197115384615384 0.018028846153846152 0.009615384615384616 0.013221153846153846
0 0.7415865384615384 0.04326923076923077 0.008413461538461538 0.014423076923076924
0 0.8786057692307693 0.140625 0.009615384615384616 0.015625
0 0.8942307692307693 0.06129807692307692 0.008413461538461538 0.014423076923076924
0 0.9483173076923077 0.14423076923076922 0.009615384615384616 0.015625
0 0.18509615384615385 0.08533653846153846 0.006009615384615385 0.014423076923076924
0 0.36177884615384615 0.06129807692307692 0.010817307692307692 0.019230769230769232
0 0.028846153846153848 0.08173076923076923 0.007211538461538462 0.02283653846153846
0 0.26322115384615385 0.09254807692307693 0.007211538461538462 0.008413461538461538
0 0.23798076923076922 0.0733173076923077 0.007211538461538462 0.015625
0 0.037259615384615384 0.03485576923076923 0.010817307692307692 0.013221153846153846
0 0.43990384615384615 0.11899038461538461 0.01201923076923077 0.015625
0 0.43509615384615385 0.020432692307692308 0.013221153846153846 0.019230769230769232
0 0.4879807692307692 0.08173076923076923 0.008413461538461538 0.014423076923076924
0 0.5204326923076923 0.054086538461538464 0.008413461538461538 0.018028846153846152
0 0.5492788461538461 0.07692307692307693 0.01201923076923077 0.018028846153846152
0 0.5949519230769231 0.11298076923076923 0.010817307692307692 0.020432692307692308
0 0.6213942307692307 0.11057692307692307 0.007211538461538462 0.013221153846153846
0 0.6141826923076923 0.0625 0.010817307692307692 0.014423076923076924
0 0.5973557692307693 0.03485576923076923 0.009615384615384616 0.015625
0 0.3016826923076923 0.03365384615384615 0.010817307692307692 0.015625
0 0.33653846153846156 0.019230769230769232 0.009615384615384616 0.020432692307692308
0 0.9290865384615384 0.007211538461538462 0.007211538461538462 0.013221153846153846
0 0.9615384615384616 0.015625 0.009615384615384616 0.014423076923076924
0 0.9963942307692307 0.028846153846153848 0.004807692307692308 0.015625
0 0.8641826923076923 0.11538461538461539 0.008413461538461538 0.015625
0 0.328125 0.06490384615384616 0.007211538461538462 0.013221153846153846
0 0.6514423076923077 0.10697115384615384 0.009615384615384616 0.015625
0 0.6634615384615384 0.0673076923076923 0.009615384615384616 0.015625
0 0.6358173076923077 0.06610576923076923 0.004807692307692308 0.010817307692307692
0 0.054086538461538464 0.08173076923076923 0.007211538461538462 0.014423076923076924
0 0.21514423076923078 0.06009615384615385 0.007211538461538462 0.018028846153846152
0 0.009615384615384616 0.07572115384615384 0.009615384615384616 0.020432692307692308