0 0.5540865384615384 0.4110576923076923 0.03125 0.06009615384615385
0 0.6141826923076923 0.21634615384615385 0.020432692307692308 0.036057692307692304
0 0.546875 0.2668269230769231 0.014423076923076924 0.039663461538461536
0 0.5673076923076923 0.20673076923076922 0.016826923076923076 0.03125
0 0.47716346153846156 0.17668269230769232 0.020432692307692308 0.03245192307692308
0 0.39903846153846156 0.17548076923076922 0.018028846153846152 0.038461538461538464
0 0.3762019230769231 0.4543269230769231 0.038461538461538464 0.06971153846153846
0 0.33653846153846156 0.21634615384615385 0.018028846153846152 0.03485576923076923
0 0.3317307692307692 0.14903846153846154 0.015625 0.036057692307692304
0 0.3581730769230769 0.125 0.016826923076923076 0.030048076923076924
0 0.41225961538461536 0.0625 0.018028846153846152 0.04447115384615385
0 0.46033653846153844 0.04326923076923077 0.015625 0.03125
0 0.30528846153846156 0.11658653846153846 0.015625 0.036057692307692304
0 0.25841346153846156 0.10096153846153846 0.018028846153846152 0.03485576923076923
0 0.22115384615384615 0.12259615384615384 0.020432692307692308 0.036057692307692304
0 0.16826923076923078 0.16466346153846154 0.016826923076923076 0.036057692307692304
0 0.10697115384615384 0.16947115384615385 0.018028846153846152 0.036057692307692304
0 0.07572115384615384 0.18389423076923078 0.019230769230769232 0.036057692307692304
0 0.03245192307692308 0.171875 0.020432692307692308 0.042067307692307696
0 0.018028846153846152 0.09735576923076923 0.018028846153846152 0.046875
0 0.09375 0.02283653846153846 0.016826923076923076 0.036057692307692304
0 0.13822115384615385 0.039663461538461536 0.013221153846153846 0.03245192307692308
0 0.1622596153846154 0.0673076923076923 0.01201923076923077 0.027644230769230768
0 0.640625 0.21875 0.014423076923076924 0.038461538461538464
0 0.7283653846153846 0.2536057692307692 0.013221153846153846 0.030048076923076924
0 0.7728365384615384 0.28966346153846156 0.015625 0.039663461538461536
0 0.7139423076923077 0.06009615384615385 0.014423076923076924 0.03485576923076923
0 0.6742788461538461 0.057692307692307696 0.014423076923076924 0.027644230769230768
0 0.4951923076923077 0.055288461538461536 0.01201923076923077 0.03125
0 0.5228365384615384 0.30528846153846156 0.018028846153846152 0.036057692307692304
0 0.8725961538461539 0.13341346153846154 0.013221153846153846 0.030048076923076924
0 0.8569711538461539 0.21995192307692307 0.013221153846153846 0.02403846153846154
0 0.8882211538461539 0.30649038461538464 0.013221153846153846 0.027644230769230768
0 0.9146634615384616 0.2860576923076923 0.01201923076923077 0.02283653846153846
0 0.8245192307692307 0.296875 0.013221153846153846 0.03125
0 0.8173076923076923 0.21995192307692307 0.014423076923076924 0.027644230769230768
0 0.9338942307692307 0.14903846153846154 0.010817307692307692 0.02403846153846154