0 0.051682692307692304 0.35096153846153844 0.026442307692307692 0.04447115384615385
0 0.11177884615384616 0.33413461538461536 0.02403846153846154 0.040865384615384616
0 0.12139423076923077 0.34134615384615385 0.016826923076923076 0.03365384615384615
0 0.171875 0.31850961538461536 0.015625 0.030048076923076924
0 0.20192307692307693 0.36538461538461536 0.021634615384615384 0.039663461538461536
0 0.2692307692307692 0.3329326923076923 0.019230769230769232 0.037259615384615384
0 0.34375 0.3389423076923077 0.014423076923076924 0.03125
0 0.2932692307692308 0.328125 0.01201923076923077 0.021634615384615384
0 0.010817307692307692 0.30649038461538464 0.007211538461538462 0.01201923076923077
0 0.018028846153846152 0.3329326923076923 0.007211538461538462 0.018028846153846152
0 0.002403846153846154 0.31490384615384615 0.004807692307692308 0.015625
0 0.5084134615384616 0.3701923076923077 0.020432692307692308 0.037259615384615384
0 0.5492788461538461 0.16105769230769232 0.014423076923076924 0.025240384615384616
0 0.6826923076923077 0.12379807692307693 0.02283653846153846 0.038461538461538464
0 0.8353365384615384 0.19110576923076922 0.026442307692307692 0.046875
0 0.16706730769230768 0.25600961538461536 0.008413461538461538 0.010817307692307692
0 0.22596153846153846 0.25 0.007211538461538462 0.01201923076923077
0 0.19591346153846154 0.25240384615384615 0.007211538461538462 0.014423076923076924
0 0.38822115384615385 0.24278846153846154 0.007211538461538462 0.014423076923076924
0 0.43028846153846156 0.23677884615384615 0.007211538461538462 0.013221153846153846
0 0.16706730769230768 0.2403846153846154 0.007211538461538462 0.01201923076923077
0 0.33533653846153844 0.25240384615384615 0.004807692307692308 0.010817307692307692
0 0.9423076923076923 0.171875 0.03125 0.051682692307692304
0 0.875 0.09735576923076923 0.018028846153846152 0.039663461538461536
0 0.9735576923076923 0.07692307692307693 0.02403846153846154 0.039663461538461536
0 0.28966346153846156 0.25 0.006009615384615385 0.008413461538461538
0 0.7560096153846154 0.19831730769230768 0.019230769230769232 0.03245192307692308