0 0.027644230769230768 0.051682692307692304 0.014423076923076924 0.021634615384615384
0 0.037259615384615384 0.025240384615384616 0.013221153846153846 0.021634615384615384
0 0.008413461538461538 0.010817307692307692 0.013221153846153846 0.021634615384615384
0 0.1201923076923077 0.1502403846153846 0.02283653846153846 0.037259615384615384
0 0.08774038461538461 0.12139423076923077 0.02283653846153846 0.057692307692307696
0 0.19110576923076922 0.1346153846153846 0.021634615384615384 0.03365384615384615
0 0.23557692307692307 0.12139423076923077 0.021634615384615384 0.039663461538461536
0 0.2932692307692308 0.1310096153846154 0.021634615384615384 0.04326923076923077
0 0.3786057692307692 0.11177884615384616 0.02283653846153846 0.039663461538461536
0 0.4483173076923077 0.14302884615384615 0.018028846153846152 0.038461538461538464
0 0.43990384615384615 0.10216346153846154 0.021634615384615384 0.04326923076923077
0 0.4879807692307692 0.11899038461538461 0.020432692307692308 0.037259615384615384
0 0.5372596153846154 0.1346153846153846 0.019230769230769232 0.03245192307692308
0 0.5733173076923077 0.12139423076923077 0.02403846153846154 0.05048076923076923
0 0.5841346153846154 0.08653846153846154 0.018028846153846152 0.04447115384615385
0 0.5144230769230769 0.07091346153846154 0.013221153846153846 0.02403846153846154
0 0.38822115384615385 0.007211538461538462 0.01201923076923077 0.014423076923076924
0 0.625 0.11538461538461539 0.02283653846153846 0.05048076923076923
0 0.6490384615384616 0.11177884615384616 0.021634615384615384 0.051682692307692304
0 0.6862980769230769 0.125 0.021634615384615384 0.04447115384615385
0 0.7115384615384616 0.12139423076923077 0.021634615384615384 0.04567307692307692
0 0.7271634615384616 0.09254807692307693 0.009615384615384616 0.020432692307692308
0 0.6694711538461539 0.05048076923076923 0.007211538461538462 0.013221153846153846
0 0.7007211538461539 0.02403846153846154 0.009615384615384616 0.019230769230769232
0 0.7259615384615384 0.04807692307692308 0.008413461538461538 0.018028846153846152
0 0.7524038461538461 0.07572115384615384 0.02403846153846154 0.04326923076923077
0 0.78125 0.04326923076923077 0.010817307692307692 0.020432692307692308
0 0.7848557692307693 0.0985576923076923 0.014423076923076924 0.027644230769230768
0 0.8040865384615384 0.1045673076923077 0.02283653846153846 0.040865384615384616
0 0.8569711538461539 0.09975961538461539 0.01201923076923077 0.02403846153846154
0 0.8653846153846154 0.07932692307692307 0.009615384615384616 0.014423076923076924
0 0.8774038461538461 0.11298076923076923 0.025240384615384616 0.046875
0 0.8954326923076923 0.1045673076923077 0.020432692307692308 0.039663461538461536
0 0.9254807692307693 0.10576923076923077 0.03245192307692308 0.06370192307692307
0 0.9639423076923077 0.0889423076923077 0.02283653846153846 0.04447115384615385
0 0.9387019230769231 0.08052884615384616 0.02403846153846154 0.04807692307692308
0 0.7536057692307693 0.039663461538461536 0.007211538461538462 0.01201923076923077