0 0.1935096153846154 0.6947115384615384 0.018028846153846152 0.03245192307692308
0 0.27163461538461536 0.7932692307692307 0.015625 0.028846153846153848
0 0.3076923076923077 0.6911057692307693 0.020432692307692308 0.028846153846153848
0 0.3173076923076923 0.6262019230769231 0.018028846153846152 0.026442307692307692
0 0.039663461538461536 0.8173076923076923 0.020432692307692308 0.03125
0 0.42908653846153844 0.8473557692307693 0.018028846153846152 0.036057692307692304
0 0.4206730769230769 0.7283653846153846 0.018028846153846152 0.026442307692307692
0 0.35096153846153844 0.6658653846153846 0.015625 0.025240384615384616
0 0.42427884615384615 0.609375 0.014423076923076924 0.03125
0 0.265625 0.6358173076923077 0.018028846153846152 0.016826923076923076
0 0.4206730769230769 0.5805288461538461 0.018028846153846152 0.025240384615384616
0 0.46875 0.47716346153846156 0.010817307692307692 0.016826923076923076
0 0.33533653846153844 0.5012019230769231 0.01201923076923077 0.016826923076923076
0 0.34134615384615385 0.4723557692307692 0.008413461538461538 0.020432692307692308
0 0.6526442307692307 0.6995192307692307 0.018028846153846152 0.03125
0 0.7980769230769231 0.453125 0.013221153846153846 0.020432692307692308
0 0.7728365384615384 0.42908653846153844 0.009615384615384616 0.016826923076923076
0 0.8521634615384616 0.5072115384615384 0.013221153846153846 0.020432692307692308
0 0.7836538461538461 0.5036057692307693 0.01201923076923077 0.020432692307692308
0 0.8725961538461539 0.4182692307692308 0.010817307692307692 0.019230769230769232
0 0.7884615384615384 0.3701923076923077 0.007211538461538462 0.015625
0 0.8605769230769231 0.3737980769230769 0.010817307692307692 0.016826923076923076
0 0.7932692307692307 0.34134615384615385 0.008413461538461538 0.018028846153846152
0 0.7608173076923077 0.28125 0.006009615384615385 0.010817307692307692
0 0.7680288461538461 0.29927884615384615 0.007211538461538462 0.01201923076923077
0 0.7836538461538461 0.2403846153846154 0.003605769230769231 0.008413461538461538
0 0.7584134615384616 0.24639423076923078 0.006009615384615385 0.009615384615384616
0 0.375 0.45552884615384615 0.008413461538461538 0.019230769230769232
0 0.43990384615384615 0.2704326923076923 0.006009615384615385 0.010817307692307692
0 0.41346153846153844 0.2512019230769231 0.006009615384615385 0.010817307692307692
0 0.42427884615384615 0.24639423076923078 0.006009615384615385 0.008413461538461538
0 0.44350961538461536 0.24519230769230768 0.006009615384615385 0.009615384615384616
0 0.5096153846153846 0.26322115384615385 0.006009615384615385 0.009615384615384616
0 0.47836538461538464 0.27524038461538464 0.007211538461538462 0.01201923076923077
0 0.5108173076923077 0.22716346153846154 0.004807692307692308 0.008413461538461538
0 0.12259615384615384 0.3870192307692308 0.004807692307692308 0.009615384615384616
0 0.7572115384615384 0.20192307692307693 0.004807692307692308 0.010817307692307692
0 0.7920673076923077 0.40384615384615385 0.008413461538461538 0.014423076923076924
0 0.5360576923076923 0.22956730769230768 0.004807692307692308 0.009615384615384616
0 0.4951923076923077 0.22716346153846154 0.004807692307692308 0.008413461538461538
0 0.47475961538461536 0.2403846153846154 0.006009615384615385 0.009615384615384616
0 0.48197115384615385 0.234375 0.006009615384615385 0.008413461538461538
0 0.5288461538461539 0.2127403846153846 0.006009615384615385 0.008413461538461538
0 0.24879807692307693 0.6935096153846154 0.018028846153846152 0.03245192307692308
0 0.30528846153846156 0.5745192307692307 0.013221153846153846 0.025240384615384616
0 0.14423076923076922 0.38341346153846156 0.004807692307692308 0.007211538461538462
0 0.41346153846153844 0.45552884615384615 0.009615384615384616 0.014423076923076924
0 0.5132211538461539 0.27403846153846156 0.007211538461538462 0.009615384615384616
0 0.5240384615384616 0.23076923076923078 0.004807692307692308 0.007211538461538462
0 0.48677884615384615 0.24278846153846154 0.004807692307692308 0.007211538461538462
0 0.5420673076923077 0.21875 0.004807692307692308 0.008413461538461538
0 0.5480769230769231 0.1778846153846154 0.004807692307692308 0.008413461538461538