0 0.20552884615384615 0.22956730769230768 0.025240384615384616 0.09735576923076923
0 0.2608173076923077 0.18389423076923078 0.02403846153846154 0.09495192307692307
0 0.31850961538461536 0.1201923076923077 0.026442307692307692 0.10096153846153846
0 0.3485576923076923 0.21875 0.02403846153846154 0.0829326923076923
0 0.3942307692307692 0.1466346153846154 0.027644230769230768 0.08653846153846154
0 0.4423076923076923 0.19230769230769232 0.02403846153846154 0.08653846153846154
0 0.46634615384615385 0.15745192307692307 0.020432692307692308 0.06850961538461539
0 0.4855769230769231 0.171875 0.018028846153846152 0.06370192307692307
0 0.5240384615384616 0.15264423076923078 0.02403846153846154 0.09495192307692307
0 0.5805288461538461 0.140625 0.02283653846153846 0.0829326923076923
0 0.6322115384615384 0.15504807692307693 0.025240384615384616 0.0889423076923077
0 0.6634615384615384 0.15745192307692307 0.02403846153846154 0.0889423076923077
0 0.7728365384615384 0.17548076923076922 0.02403846153846154 0.09735576923076923
0 0.8016826923076923 0.10576923076923077 0.02283653846153846 0.0889423076923077
0 0.9266826923076923 0.12980769230769232 0.02283653846153846 0.0889423076923077
0 0.9495192307692307 0.1346153846153846 0.018028846153846152 0.07451923076923077
0 0.07692307692307693 0.4050480769230769 0.026442307692307692 0.09254807692307693
0 0.020432692307692308 0.18629807692307693 0.02403846153846154 0.0889423076923077
0 0.06129807692307692 0.2644230769230769 0.02403846153846154 0.0829326923076923
0 0.13341346153846154 0.16947115384615385 0.02283653846153846 0.07451923076923077
0 0.16105769230769232 0.21514423076923078 0.02403846153846154 0.09495192307692307
0 0.1814903846153846 0.16947115384615385 0.02283653846153846 0.0829326923076923