0 0.11177884615384616 0.2512019230769231 0.025240384615384616 0.051682692307692304
0 0.18629807692307693 0.2439903846153846 0.026442307692307692 0.052884615384615384
0 0.265625 0.27163461538461536 0.016826923076923076 0.028846153846153848
0 0.2776442307692308 0.33653846153846156 0.025240384615384616 0.05048076923076923
0 0.22115384615384615 0.33774038461538464 0.027644230769230768 0.057692307692307696
0 0.1622596153846154 0.3762019230769231 0.037259615384615384 0.078125
0 0.15625 0.47115384615384615 0.03125 0.07091346153846154
0 0.31971153846153844 0.23677884615384615 0.015625 0.03365384615384615
0 0.41947115384615385 0.26802884615384615 0.025240384615384616 0.07091346153846154
0 0.5 0.46033653846153844 0.027644230769230768 0.055288461538461536
0 0.5180288461538461 0.3233173076923077 0.021634615384615384 0.040865384615384616
0 0.5456730769230769 0.36778846153846156 0.02403846153846154 0.040865384615384616
0 0.6454326923076923 0.31009615384615385 0.013221153846153846 0.026442307692307692
0 0.6274038461538461 0.33052884615384615 0.015625 0.028846153846153848
0 0.5817307692307693 0.33774038461538464 0.015625 0.038461538461538464
0 0.6189903846153846 0.41947115384615385 0.021634615384615384 0.04447115384615385
0 0.6430288461538461 0.4951923076923077 0.02283653846153846 0.051682692307692304
0 0.7211538461538461 0.34975961538461536 0.007211538461538462 0.02403846153846154
0 0.7512019230769231 0.3762019230769231 0.013221153846153846 0.03125
0 0.734375 0.5 0.02403846153846154 0.052884615384615384
0 0.42427884615384615 0.8100961538461539 0.028846153846153848 0.06370192307692307
0 0.5024038461538461 0.7680288461538461 0.030048076923076924 0.06009615384615385
0 0.6394230769230769 0.7896634615384616 0.030048076923076924 0.06610576923076923
0 0.7836538461538461 0.39663461538461536 0.01201923076923077 0.02403846153846154
0 0.8100961538461539 0.40625 0.009615384615384616 0.021634615384615384
0 0.8341346153846154 0.4170673076923077 0.015625 0.03245192307692308
0 0.8221153846153846 0.4362980769230769 0.014423076923076924 0.028846153846153848
0 0.7836538461538461 0.43990384615384615 0.016826923076923076 0.039663461538461536
0 0.8389423076923077 0.49759615384615385 0.021634615384615384 0.04447115384615385
0 0.8762019230769231 0.4951923076923077 0.02283653846153846 0.04447115384615385
0 0.84375 0.40865384615384615 0.009615384615384616 0.021634615384615384
0 0.8641826923076923 0.42908653846153844 0.008413461538461538 0.015625
0 0.8870192307692307 0.43028846153846156 0.014423076923076924 0.03125
0 0.7992788461538461 0.6394230769230769 0.027644230769230768 0.06009615384615385
0 0.8413461538461539 0.6057692307692307 0.02283653846153846 0.039663461538461536
0 0.9086538461538461 0.6045673076923077 0.02403846153846154 0.04567307692307692
0 0.9170673076923077 0.40625 0.009615384615384616 0.021634615384615384
0 0.9567307692307693 0.5745192307692307 0.026442307692307692 0.05048076923076923
0 0.7103365384615384 0.6129807692307693 0.028846153846153848 0.05889423076923077
0 0.8052884615384616 0.4362980769230769 0.013221153846153846 0.026442307692307692