0 0.02283653846153846 0.5949519230769231 0.014423076923076924 0.021634615384615384
0 0.04447115384615385 0.6033653846153846 0.016826923076923076 0.027644230769230768
0 0.057692307692307696 0.6009615384615384 0.013221153846153846 0.027644230769230768
0 0.07091346153846154 0.5913461538461539 0.014423076923076924 0.02403846153846154
0 0.09735576923076923 0.6141826923076923 0.013221153846153846 0.02403846153846154
0 0.14302884615384615 0.5985576923076923 0.018028846153846152 0.028846153846153848
0 0.16706730769230768 0.609375 0.016826923076923076 0.026442307692307692
0 0.14182692307692307 0.5504807692307693 0.018028846153846152 0.019230769230769232
0 0.14182692307692307 0.5012019230769231 0.01201923076923077 0.019230769230769232
0 0.20072115384615385 0.6117788461538461 0.013221153846153846 0.026442307692307692
0 0.23677884615384615 0.6177884615384616 0.018028846153846152 0.03485576923076923
0 0.21754807692307693 0.5985576923076923 0.01201923076923077 0.02403846153846154
0 0.2704326923076923 0.6081730769230769 0.010817307692307692 0.018028846153846152
0 0.27283653846153844 0.703125 0.009615384615384616 0.016826923076923076
0 0.29086538461538464 0.6033653846153846 0.015625 0.03245192307692308
0 0.3076923076923077 0.6141826923076923 0.007211538461538462 0.019230769230769232
0 0.3701923076923077 0.6201923076923077 0.013221153846153846 0.042067307692307696
0 0.3762019230769231 0.6358173076923077 0.009615384615384616 0.019230769230769232
0 0.38221153846153844 0.609375 0.009615384615384616 0.021634615384615384
0 0.4266826923076923 0.6346153846153846 0.018028846153846152 0.03125
0 0.45072115384615385 0.5997596153846154 0.018028846153846152 0.03125
0 0.47115384615384615 0.5997596153846154 0.013221153846153846 0.02403846153846154
0 0.5168269230769231 0.6105769230769231 0.020432692307692308 0.027644230769230768
0 0.5456730769230769 0.6225961538461539 0.015625 0.026442307692307692
0 0.5877403846153846 0.5877403846153846 0.010817307692307692 0.021634615384615384
0 0.6189903846153846 0.6189903846153846 0.018028846153846152 0.03365384615384615
0 0.5673076923076923 0.6346153846153846 0.02283653846153846 0.051682692307692304
0 0.6826923076923077 0.6045673076923077 0.016826923076923076 0.026442307692307692
0 0.7007211538461539 0.6033653846153846 0.015625 0.02403846153846154
0 0.6310096153846154 0.6069711538461539 0.013221153846153846 0.03485576923076923
0 0.7295673076923077 0.6117788461538461 0.016826923076923076 0.021634615384615384
0 0.7475961538461539 0.59375 0.018028846153846152 0.026442307692307692
0 0.7860576923076923 0.6069711538461539 0.009615384615384616 0.020432692307692308
0 0.8305288461538461 0.609375 0.018028846153846152 0.026442307692307692
0 0.8485576923076923 0.5985576923076923 0.013221153846153846 0.021634615384615384
0 0.8509615384615384 0.6454326923076923 0.018028846153846152 0.030048076923076924
0 0.8834134615384616 0.6490384615384616 0.014423076923076924 0.028846153846153848
0 0.8978365384615384 0.5180288461538461 0.015625 0.021634615384615384
0 0.8930288461538461 0.5733173076923077 0.016826923076923076 0.03125
0 0.9086538461538461 0.5769230769230769 0.019230769230769232 0.036057692307692304
0 0.9399038461538461 0.5817307692307693 0.020432692307692308 0.03485576923076923
0 0.9615384615384616 0.5949519230769231 0.013221153846153846 0.019230769230769232
0 0.9927884615384616 0.5973557692307693 0.01201923076923077 0.021634615384615384
0 0.90625 0.7740384615384616 0.02283653846153846 0.037259615384615384
0 0.7379807692307693 0.04447115384615385 0.018028846153846152 0.02403846153846154