0 0.13341346153846154 0.34375 0.030048076923076924 0.05889423076923077
0 0.20552884615384615 0.3425480769230769 0.028846153846153848 0.052884615384615384
0 0.2548076923076923 0.34975961538461536 0.027644230769230768 0.05048076923076923
0 0.27283653846153844 0.35336538461538464 0.020432692307692308 0.046875
0 0.30528846153846156 0.3137019230769231 0.021634615384615384 0.038461538461538464
0 0.3076923076923077 0.3557692307692308 0.025240384615384616 0.04567307692307692
0 0.3581730769230769 0.3545673076923077 0.026442307692307692 0.04567307692307692
0 0.36899038461538464 0.3233173076923077 0.021634615384615384 0.042067307692307696
0 0.4110576923076923 0.31971153846153844 0.020432692307692308 0.03485576923076923
0 0.42427884615384615 0.3701923076923077 0.02403846153846154 0.042067307692307696
0 0.4579326923076923 0.34975961538461536 0.021634615384615384 0.04567307692307692
0 0.484375 0.33533653846153844 0.016826923076923076 0.03245192307692308
0 0.4855769230769231 0.3557692307692308 0.013221153846153846 0.027644230769230768
0 0.4963942307692308 0.35336538461538464 0.013221153846153846 0.027644230769230768
0 0.4855769230769231 0.38221153846153844 0.018028846153846152 0.02403846153846154
0 0.515625 0.35697115384615385 0.016826923076923076 0.037259615384615384
0 0.5444711538461539 0.3401442307692308 0.019230769230769232 0.03365384615384615
0 0.5625 0.3293269230769231 0.014423076923076924 0.03125
0 0.39302884615384615 0.484375 0.025240384615384616 0.055288461538461536
0 0.453125 0.46033653846153844 0.02403846153846154 0.042067307692307696
0 0.5841346153846154 0.35096153846153844 0.021634615384615384 0.04447115384615385
0 0.5552884615384616 0.359375 0.013221153846153846 0.021634615384615384
0 0.6105769230769231 0.34134615384615385 0.018028846153846152 0.03485576923076923
0 0.640625 0.3401442307692308 0.020432692307692308 0.03485576923076923
0 0.5913461538461539 0.46153846153846156 0.02403846153846154 0.04567307692307692
0 0.5685096153846154 0.49278846153846156 0.020432692307692308 0.039663461538461536
0 0.6899038461538461 0.3798076923076923 0.018028846153846152 0.03125
0 0.7067307692307693 0.3858173076923077 0.016826923076923076 0.028846153846153848
0 0.7307692307692307 0.3870192307692308 0.018028846153846152 0.028846153846153848
0 0.7680288461538461 0.35336538461538464 0.018028846153846152 0.028846153846153848
0 0.7908653846153846 0.38822115384615385 0.019230769230769232 0.03125
0 0.8209134615384616 0.36658653846153844 0.019230769230769232 0.026442307692307692
0 0.7103365384615384 0.453125 0.02403846153846154 0.039663461538461536
0 0.6538461538461539 0.4543269230769231 0.020432692307692308 0.038461538461538464
0 0.8689903846153846 0.359375 0.018028846153846152 0.03365384615384615
0 0.9026442307692307 0.34134615384615385 0.020432692307692308 0.03365384615384615