0 0.234375 0.3737980769230769 0.02283653846153846 0.06129807692307692
0 0.27283653846153844 0.30528846153846156 0.025240384615384616 0.08774038461538461
0 0.3545673076923077 0.28846153846153844 0.010817307692307692 0.018028846153846152
0 0.40625 0.2692307692307692 0.01201923076923077 0.020432692307692308
0 0.4230769230769231 0.4098557692307692 0.03365384615384615 0.0829326923076923
0 0.39663461538461536 0.3004807692307692 0.01201923076923077 0.027644230769230768
0 0.4963942307692308 0.28966346153846156 0.013221153846153846 0.027644230769230768
0 0.5084134615384616 0.2920673076923077 0.013221153846153846 0.025240384615384616
0 0.5516826923076923 0.34975961538461536 0.03245192307692308 0.09615384615384616
0 0.4963942307692308 0.40625 0.03125 0.06129807692307692
0 0.5396634615384616 0.4014423076923077 0.02403846153846154 0.06490384615384616
0 0.4483173076923077 0.40865384615384615 0.026442307692307692 0.06370192307692307
0 0.6237980769230769 0.30288461538461536 0.028846153846153848 0.057692307692307696
0 0.6862980769230769 0.2824519230769231 0.026442307692307692 0.0673076923076923
0 0.6766826923076923 0.28365384615384615 0.014423076923076924 0.039663461538461536
0 0.7163461538461539 0.26322115384615385 0.013221153846153846 0.03245192307692308
0 0.7271634615384616 0.2776442307692308 0.009615384615384616 0.015625
0 0.78125 0.2608173076923077 0.036057692307692304 0.0673076923076923
0 0.8173076923076923 0.25240384615384615 0.019230769230769232 0.03245192307692308
0 0.8329326923076923 0.28725961538461536 0.014423076923076924 0.03125
0 0.8701923076923077 0.25240384615384615 0.03245192307692308 0.06009615384615385
0 0.8930288461538461 0.30408653846153844 0.03365384615384615 0.06009615384615385
0 0.9038461538461539 0.25600961538461536 0.026442307692307692 0.06009615384615385
0 0.9507211538461539 0.25721153846153844 0.02403846153846154 0.04567307692307692
0 0.9939903846153846 0.2644230769230769 0.009615384615384616 0.054086538461538464
0 0.3870192307692308 0.36899038461538464 0.018028846153846152 0.039663461538461536
0 0.375 0.40384615384615385 0.013221153846153846 0.025240384615384616