0 0.38822115384615385 0.1971153846153846 0.12139423076923077 0.10697115384615384
0 0.1875 0.21033653846153846 0.054086538461538464 0.051682692307692304
0 0.052884615384615384 0.234375 0.06129807692307692 0.055288461538461536
0 0.07572115384615384 0.1778846153846154 0.051682692307692304 0.051682692307692304
0 0.055288461538461536 0.11899038461538461 0.037259615384615384 0.042067307692307696
0 0.018028846153846152 0.11899038461538461 0.03485576923076923 0.04927884615384615
0 0.11658653846153846 0.140625 0.04326923076923077 0.046875
0 0.18870192307692307 0.13221153846153846 0.04567307692307692 0.04567307692307692
0 0.23076923076923078 0.16346153846153846 0.04447115384615385 0.039663461538461536
0 0.25600961538461536 0.20673076923076922 0.04567307692307692 0.042067307692307696
0 0.6971153846153846 0.15745192307692307 0.13701923076923078 0.12379807692307693
0 0.5480769230769231 0.15384615384615385 0.04447115384615385 0.039663461538461536
0 0.5889423076923077 0.1658653846153846 0.04447115384615385 0.04807692307692308
0 0.7427884615384616 0.25240384615384615 0.06009615384615385 0.06129807692307692
0 0.8161057692307693 0.19110576923076922 0.06009615384615385 0.05889423076923077
0 0.8822115384615384 0.1778846153846154 0.056490384615384616 0.054086538461538464
0 0.9242788461538461 0.21514423076923078 0.056490384615384616 0.04807692307692308
0 0.9771634615384616 0.24158653846153846 0.04326923076923077 0.055288461538461536
0 0.9771634615384616 0.1814903846153846 0.04447115384615385 0.055288461538461536
0 0.7475961538461539 0.1935096153846154 0.051682692307692304 0.054086538461538464