0 0.47716346153846156 0.3233173076923077 0.06129807692307692 0.12139423076923077
0 0.5733173076923077 0.3858173076923077 0.051682692307692304 0.11658653846153846
0 0.6911057692307693 0.2439903846153846 0.0625 0.12259615384615384
0 0.8209134615384616 0.2764423076923077 0.04447115384615385 0.10216346153846154
0 0.8978365384615384 0.2439903846153846 0.04326923076923077 0.08052884615384616
0 0.9723557692307693 0.30649038461538464 0.05048076923076923 0.09735576923076923
0 0.5805288461538461 0.16947115384615385 0.0625 0.125
0 0.42908653846153844 0.1778846153846154 0.06009615384615385 0.07692307692307693
0 0.33413461538461536 0.2932692307692308 0.026442307692307692 0.05048076923076923
0 0.3641826923076923 0.28846153846153844 0.020432692307692308 0.03485576923076923
0 0.27283653846153844 0.2548076923076923 0.026442307692307692 0.04567307692307692
0 0.2932692307692308 0.265625 0.018028846153846152 0.036057692307692304
0 0.22596153846153846 0.28365384615384615 0.019230769230769232 0.039663461538461536
0 0.22355769230769232 0.25240384615384615 0.015625 0.028846153846153848
0 0.171875 0.32572115384615385 0.03365384615384615 0.057692307692307696
0 0.12740384615384615 0.30649038461538464 0.028846153846153848 0.054086538461538464
0 0.10576923076923077 0.30528846153846156 0.026442307692307692 0.04807692307692308
0 0.07091346153846154 0.31971153846153844 0.027644230769230768 0.04447115384615385
0 0.03365384615384615 0.3293269230769231 0.02403846153846154 0.040865384615384616
0 0.018028846153846152 0.29086538461538464 0.028846153846153848 0.04807692307692308
0 0.0985576923076923 0.25961538461538464 0.019230769230769232 0.039663461538461536
0 0.03125 0.2668269230769231 0.018028846153846152 0.038461538461538464
0 0.06971153846153846 0.28365384615384615 0.021634615384615384 0.038461538461538464
0 0.546875 0.2548076923076923 0.021634615384615384 0.04807692307692308
0 0.7956730769230769 0.2644230769230769 0.015625 0.038461538461538464
0 0.9495192307692307 0.265625 0.02283653846153846 0.04567307692307692
0 0.3918269230769231 0.25 0.028846153846153848 0.06129807692307692
0 0.34615384615384615 0.25841346153846156 0.015625 0.027644230769230768