0 0 0 0 0
0 0.25341796875 0.26519337016574585 0.1005859375 0.1643646408839779
0 0.62646484375 0.23480662983425415 0.0224609375 0.034530386740331494
0 0.74755859375 0.24447513812154695 0.0146484375 0.034530386740331494
0 0.8876953125 0.23066298342541436 0.01953125 0.031767955801104975
0 0.9091796875 0.2361878453038674 0.013671875 0.023480662983425413
0 0.947265625 0.23480662983425415 0.015625 0.024861878453038673
0 0.6640625 0.5193370165745856 0.02734375 0.04281767955801105
0 0.64599609375 0.505524861878453 0.0166015625 0.026243093922651933
0 0.5927734375 0.4986187845303867 0.009765625 0.015193370165745856
0 0.56787109375 0.5 0.0087890625 0.013812154696132596
0 0.66650390625 0.6049723756906077 0.0185546875 0.03038674033149171
0 0.41552734375 0.4654696132596685 0.0244140625 0.04281767955801105