0 0.052884615384615384 0.6081730769230769 0.020432692307692308 0.039663461538461536
0 0.0889423076923077 0.5973557692307693 0.021634615384615384 0.039663461538461536
0 0.13942307692307693 0.5817307692307693 0.018028846153846152 0.039663461538461536
0 0.16706730769230768 0.5709134615384616 0.016826923076923076 0.03125
0 0.22956730769230768 0.5817307692307693 0.013221153846153846 0.02403846153846154
0 0.19831730769230768 0.5625 0.010817307692307692 0.02403846153846154
0 0.24759615384615385 0.546875 0.01201923076923077 0.030048076923076924
0 0.2608173076923077 0.5192307692307693 0.01201923076923077 0.030048076923076924
0 0.2704326923076923 0.5072115384615384 0.008413461538461538 0.02403846153846154
0 0.32091346153846156 0.4951923076923077 0.009615384615384616 0.02403846153846154
0 0.33533653846153844 0.4963942307692308 0.007211538461538462 0.02283653846153846
0 0.3485576923076923 0.4951923076923077 0.007211538461538462 0.02283653846153846
0 0.1778846153846154 0.5709134615384616 0.010817307692307692 0.030048076923076924
0 0.3786057692307692 0.47716346153846156 0.009615384615384616 0.020432692307692308
0 0.40625 0.4723557692307692 0.008413461538461538 0.02283653846153846
0 0.42908653846153844 0.44591346153846156 0.007211538461538462 0.019230769230769232
0 0.43990384615384615 0.4411057692307692 0.007211538461538462 0.016826923076923076
0 0.515625 0.4182692307692308 0.008413461538461538 0.016826923076923076
0 0.47115384615384615 0.42908653846153844 0.007211538461538462 0.019230769230769232
0 0.5300480769230769 0.41466346153846156 0.008413461538461538 0.019230769230769232
0 0.39903846153846156 0.4639423076923077 0.007211538461538462 0.015625
0 0.41466346153846156 0.46153846153846156 0.008413461538461538 0.019230769230769232
0 0.8822115384615384 0.3786057692307692 0.010817307692307692 0.02283653846153846
0 0.9855769230769231 0.328125 0.013221153846153846 0.030048076923076924
0 0.4807692307692308 0.4423076923076923 0.007211538461538462 0.016826923076923076