0 0.8954326923076923 0.3786057692307692 0.036057692307692304 0.06009615384615385
0 0.7427884615384616 0.44711538461538464 0.03365384615384615 0.056490384615384616
0 0.84375 0.3545673076923077 0.028846153846153848 0.04447115384615385
0 0.953125 0.2860576923076923 0.03365384615384615 0.051682692307692304
0 0.9435096153846154 0.20192307692307693 0.03245192307692308 0.052884615384615384
0 0.8617788461538461 0.17307692307692307 0.030048076923076924 0.04927884615384615
0 0.7740384615384616 0.28365384615384615 0.03125 0.04807692307692308
0 0.6538461538461539 0.2536057692307692 0.03365384615384615 0.057692307692307696
0 0.5060096153846154 0.34134615384615385 0.038461538461538464 0.06129807692307692
0 0.5516826923076923 0.22716346153846154 0.042067307692307696 0.05889423076923077
0 0.4483173076923077 0.22115384615384615 0.03365384615384615 0.052884615384615384
0 0.3293269230769231 0.36538461538461536 0.038461538461538464 0.04927884615384615
0 0.34134615384615385 0.24158653846153846 0.03125 0.04326923076923077
0 0.38822115384615385 0.1658653846153846 0.028846153846153848 0.04447115384615385
0 0.27884615384615385 0.2247596153846154 0.036057692307692304 0.052884615384615384
0 0.21033653846153846 0.21875 0.028846153846153848 0.040865384615384616
0 0.1875 0.20673076923076922 0.02403846153846154 0.042067307692307696
0 0.12259615384615384 0.3629807692307692 0.040865384615384616 0.06009615384615385
0 0.08413461538461539 0.23197115384615385 0.03245192307692308 0.051682692307692304
0 0.06009615384615385 0.1971153846153846 0.02403846153846154 0.040865384615384616
0 0.03125 0.13822115384615385 0.030048076923076924 0.04807692307692308
0 0.140625 0.13581730769230768 0.028846153846153848 0.046875
0 0.1045673076923077 0.11057692307692307 0.025240384615384616 0.04326923076923077
0 0.18028846153846154 0.10697115384615384 0.025240384615384616 0.04807692307692308
0 0.2127403846153846 0.12980769230769232 0.028846153846153848 0.04326923076923077
0 0.2704326923076923 0.1622596153846154 0.027644230769230768 0.051682692307692304
0 0.3329326923076923 0.13341346153846154 0.030048076923076924 0.042067307692307696
0 0.3713942307692308 0.09134615384615384 0.03365384615384615 0.04807692307692308
0 0.4651442307692308 0.13701923076923078 0.028846153846153848 0.04326923076923077
0 0.4362980769230769 0.11057692307692307 0.026442307692307692 0.04807692307692308
0 0.38822115384615385 0.037259615384615384 0.027644230769230768 0.039663461538461536
0 0.36899038461538464 0.03245192307692308 0.025240384615384616 0.036057692307692304
0 0.32091346153846156 0.020432692307692308 0.03125 0.036057692307692304
0 0.203125 0.02283653846153846 0.026442307692307692 0.04326923076923077
0 0.13581730769230768 0.037259615384615384 0.03125 0.046875
0 0.2608173076923077 0.12980769230769232 0.02283653846153846 0.038461538461538464
0 0.65625 0.18870192307692307 0.03365384615384615 0.04807692307692308
0 0.7163461538461539 0.18990384615384615 0.030048076923076924 0.04447115384615385
0 0.7247596153846154 0.10336538461538461 0.030048076923076924 0.04326923076923077
0 0.6887019230769231 0.08533653846153846 0.027644230769230768 0.046875
0 0.6045673076923077 0.1201923076923077 0.03245192307692308 0.04447115384615385
0 0.6322115384615384 0.04927884615384615 0.025240384615384616 0.04567307692307692
0 0.6826923076923077 0.037259615384615384 0.03245192307692308 0.046875
0 0.5673076923076923 0.037259615384615384 0.03365384615384615 0.04927884615384615
0 0.4987980769230769 0.06129807692307692 0.03125 0.04567307692307692
0 0.453125 0.02283653846153846 0.026442307692307692 0.03485576923076923
0 0.7920673076923077 0.14182692307692307 0.026442307692307692 0.042067307692307696
0 0.796875 0.05889423076923077 0.026442307692307692 0.040865384615384616
0 0.90625 0.0829326923076923 0.02403846153846154 0.038461538461538464
0 0.9483173076923077 0.09735576923076923 0.026442307692307692 0.036057692307692304
0 0.9555288461538461 0.14182692307692307 0.02403846153846154 0.042067307692307696
0 0.9110576923076923 0.009615384615384616 0.030048076923076924 0.018028846153846152
0 0.8822115384615384 0.014423076923076924 0.020432692307692308 0.028846153846153848
0 0.7788461538461539 0.038461538461538464 0.025240384615384616 0.040865384615384616
0 0.2439903846153846 0.10576923076923077 0.03125 0.051682692307692304
0 0.0733173076923077 0.4014423076923077 0.026442307692307692 0.04567307692307692
0 0.9663461538461539 0.42788461538461536 0.03245192307692308 0.04927884615384615
0 0.2776442307692308 0.10576923076923077 0.02403846153846154 0.04326923076923077
0 0.8942307692307693 0.08173076923076923 0.02283653846153846 0.051682692307692304
0 0.765625 0.038461538461538464 0.02403846153846154 0.046875