0 0.02283653846153846 0.12980769230769232 0.04447115384615385 0.09134615384615384
0 0.06129807692307692 0.08052884615384616 0.055288461538461536 0.06490384615384616
0 0.04927884615384615 0.17908653846153846 0.06009615384615385 0.06850961538461539
0 0.109375 0.14302884615384615 0.042067307692307696 0.038461538461538464
0 0.1778846153846154 0.16947115384615385 0.06370192307692307 0.05889423076923077
0 0.15384615384615385 0.1310096153846154 0.037259615384615384 0.030048076923076924
0 0.2247596153846154 0.14423076923076922 0.06009615384615385 0.056490384615384616
0 0.2764423076923077 0.15625 0.04326923076923077 0.04326923076923077
0 0.296875 0.14182692307692307 0.036057692307692304 0.04567307692307692
0 0.36658653846153844 0.15745192307692307 0.028846153846153848 0.028846153846153848
0 0.37259615384615385 0.21634615384615385 0.04447115384615385 0.038461538461538464
0 0.3942307692307692 0.17548076923076922 0.01201923076923077 0.010817307692307692
0 0.6177884615384616 0.25961538461538464 0.037259615384615384 0.03485576923076923
0 0.7211538461538461 0.1201923076923077 0.037259615384615384 0.037259615384615384
0 0.7199519230769231 0.14302884615384615 0.03125 0.042067307692307696
0 0.7548076923076923 0.13341346153846154 0.04326923076923077 0.04927884615384615
0 0.7872596153846154 0.15865384615384615 0.04567307692307692 0.051682692307692304
0 0.8822115384615384 0.18990384615384615 0.06370192307692307 0.057692307692307696
0 0.8701923076923077 0.15745192307692307 0.051682692307692304 0.04567307692307692
0 0.8365384615384616 0.10336538461538461 0.046875 0.04447115384615385
0 0.9050480769230769 0.08774038461538461 0.06009615384615385 0.051682692307692304
0 0.9867788461538461 0.08052884615384616 0.025240384615384616 0.09014423076923077
0 0.5360576923076923 0.1971153846153846 0.013221153846153846 0.013221153846153846
0 0.5252403846153846 0.1971153846153846 0.013221153846153846 0.013221153846153846