0 0.11057692307692307 0.14783653846153846 0.013221153846153846 0.028846153846153848
0 0.07451923076923077 0.22115384615384615 0.015625 0.03485576923076923
0 0.037259615384615384 0.25 0.013221153846153846 0.028846153846153848
0 0.025240384615384616 0.21033653846153846 0.013221153846153846 0.03245192307692308
0 0.10336538461538461 0.25 0.013221153846153846 0.026442307692307692
0 0.109375 0.23076923076923078 0.010817307692307692 0.02283653846153846
0 0.1346153846153846 0.22355769230769232 0.01201923076923077 0.027644230769230768
0 0.13822115384615385 0.26322115384615385 0.013221153846153846 0.026442307692307692
0 0.15985576923076922 0.23076923076923078 0.013221153846153846 0.021634615384615384
0 0.16105769230769232 0.1502403846153846 0.01201923076923077 0.03245192307692308
0 0.16466346153846154 0.05889423076923077 0.013221153846153846 0.028846153846153848
0 0.007211538461538462 0 0.015625 0
0 0.12139423076923077 0.019230769230769232 0.013221153846153846 0.025240384615384616
0 0.15865384615384615 0.026442307692307692 0.013221153846153846 0.02283653846153846
0 0.17668269230769232 0.026442307692307692 0.013221153846153846 0.028846153846153848
0 0.203125 0.06490384615384616 0.010817307692307692 0.025240384615384616
0 0.390625 0.040865384615384616 0.007211538461538462 0.019230769230769232
0 0.38341346153846156 0.10697115384615384 0.013221153846153846 0.03125
0 0.35697115384615385 0.08774038461538461 0.007211538461538462 0.020432692307692308
0 0.3557692307692308 0.109375 0.009615384615384616 0.021634615384615384
0 0.32572115384615385 0.13221153846153846 0.01201923076923077 0.03245192307692308
0 0.3125 0.1502403846153846 0.010817307692307692 0.026442307692307692
0 0.34375 0.1502403846153846 0.013221153846153846 0.025240384615384616
0 0.38461538461538464 0.171875 0.009615384615384616 0.019230769230769232
0 0.39903846153846156 0.16947115384615385 0.010817307692307692 0.026442307692307692
0 0.22355769230769232 0.027644230769230768 0.014423076923076924 0.026442307692307692
0 0.22355769230769232 0.09975961538461539 0.01201923076923077 0.026442307692307692
0 0.15865384615384615 0.3137019230769231 0.01201923076923077 0.03365384615384615
0 0.12980769230769232 0.3401442307692308 0.010817307692307692 0.027644230769230768
0 0.26322115384615385 0.28365384615384615 0.01201923076923077 0.028846153846153848
0 0.25 0.051682692307692304 0.013221153846153846 0.025240384615384616
0 0.2403846153846154 0.06850961538461539 0.01201923076923077 0.019230769230769232
0 0.24158653846153846 0.12980769230769232 0.01201923076923077 0.019230769230769232
0 0.27403846153846156 0.14182692307692307 0.009615384615384616 0.02283653846153846
0 0.29086538461538464 0.07211538461538461 0.013221153846153846 0.028846153846153848
0 0.28846153846153844 0.12139423076923077 0.009615384615384616 0.021634615384615384
0 0.328125 0.09134615384615384 0.01201923076923077 0.02283653846153846
0 0.2956730769230769 0.039663461538461536 0.008413461538461538 0.014423076923076924
0 0.3293269230769231 0.04927884615384615 0.009615384615384616 0.02283653846153846
0 0.3605769230769231 0.05889423076923077 0.007211538461538462 0.026442307692307692
0 0.4170673076923077 0.15504807692307693 0.013221153846153846 0.027644230769230768
0 0.421875 0.17307692307692307 0.013221153846153846 0.025240384615384616
0 0.4170673076923077 0.22956730769230768 0.013221153846153846 0.026442307692307692
0 0.4375 0.22235576923076922 0.01201923076923077 0.025240384615384616
0 0.4579326923076923 0.203125 0.010817307692307692 0.026442307692307692
0 0.46153846153846156 0.1875 0.008413461538461538 0.021634615384615384
0 0.484375 0.19591346153846154 0.015625 0.02283653846153846
0 0.5084134615384616 0.1658653846153846 0.010817307692307692 0.020432692307692308
0 0.5420673076923077 0.15985576923076922 0.013221153846153846 0.021634615384615384
0 0.5444711538461539 0.19591346153846154 0.013221153846153846 0.03125
0 0.5625 0.20793269230769232 0.010817307692307692 0.026442307692307692
0 0.5625 0.1658653846153846 0.009615384615384616 0.02283653846153846
0 0.5733173076923077 0.17908653846153846 0.013221153846153846 0.026442307692307692
0 0.6274038461538461 0.16706730769230768 0.01201923076923077 0.021634615384615384
0 0.6346153846153846 0.14543269230769232 0.009615384615384616 0.026442307692307692
0 0.5889423076923077 0.2127403846153846 0.013221153846153846 0.026442307692307692
0 0.6117788461538461 0.23918269230769232 0.013221153846153846 0.027644230769230768
0 0.6358173076923077 0.24759615384615385 0.009615384615384616 0.03125
0 0.6213942307692307 0.2704326923076923 0.007211538461538462 0.026442307692307692
0 0.6274038461538461 0.3088942307692308 0.013221153846153846 0.027644230769230768
0 0.5793269230769231 0.24759615384615385 0.01201923076923077 0.026442307692307692
0 0.5336538461538461 0.2536057692307692 0.010817307692307692 0.025240384615384616
0 0.38461538461538464 0.19230769230769232 0.014423076923076924 0.027644230769230768
0 0.39663461538461536 0.23918269230769232 0.010817307692307692 0.027644230769230768
0 0.6346153846153846 0.0829326923076923 0.007211538461538462 0.019230769230769232
0 0.6141826923076923 0.109375 0.010817307692307692 0.025240384615384616
0 0.609375 0.13942307692307693 0.010817307692307692 0.02283653846153846
0 0.5961538461538461 0.13581730769230768 0.01201923076923077 0.026442307692307692
0 0.5805288461538461 0.11177884615384616 0.009615384615384616 0.025240384615384616
0 0.5865384615384616 0.07572115384615384 0.009615384615384616 0.015625
0 0.5649038461538461 0.08052884615384616 0.009615384615384616 0.025240384615384616
0 0.5552884615384616 0.09615384615384616 0.013221153846153846 0.02283653846153846
0 0.5216346153846154 0.0733173076923077 0.010817307692307692 0.014423076923076924
0 0.5180288461538461 0.0889423076923077 0.007211538461538462 0.013221153846153846
0 0.5180288461538461 0.10817307692307693 0.01201923076923077 0.015625
0 0.5072115384615384 0.05889423076923077 0.009615384615384616 0.020432692307692308
0 0.4891826923076923 0.06009615384615385 0.008413461538461538 0.019230769230769232
0 0.46634615384615385 0.04927884615384615 0.01201923076923077 0.020432692307692308
0 0.44471153846153844 0.04807692307692308 0.009615384615384616 0.021634615384615384
0 0.41466346153846156 0.039663461538461536 0.009615384615384616 0.019230769230769232
0 0.41586538461538464 0.0673076923076923 0.009615384615384616 0.019230769230769232
0 0.41947115384615385 0.10697115384615384 0.013221153846153846 0.03125
0 0.43990384615384615 0.09495192307692307 0.010817307692307692 0.026442307692307692
0 0.4483173076923077 0.08052884615384616 0.010817307692307692 0.02283653846153846
0 0.43990384615384615 0.12620192307692307 0.01201923076923077 0.02283653846153846
0 0.47115384615384615 0.08052884615384616 0.01201923076923077 0.021634615384615384
0 0.4639423076923077 0.10576923076923077 0.009615384615384616 0.026442307692307692
0 0.484375 0.109375 0.01201923076923077 0.02283653846153846
0 0.4735576923076923 0.13221153846153846 0.010817307692307692 0.021634615384615384
0 0.4795673076923077 0.15985576923076922 0.013221153846153846 0.02283653846153846
0 0.45552884615384615 0.15865384615384615 0.01201923076923077 0.025240384615384616
0 0.42908653846153844 0.14903846153846154 0.008413461538461538 0.021634615384615384
0 0.49158653846153844 0.328125 0.013221153846153846 0.02283653846153846
0 0.5012019230769231 0.2824519230769231 0.014423076923076924 0.03125
0 0.4951923076923077 0.24639423076923078 0.014423076923076924 0.027644230769230768
0 0.5036057692307693 0.20072115384615385 0.01201923076923077 0.02283653846153846
0 0.49399038461538464 0.36177884615384615 0.013221153846153846 0.026442307692307692
0 0.5060096153846154 0.3942307692307692 0.013221153846153846 0.028846153846153848
0 0.6201923076923077 0.3449519230769231 0.013221153846153846 0.021634615384615384
0 0.6574519230769231 0.28725961538461536 0.010817307692307692 0.019230769230769232
0 0.6454326923076923 0.24879807692307693 0.010817307692307692 0.03245192307692308
0 0.640625 0.3737980769230769 0.015625 0.03245192307692308
0 0.14302884615384615 0.008413461538461538 0.01201923076923077 0.015625
0 0.18870192307692307 0.010817307692307692 0.014423076923076924 0.020432692307692308
0 0.25240384615384615 0.007211538461538462 0.014423076923076924 0.014423076923076924
0 0.3004807692307692 0.010817307692307692 0.013221153846153846 0.021634615384615384
0 0.3269230769230769 0.014423076923076924 0.013221153846153846 0.027644230769230768
0 0.3629807692307692 0.028846153846153848 0.01201923076923077 0.020432692307692308
0 0.5973557692307693 0.013221153846153846 0.010817307692307692 0.019230769230769232
0 0.6598557692307693 0.0985576923076923 0.008413461538461538 0.019230769230769232
0 0.6754807692307693 0.10817307692307693 0.009615384615384616 0.020432692307692308
0 0.6706730769230769 0.12860576923076922 0.010817307692307692 0.02283653846153846
0 0.6790865384615384 0.1466346153846154 0.013221153846153846 0.026442307692307692
0 0.6514423076923077 0.13822115384615385 0.010817307692307692 0.027644230769230768
0 0.6370192307692307 0.11658653846153846 0.010817307692307692 0.025240384615384616
0 0.6887019230769231 0.1814903846153846 0.01201923076923077 0.020432692307692308
0 0.7235576923076923 0.13581730769230768 0.008413461538461538 0.02283653846153846
0 0.7307692307692307 0.1875 0.010817307692307692 0.025240384615384616
0 0.7487980769230769 0.16706730769230768 0.009615384615384616 0.020432692307692308
0 0.7475961538461539 0.18269230769230768 0.01201923076923077 0.021634615384615384
0 0.65625 0.22115384615384615 0.010817307692307692 0.020432692307692308
0 0.7139423076923077 0.2932692307692308 0.010817307692307692 0.02283653846153846
0 0.7427884615384616 0.30288461538461536 0 0.001201923076923077
0 0.8449519230769231 0.29927884615384615 0.010817307692307692 0.02283653846153846
0 0.8629807692307693 0.3293269230769231 0.01201923076923077 0.025240384615384616
0 0.8701923076923077 0.3401442307692308 0.013221153846153846 0.025240384615384616
0 0.8954326923076923 0.3557692307692308 0.01201923076923077 0.02283653846153846
0 0.890625 0.37740384615384615 0.013221153846153846 0.02283653846153846
0 0.9122596153846154 0.3918269230769231 0.009615384615384616 0.020432692307692308
0 0.9254807692307693 0.4098557692307692 0.01201923076923077 0.026442307692307692
0 0.9423076923076923 0.41586538461538464 0.016826923076923076 0.028846153846153848
0 0.9447115384615384 0.3942307692307692 0.013221153846153846 0.03125
0 0.9591346153846154 0.4014423076923077 0.013221153846153846 0.025240384615384616
0 0.9783653846153846 0.39783653846153844 0.008413461538461538 0.02283653846153846
0 0.9591346153846154 0.4483173076923077 0.009615384615384616 0.021634615384615384
0 0.9735576923076923 0.46153846153846156 0.013221153846153846 0.025240384615384616
0 0.8653846153846154 0.44350961538461536 0.010817307692307692 0.026442307692307692
0 0.8401442307692307 0.43509615384615385 0.008413461538461538 0.026442307692307692
0 0.7127403846153846 0.3233173076923077 0.013221153846153846 0.025240384615384616
0 0.734375 0.3605769230769231 0.008413461538461538 0.019230769230769232
0 0.7427884615384616 0.3918269230769231 0.01201923076923077 0.028846153846153848
0 0.9182692307692307 0.49038461538461536 0.009615384615384616 0.020432692307692308
0 0.8798076923076923 0.5504807692307693 0.014423076923076924 0.028846153846153848
0 0.8413461538461539 0.5721153846153846 0.009615384615384616 0.027644230769230768
0 0.96875 0.5588942307692307 0.013221153846153846 0.02283653846153846
0 0.8365384615384616 0.6322115384615384 0.025240384615384616 0.038461538461538464
0 0.8389423076923077 0.4855769230769231 0.010817307692307692 0.028846153846153848
0 0.9963942307692307 0.6057692307692307 0.004807692307692308 0.020432692307692308
0 0.9903846153846154 0.4014423076923077 0.010817307692307692 0.015625
0 0.3329326923076923 0.07451923076923077 0.008413461538461538 0.015625
0 0.38221153846153844 0.055288461538461536 0.007211538461538462 0.019230769230769232
0 0.06490384615384616 0.09975961538461539 0.013221153846153846 0.027644230769230768
0 0.24278846153846154 0.0985576923076923 0.014423076923076924 0.021634615384615384
0 0.057692307692307696 0.042067307692307696 0.013221153846153846 0.026442307692307692
0 0.5841346153846154 0.18269230769230768 0.016826923076923076 0.019230769230769232
0 0.7091346153846154 0.16947115384615385 0.010817307692307692 0.020432692307692308
0 0.7091346153846154 0.18870192307692307 0.013221153846153846 0.015625
0 0.8870192307692307 0.4879807692307692 0.01201923076923077 0.021634615384615384
0 0.9387019230769231 0.49158653846153844 0.01201923076923077 0.02283653846153846
0 0.8461538461538461 0.3425480769230769 0.008413461538461538 0.021634615384615384
0 0.8401442307692307 0.32091346153846156 0.009615384615384616 0.020432692307692308
0 0.9098557692307693 0.35697115384615385 0.010817307692307692 0.020432692307692308
0 0.8617788461538461 0.2608173076923077 0.009615384615384616 0.020432692307692308
0 0.8413461538461539 0.2644230769230769 0.007211538461538462 0.018028846153846152
0 0.8581730769230769 0.29447115384615385 0.010817307692307692 0.019230769230769232
0 0.9759615384615384 0.43028846153846156 0.009615384615384616 0.02283653846153846
0 0.8665865384615384 0.3737980769230769 0.01201923076923077 0.015625
0 0.9194711538461539 0.3293269230769231 0.01201923076923077 0.018028846153846152
0 0.9362980769230769 0.36658653846153844 0.010817307692307692 0.020432692307692308
0 0.9579326923076923 0.3701923076923077 0.013221153846153846 0.018028846153846152
0 0.9795673076923077 0.36899038461538464 0.010817307692307692 0.020432692307692308
0 0.7427884615384616 0.31971153846153844 0.009615384615384616 0.025240384615384616
0 0.6862980769230769 0.2091346153846154 0.013221153846153846 0.021634615384615384
0 0.7055288461538461 0.2091346153846154 0.010817307692307692 0.014423076923076924
0 0.7295673076923077 0.2127403846153846 0.01201923076923077 0.020432692307692308
0 0.7163461538461539 0.24158653846153846 0.013221153846153846 0.018028846153846152
0 0.7403846153846154 0.2668269230769231 0.008413461538461538 0.019230769230769232
0 0.7632211538461539 0.25240384615384615 0.01201923076923077 0.021634615384615384
0 0.7800480769230769 0.25721153846153844 0.010817307692307692 0.021634615384615384
0 0.7716346153846154 0.21875 0.009615384615384616 0.025240384615384616
0 0.7860576923076923 0.22716346153846154 0.009615384615384616 0.02283653846153846
0 0.7992788461538461 0.24879807692307693 0.01201923076923077 0.025240384615384616
0 0.796875 0.27524038461538464 0.009615384615384616 0.019230769230769232
0 0.7836538461538461 0.3016826923076923 0.01201923076923077 0.021634615384615384
0 0.7704326923076923 0.28966346153846156 0.01201923076923077 0.019230769230769232
0 0.7427884615384616 0.24639423076923078 0.007211538461538462 0.013221153846153846
0 0.7944711538461539 0.20673076923076922 0.009615384615384616 0.018028846153846152
0 0.6466346153846154 0.32211538461538464 0.010817307692307692 0.02283653846153846
0 0.6887019230769231 0.2956730769230769 0.01201923076923077 0.018028846153846152
0 0.703125 0.3557692307692308 0.010817307692307692 0.020432692307692308
0 0.6899038461538461 0.35336538461538464 0.009615384615384616 0.019230769230769232
0 0.6983173076923077 0.3870192307692308 0.013221153846153846 0.019230769230769232
0 0.6802884615384616 0.3798076923076923 0.01201923076923077 0.026442307692307692
0 0.6887019230769231 0.4206730769230769 0.01201923076923077 0.021634615384615384
0 0.7175480769230769 0.43149038461538464 0.01201923076923077 0.02283653846153846
0 0.7127403846153846 0.46153846153846156 0.014423076923076924 0.021634615384615384
0 0.7391826923076923 0.4206730769230769 0.013221153846153846 0.021634615384615384
0 0.7415865384615384 0.47716346153846156 0.010817307692307692 0.02283653846153846
0 0.7692307692307693 0.47475961538461536 0.01201923076923077 0.02283653846153846
0 0.6069711538461539 0.28365384615384615 0.01201923076923077 0.021634615384615384
0 0.5853365384615384 0.2776442307692308 0.008413461538461538 0.021634615384615384
0 0.5949519230769231 0.33653846153846156 0.013221153846153846 0.025240384615384616
0 0.6033653846153846 0.3605769230769231 0.013221153846153846 0.021634615384615384
0 0.5961538461538461 0.3954326923076923 0.013221153846153846 0.025240384615384616
0 0.6310096153846154 0.45072115384615385 0.014423076923076924 0.025240384615384616
0 0.6117788461538461 0.44711538461538464 0.013221153846153846 0.026442307692307692
0 0.6262019230769231 0.49759615384615385 0.01201923076923077 0.026442307692307692
0 0.578125 0.4483173076923077 0.013221153846153846 0.021634615384615384
0 0.5492788461538461 0.4423076923076923 0.014423076923076924 0.03125
0 0.5721153846153846 0.38100961538461536 0.01201923076923077 0.02283653846153846
0 0.546875 0.375 0.013221153846153846 0.025240384615384616
0 0.5432692307692307 0.39783653846153844 0.015625 0.027644230769230768
0 0.546875 0.33413461538461536 0.009615384615384616 0.020432692307692308
0 0.5288461538461539 0.28846153846153844 0.013221153846153846 0.02283653846153846
0 0.5180288461538461 0.31971153846153844 0.014423076923076924 0.026442307692307692
0 0.5264423076923077 0.3701923076923077 0.01201923076923077 0.025240384615384616
0 0.39903846153846156 0.31490384615384615 0.010817307692307692 0.018028846153846152
0 0.4098557692307692 0.28846153846153844 0.01201923076923077 0.02283653846153846
0 0.4362980769230769 0.2776442307692308 0.013221153846153846 0.015625
0 0.4675480769230769 0.2776442307692308 0.013221153846153846 0.027644230769230768
0 0.46875 0.3112980769230769 0.013221153846153846 0.027644230769230768
0 0.44591346153846156 0.3245192307692308 0.013221153846153846 0.018028846153846152
0 0.4579326923076923 0.3485576923076923 0.014423076923076924 0.025240384615384616
0 0.4338942307692308 0.43028846153846156 0.013221153846153846 0.028846153846153848
0 0.4230769230769231 0.47115384615384615 0.014423076923076924 0.03125
0 0.3870192307692308 0.38221153846153844 0.01201923076923077 0.026442307692307692
0 0.3798076923076923 0.49759615384615385 0.010817307692307692 0.021634615384615384
0 0.38822115384615385 0.4807692307692308 0.007211538461538462 0.019230769230769232
0 0.33774038461538464 0.4807692307692308 0.01201923076923077 0.026442307692307692
0 0.3485576923076923 0.4098557692307692 0.010817307692307692 0.026442307692307692
0 0.3473557692307692 0.36177884615384615 0.01201923076923077 0.027644230769230768
0 0.3401442307692308 0.33052884615384615 0.013221153846153846 0.028846153846153848
0 0.30408653846153844 0.3329326923076923 0.015625 0.026442307692307692
0 0.31971153846153844 0.36778846153846156 0.013221153846153846 0.03245192307692308
0 0.2920673076923077 0.4098557692307692 0.014423076923076924 0.03245192307692308
0 0.27283653846153844 0.4639423076923077 0.013221153846153846 0.03125
0 0.38221153846153844 0.6129807692307693 0.019230769230769232 0.03245192307692308
0 0.027644230769230768 0.12980769230769232 0.013221153846153846 0.02283653846153846
0 0.0625 0.13581730769230768 0.013221153846153846 0.025240384615384616
0 0.09254807692307693 0.1466346153846154 0.013221153846153846 0.028846153846153848
0 0.109375 0.11177884615384616 0.013221153846153846 0.021634615384615384
0 0.10817307692307693 0.18389423076923078 0.010817307692307692 0.021634615384615384
0 0.15384615384615385 0.18269230769230768 0.013221153846153846 0.02283653846153846
0 0.07932692307692307 0.6298076923076923 0.018028846153846152 0.036057692307692304
0 0.03245192307692308 0.5865384615384616 0.01201923076923077 0.026442307692307692
0 0.010817307692307692 0.027644230769230768 0.01201923076923077 0.015625
0 0.004807692307692308 0.13341346153846154 0.007211538461538462 0.025240384615384616
0 0.12980769230769232 0.6298076923076923 0.018028846153846152 0.03485576923076923