0 0.010817307692307692 0.36177884615384615 0.021634615384615384 0.04447115384615385
0 0.5264423076923077 0.5384615384615384 0.038461538461538464 0.08533653846153846
0 0.7487980769230769 0.46274038461538464 0.04927884615384615 0.12620192307692307
0 0.8461538461538461 0.4423076923076923 0.028846153846153848 0.06009615384615385
0 0.6490384615384616 0.4170673076923077 0.03125 0.055288461538461536
0 0.25 0.3641826923076923 0.030048076923076924 0.051682692307692304
0 0.22596153846153846 0.4074519230769231 0.03485576923076923 0.046875
0 0.32211538461538464 0.3485576923076923 0.030048076923076924 0.04447115384615385
0 0.8894230769230769 0.3762019230769231 0.027644230769230768 0.039663461538461536
0 0.9879807692307693 0.38100961538461536 0.021634615384615384 0.06129807692307692
0 0.9879807692307693 0.6045673076923077 0.02283653846153846 0.04927884615384615
0 0.33413461538461536 0.47596153846153844 0.027644230769230768 0.04927884615384615
0 0.4639423076923077 0.421875 0.026442307692307692 0.051682692307692304
0 0.2127403846153846 0.35336538461538464 0.025240384615384616 0.04447115384615385
0 0.18509615384615385 0.40024038461538464 0.028846153846153848 0.051682692307692304
0 0.05889423076923077 0.3581730769230769 0.03125 0.04927884615384615
0 0.33653846153846156 0.40384615384615385 0.028846153846153848 0.04807692307692308
0 0.10697115384615384 0.375 0.026442307692307692 0.04447115384615385
0 0.7295673076923077 0.36177884615384615 0.03245192307692308 0.0625
0 0.13341346153846154 0.4891826923076923 0.019230769230769232 0.040865384615384616
0 0.4338942307692308 0.38221153846153844 0.020432692307692308 0.039663461538461536
0 0.5252403846153846 0.41466346153846156 0.03245192307692308 0.052884615384615384