0 0.021634615384615384 0.46274038461538464 0.018028846153846152 0.030048076923076924
0 0.008413461538461538 0.45552884615384615 0.013221153846153846 0.02403846153846154
0 0.04567307692307692 0.4519230769230769 0.021634615384615384 0.038461538461538464
0 0.07692307692307693 0.4483173076923077 0.02283653846153846 0.036057692307692304
0 0.06009615384615385 0.5192307692307693 0.03485576923076923 0.052884615384615384
0 0.17427884615384615 0.4567307692307692 0.02403846153846154 0.038461538461538464
0 0.1658653846153846 0.53125 0.03365384615384615 0.06850961538461539
0 0.203125 0.4423076923076923 0.01201923076923077 0.02403846153846154
0 0.24879807692307693 0.44711538461538464 0.010817307692307692 0.027644230769230768
0 0.2764423076923077 0.46875 0.030048076923076924 0.051682692307692304
0 0.3233173076923077 0.4699519230769231 0.018028846153846152 0.03485576923076923
0 0.3125 0.45552884615384615 0.013221153846153846 0.030048076923076924
0 0.3485576923076923 0.38221153846153844 0.013221153846153846 0.026442307692307692
0 0.34375 0.4495192307692308 0.014423076923076924 0.027644230769230768
0 0.38100961538461536 0.453125 0.016826923076923076 0.025240384615384616
0 0.35096153846153844 0.5817307692307693 0.038461538461538464 0.0733173076923077
0 0.4326923076923077 0.4963942307692308 0.030048076923076924 0.056490384615384616
0 0.49759615384615385 0.5372596153846154 0.03125 0.052884615384615384
0 0.5012019230769231 0.6189903846153846 0.06490384615384616 0.109375
0 0.5456730769230769 0.47596153846153844 0.028846153846153848 0.056490384615384616
0 0.6213942307692307 0.5132211538461539 0.038461538461538464 0.06610576923076923
0 0.9891826923076923 0.5168269230769231 0.018028846153846152 0.05889423076923077
0 0.9326923076923077 0.5360576923076923 0.06009615384615385 0.09975961538461539
0 0.8401442307692307 0.5168269230769231 0.039663461538461536 0.06370192307692307
0 0.7307692307692307 0.49399038461538464 0.030048076923076924 0.052884615384615384
0 0.7524038461538461 0.5336538461538461 0.046875 0.07451923076923077
0 0.7524038461538461 0.65625 0.08533653846153846 0.14543269230769232