0 0.9771634615384616 0.6754807692307693 0.04447115384615385 0.0889423076923077
0 0.7596153846153846 0.4074519230769231 0.027644230769230768 0.056490384615384616
0 0.7620192307692307 0.5925480769230769 0.030048076923076924 0.04807692307692308
0 0.6658653846153846 0.5973557692307693 0.030048076923076924 0.04326923076923077
0 0.7884615384615384 0.6754807692307693 0.03485576923076923 0.07451923076923077
0 0.8016826923076923 0.71875 0.038461538461538464 0.07572115384615384
0 0.5576923076923077 0.5625 0.01201923076923077 0.020432692307692308
0 0.5612980769230769 0.640625 0.03125 0.06610576923076923
0 0.40625 0.5300480769230769 0.010817307692307692 0.019230769230769232
0 0.3894230769230769 0.4987980769230769 0.009615384615384616 0.016826923076923076
0 0.3894230769230769 0.5336538461538461 0.010817307692307692 0.020432692307692308
0 0.3545673076923077 0.5709134615384616 0.013221153846153846 0.021634615384615384
0 0.3076923076923077 0.5444711538461539 0.013221153846153846 0.027644230769230768
0 0.2860576923076923 0.5336538461538461 0.013221153846153846 0.025240384615384616
0 0.3269230769230769 0.5276442307692307 0.01201923076923077 0.02403846153846154
0 0.2956730769230769 0.5841346153846154 0.018028846153846152 0.036057692307692304
0 0.22956730769230768 0.7475961538461539 0.04447115384615385 0.07091346153846154
0 0.08052884615384616 0.7103365384615384 0.051682692307692304 0.09615384615384616
0 0.2247596153846154 0.5757211538461539 0.016826923076923076 0.03245192307692308
0 0.25721153846153844 0.5721153846153846 0.010817307692307692 0.02403846153846154