0 0.5985576923076923 0.2620192307692308 0.02403846153846154 0.04447115384615385
0 0.010817307692307692 0.40865384615384615 0.018028846153846152 0.042067307692307696
0 0.036057692307692304 0.4891826923076923 0.013221153846153846 0.046875
0 0.057692307692307696 0.5120192307692307 0.02283653846153846 0.038461538461538464
0 0.16706730769230768 0.5348557692307693 0.02403846153846154 0.038461538461538464
0 0.0985576923076923 0.48677884615384615 0.025240384615384616 0.03485576923076923
0 0.20793269230769232 0.5024038461538461 0.021634615384615384 0.03125
0 0.2403846153846154 0.5588942307692307 0.016826923076923076 0.03245192307692308
0 0.25 0.5456730769230769 0.018028846153846152 0.036057692307692304
0 0.23557692307692307 0.49158653846153844 0.025240384615384616 0.046875
0 0.25841346153846156 0.4831730769230769 0.027644230769230768 0.042067307692307696
0 0.2692307692307692 0.5108173076923077 0.021634615384615384 0.038461538461538464
0 0.3389423076923077 0.49158653846153844 0.013221153846153846 0.038461538461538464
0 0.35697115384615385 0.5216346153846154 0.02403846153846154 0.037259615384615384
0 0.4651442307692308 0.5096153846153846 0.020432692307692308 0.04447115384615385
0 0.4543269230769231 0.22235576923076922 0.025240384615384616 0.04927884615384615
0 0.4206730769230769 0.265625 0.03245192307692308 0.03245192307692308
0 0.6706730769230769 0.3112980769230769 0.013221153846153846 0.03365384615384615
0 0.6057692307692307 0.4266826923076923 0.019230769230769232 0.03485576923076923
0 0.5516826923076923 0.45913461538461536 0.02403846153846154 0.038461538461538464
0 0.578125 0.5072115384615384 0.028846153846153848 0.038461538461538464
0 0.6730769230769231 0.5492788461538461 0.020432692307692308 0.03485576923076923
0 0.75 0.48677884615384615 0.02403846153846154 0.03485576923076923
0 0.7872596153846154 0.5108173076923077 0.02403846153846154 0.046875
0 0.8016826923076923 0.5564903846153846 0.018028846153846152 0.038461538461538464
0 0.8509615384615384 0.5240384615384616 0.02283653846153846 0.037259615384615384
0 0.8485576923076923 0.46274038461538464 0.02283653846153846 0.038461538461538464
0 0.8641826923076923 0.4855769230769231 0.025240384615384616 0.040865384615384616
0 0.8930288461538461 0.46634615384615385 0.027644230769230768 0.039663461538461536
0 0.9278846153846154 0.40625 0.020432692307692308 0.036057692307692304
0 0.21033653846153846 0.5252403846153846 0.013221153846153846 0.027644230769230768
0 0.21634615384615385 0.5228365384615384 0.013221153846153846 0.02283653846153846