0 0.7067307692307693 0.0829326923076923 0.009615384615384616 0.019230769230769232
0 0.7379807692307693 0.07211538461538461 0.013221153846153846 0.018028846153846152
0 0.8257211538461539 0.018028846153846152 0.01201923076923077 0.02283653846153846
0 0.9951923076923077 0.21033653846153846 0.008413461538461538 0.026442307692307692
0 0.8701923076923077 0.23076923076923078 0.008413461538461538 0.018028846153846152
0 0.8052884615384616 0.234375 0.04326923076923077 0.08052884615384616
0 0.6850961538461539 0.2704326923076923 0.04447115384615385 0.078125
0 0.18509615384615385 0.2247596153846154 0.04447115384615385 0.08173076923076923
0 0.3137019230769231 0.31009615384615385 0.04447115384615385 0.08653846153846154
0 0.3894230769230769 0.2439903846153846 0.020432692307692308 0.04326923076923077
0 0.4723557692307692 0.20552884615384615 0.040865384615384616 0.08173076923076923
0 0.5769230769230769 0.2800480769230769 0.042067307692307696 0.07692307692307693
0 0.6201923076923077 0.3918269230769231 0.042067307692307696 0.08173076923076923
0 0.5072115384615384 0.37259615384615385 0.042067307692307696 0.08774038461538461
0 0.3918269230769231 0.36778846153846156 0.04447115384615385 0.0889423076923077
0 0.21153846153846154 0.4230769230769231 0.04927884615384615 0.09014423076923077
0 0.30649038461538464 0.453125 0.040865384615384616 0.0829326923076923
0 0.4110576923076923 0.5180288461538461 0.04447115384615385 0.08173076923076923
0 0.5204326923076923 0.5036057692307693 0.04567307692307692 0.0829326923076923
0 0.6502403846153846 0.5516826923076923 0.042067307692307696 0.09014423076923077
0 0.7115384615384616 0.43149038461538464 0.039663461538461536 0.0889423076923077
0 0.78125 0.4254807692307692 0.039663461538461536 0.08653846153846154
0 0.6634615384615384 0.109375 0.009615384615384616 0.018028846153846152
0 0.3557692307692308 0.030048076923076924 0.007211538461538462 0.01201923076923077
0 0.4326923076923077 0.027644230769230768 0.01201923076923077 0.014423076923076924
0 0.38822115384615385 0.02283653846153846 0.010817307692307692 0.018028846153846152