0 0.3269230769230769 0.703125 0.02403846153846154 0.04807692307692308
0 0.27283653846153844 0.6634615384615384 0.018028846153846152 0.03125
0 0.17668269230769232 0.6502403846153846 0.03365384615384615 0.055288461538461536
0 0.22355769230769232 0.6862980769230769 0.020432692307692308 0.03485576923076923
0 0.015625 0.7127403846153846 0.02403846153846154 0.046875
0 0.33052884615384615 0.6454326923076923 0.01201923076923077 0.018028846153846152
0 0.5516826923076923 0.6911057692307693 0.013221153846153846 0.021634615384615384
0 0.6009615384615384 0.6862980769230769 0.015625 0.027644230769230768
0 0.4411057692307692 0.6935096153846154 0.020432692307692308 0.039663461538461536
0 0.5 0.6995192307692307 0.013221153846153846 0.018028846153846152
0 0.4543269230769231 0.6923076923076923 0.01201923076923077 0.019230769230769232
0 0.7163461538461539 0.625 0.018028846153846152 0.03365384615384615
0 0.7944711538461539 0.6911057692307693 0.01201923076923077 0.02283653846153846
0 0.8052884615384616 0.6730769230769231 0.013221153846153846 0.019230769230769232
0 0.734375 0.6670673076923077 0.003605769230769231 0.021634615384615384
0 0.6418269230769231 0.4891826923076923 0.016826923076923076 0.03125
0 0.9891826923076923 0.5180288461538461 0.018028846153846152 0.03485576923076923
0 0.921875 0.6658653846153846 0.009615384615384616 0.020432692307692308
0 0.8894230769230769 0.6658653846153846 0.007211538461538462 0.018028846153846152
0 0.9867788461538461 0.6646634615384616 0.01201923076923077 0.020432692307692308
0 0.9975961538461539 0.625 0.003605769230769231 0.007211538461538462
0 0.9483173076923077 0.6694711538461539 0.007211538461538462 0.013221153846153846
0 0.9338942307692307 0.4338942307692308 0.002403846153846154 0.006009615384615385
0 0.9603365384615384 0.4411057692307692 0.003605769230769231 0.007211538461538462
0 0.9435096153846154 0.42908653846153844 0.002403846153846154 0.006009615384615385
0 0.8461538461538461 0.6670673076923077 0.009615384615384616 0.02283653846153846
0 0.9375 0.6694711538461539 0.007211538461538462 0.014423076923076924