0 0.9747596153846154 0.4423076923076923 0.020432692307692308 0.03245192307692308
0 0.984375 0.49038461538461536 0.027644230769230768 0.04447115384615385
0 0.9350961538461539 0.4807692307692308 0.018028846153846152 0.03485576923076923
0 0.9639423076923077 0.4519230769230769 0.016826923076923076 0.028846153846153848
0 0.9230769230769231 0.44711538461538464 0.016826923076923076 0.028846153846153848
0 0.9423076923076923 0.3798076923076923 0.008413461538461538 0.015625
0 0.9146634615384616 0.48197115384615385 0.028846153846153848 0.046875
0 0.8822115384615384 0.4495192307692308 0.018028846153846152 0.026442307692307692
0 0.8966346153846154 0.4567307692307692 0.010817307692307692 0.019230769230769232
0 0.8737980769230769 0.5048076923076923 0.018028846153846152 0.03125
0 0.8641826923076923 0.4723557692307692 0.016826923076923076 0.026442307692307692
0 0.8353365384615384 0.4963942307692308 0.021634615384615384 0.03365384615384615
0 0.8413461538461539 0.45552884615384615 0.015625 0.026442307692307692
0 0.8293269230769231 0.47475961538461536 0.014423076923076924 0.02283653846153846
0 0.8221153846153846 0.3701923076923077 0.013221153846153846 0.025240384615384616
0 0.8137019230769231 0.53125 0.014423076923076924 0.040865384615384616
0 0.7944711538461539 0.4699519230769231 0.014423076923076924 0.021634615384615384
0 0.7788461538461539 0.5096153846153846 0.016826923076923076 0.026442307692307692
0 0.7439903846153846 0.5024038461538461 0.014423076923076924 0.025240384615384616
0 0.7007211538461539 0.44711538461538464 0.020432692307692308 0.03485576923076923
0 0.734375 0.4543269230769231 0.016826923076923076 0.025240384615384616
0 0.7379807692307693 0.4362980769230769 0.018028846153846152 0.03245192307692308
0 0.6634615384615384 0.5276442307692307 0.016826923076923076 0.03125
0 0.6454326923076923 0.5456730769230769 0.018028846153846152 0.027644230769230768
0 0.6394230769230769 0.5240384615384616 0.015625 0.028846153846153848
0 0.6442307692307693 0.45552884615384615 0.007211538461538462 0.013221153846153846
0 0.7740384615384616 0.6081730769230769 0.03245192307692308 0.0673076923076923
0 0.6021634615384616 0.5432692307692307 0.018028846153846152 0.026442307692307692
0 0.5649038461538461 0.5360576923076923 0.025240384615384616 0.038461538461538464
0 0.49278846153846156 0.5817307692307693 0.02403846153846154 0.040865384615384616
0 0.4170673076923077 0.5973557692307693 0.027644230769230768 0.051682692307692304
0 0.3701923076923077 0.5925480769230769 0.02403846153846154 0.04447115384615385
0 0.17908653846153846 0.7331730769230769 0.08052884615384616 0.12139423076923077
0 0.3112980769230769 0.6935096153846154 0.04927884615384615 0.09134615384615384
0 0.11298076923076923 0.6310096153846154 0.015625 0.02283653846153846
0 0.30528846153846156 0.609375 0.015625 0.027644230769230768
0 0.28846153846153844 0.5829326923076923 0.008413461538461538 0.021634615384615384
0 0.09375 0.6802884615384616 0.018028846153846152 0.03365384615384615
0 0.04447115384615385 0.6286057692307693 0.007211538461538462 0.015625
0 0.08413461538461539 0.6105769230769231 0.01201923076923077 0.015625
0 0.11778846153846154 0.5973557692307693 0.006009615384615385 0.014423076923076924
0 0.12740384615384615 0.5757211538461539 0.003605769230769231 0.008413461538461538
0 0.10697115384615384 0.5973557692307693 0.009615384615384616 0.014423076923076924
0 0.2800480769230769 0.5865384615384616 0.010817307692307692 0.020432692307692308
0 0.20552884615384615 0.5961538461538461 0.008413461538461538 0.014423076923076924
0 0.23197115384615385 0.5817307692307693 0.008413461538461538 0.014423076923076924
0 0.4579326923076923 0.21033653846153846 0.019230769230769232 0.03365384615384615
0 0.46153846153846156 0.5649038461538461 0.009615384615384616 0.014423076923076924
0 0.4362980769230769 0.5697115384615384 0.01201923076923077 0.025240384615384616
0 0.6646634615384616 0.6021634615384616 0.007211538461538462 0.014423076923076924
0 0.7163461538461539 0.5192307692307693 0.007211538461538462 0.018028846153846152
0 0.15144230769230768 0.5853365384615384 0.007211538461538462 0.010817307692307692
0 0.14543269230769232 0.5853365384615384 0.007211538461538462 0.014423076923076924