0 0.2608173076923077 0.2608173076923077 0.019230769230769232 0.038461538461538464
0 0.21634615384615385 0.2536057692307692 0.013221153846153846 0.026442307692307692
0 0.15264423076923078 0.2548076923076923 0.014423076923076924 0.026442307692307692
0 0.09254807692307693 0.24879807692307693 0.015625 0.025240384615384616
0 0.03245192307692308 0.24759615384615385 0.014423076923076924 0.026442307692307692
0 0.13581730769230768 0.4050480769230769 0.020432692307692308 0.028846153846153848
0 0.2548076923076923 0.4098557692307692 0.018028846153846152 0.03485576923076923
0 0.36658653846153844 0.11658653846153846 0.02283653846153846 0.039663461538461536
0 0.4375 0.11538461538461539 0.020432692307692308 0.040865384615384616
0 0.5180288461538461 0.0673076923076923 0.019230769230769232 0.027644230769230768
0 0.36778846153846156 0.390625 0.021634615384615384 0.036057692307692304
0 0.47475961538461536 0.3918269230769231 0.02403846153846154 0.040865384615384616
0 0.5649038461538461 0.10096153846153846 0.02403846153846154 0.040865384615384616
0 0.6454326923076923 0.10216346153846154 0.02403846153846154 0.039663461538461536
0 0.7235576923076923 0.0985576923076923 0.027644230769230768 0.04567307692307692
0 0.5805288461538461 0.234375 0.018028846153846152 0.027644230769230768
0 0.6334134615384616 0.23076923076923078 0.015625 0.026442307692307692
0 0.6887019230769231 0.23076923076923078 0.020432692307692308 0.026442307692307692
0 0.7451923076923077 0.23076923076923078 0.016826923076923076 0.027644230769230768
0 0.5769230769230769 0.39783653846153844 0.02403846153846154 0.038461538461538464
0 0.6778846153846154 0.4026442307692308 0.02403846153846154 0.04567307692307692
0 0.7752403846153846 0.5853365384615384 0.01201923076923077 0.019230769230769232
0 0.6814903846153846 0.5793269230769231 0.008413461538461538 0.020432692307692308
0 0.7007211538461539 0.5793269230769231 0.009615384615384616 0.015625
0 0.7512019230769231 0.5829326923076923 0.009615384615384616 0.020432692307692308
0 0.7391826923076923 0.5793269230769231 0.009615384615384616 0.014423076923076924
0 0.4543269230769231 0.4855769230769231 0.03485576923076923 0.08173076923076923
0 0.5420673076923077 0.5925480769230769 0.06370192307692307 0.07451923076923077
0 0.027644230769230768 0.11658653846153846 0.013221153846153846 0.025240384615384616
0 0.09254807692307693 0.11298076923076923 0.013221153846153846 0.025240384615384616
0 0.15144230769230768 0.109375 0.013221153846153846 0.026442307692307692
0 0.21514423076923078 0.10817307692307693 0.014423076923076924 0.028846153846153848
0 0.2800480769230769 0.10336538461538461 0.015625 0.025240384615384616