0 0.8221153846153846 0.4254807692307692 0.05889423076923077 0.0829326923076923
0 0.7487980769230769 0.38461538461538464 0.05048076923076923 0.07572115384615384
0 0.6838942307692307 0.3762019230769231 0.057692307692307696 0.078125
0 0.5925480769230769 0.47475961538461536 0.07572115384615384 0.0985576923076923
0 0.4579326923076923 0.4579326923076923 0.0829326923076923 0.12139423076923077
0 0.5180288461538461 0.43509615384615385 0.06370192307692307 0.09735576923076923
0 0.5192307692307693 0.31971153846153844 0.052884615384615384 0.07451923076923077
0 0.6466346153846154 0.5288461538461539 0.0829326923076923 0.12259615384615384
0 0.44591346153846156 0.3485576923076923 0.052884615384615384 0.07692307692307693
0 0.7487980769230769 0.3076923076923077 0.02403846153846154 0.037259615384615384
0 0.9411057692307693 0.8641826923076923 0.11658653846153846 0.20072115384615385
0 0.9014423076923077 0.6141826923076923 0.0733173076923077 0.09375
0 0.7524038461538461 0.6935096153846154 0.09375 0.15625
0 0.9675480769230769 0.4362980769230769 0.0625 0.09014423076923077
0 0.9002403846153846 0.33413461538461536 0.040865384615384616 0.06490384615384616
0 0.2848557692307692 0.5661057692307693 0.10096153846153846 0.16105769230769232
0 0.34134615384615385 0.421875 0.08173076923076923 0.11778846153846154
0 0.38461538461538464 0.37259615384615385 0.06971153846153846 0.09375
0 0.3713942307692308 0.17427884615384615 0.016826923076923076 0.025240384615384616
0 0.3233173076923077 0.1502403846153846 0.019230769230769232 0.03125
0 0.20072115384615385 0.16706730769230768 0.025240384615384616 0.036057692307692304
0 0.13942307692307693 0.13221153846153846 0.02403846153846154 0.038461538461538464
0 0.17427884615384615 0.140625 0.018028846153846152 0.028846153846153848
0 0.22235576923076922 0.14302884615384615 0.016826923076923076 0.027644230769230768
0 0.24519230769230768 0.11899038461538461 0.010817307692307692 0.019230769230769232
0 0.2668269230769231 0.11298076923076923 0.01201923076923077 0.016826923076923076
0 0.29927884615384615 0.09975961538461539 0.007211538461538462 0.014423076923076924
0 0.30649038461538464 0.09134615384615384 0.007211538461538462 0.010817307692307692
0 0.27283653846153844 0.09615384615384616 0.010817307692307692 0.018028846153846152
0 0.2127403846153846 0.08052884615384616 0.009615384615384616 0.014423076923076924
0 0.23076923076923078 0.078125 0.009615384615384616 0.015625
0 0.5925480769230769 0.28125 0.042067307692307696 0.05889423076923077
0 0.71875 0.18509615384615385 0.014423076923076924 0.020432692307692308
0 0.6322115384615384 0.2512019230769231 0.02403846153846154 0.037259615384615384
0 0.5949519230769231 0.2247596153846154 0.02403846153846154 0.03245192307692308
0 0.6081730769230769 0.18870192307692307 0.018028846153846152 0.025240384615384616
0 0.48197115384615385 0.21754807692307693 0.028846153846153848 0.04326923076923077
0 0.5625 0.2091346153846154 0.018028846153846152 0.026442307692307692
0 0.5060096153846154 0.21875 0.018028846153846152 0.028846153846153848
0 0.546875 0.17067307692307693 0.013221153846153846 0.020432692307692308
0 0.5853365384615384 0.14543269230769232 0.008413461538461538 0.014423076923076924
0 0.5420673076923077 0.140625 0.007211538461538462 0.013221153846153846
0 0.4795673076923077 0.15985576923076922 0.014423076923076924 0.026442307692307692
0 0.484375 0.12620192307692307 0.007211538461538462 0.014423076923076924
0 0.5 0.13221153846153846 0.007211538461538462 0.01201923076923077
0 0.7944711538461539 0.13701923076923078 0.01201923076923077 0.016826923076923076
0 0.7536057692307693 0.1658653846153846 0.013221153846153846 0.019230769230769232
0 0.7680288461538461 0.14182692307692307 0.01201923076923077 0.016826923076923076
0 0.7427884615384616 0.140625 0.013221153846153846 0.018028846153846152
0 0.6947115384615384 0.17427884615384615 0.01201923076923077 0.014423076923076924
0 0.6971153846153846 0.16105769230769232 0.010817307692307692 0.015625
0 0.6706730769230769 0.12139423076923077 0.007211538461538462 0.01201923076923077
0 0.6790865384615384 0.17067307692307693 0.009615384615384616 0.015625
0 0.9795673076923077 0.203125 0.018028846153846152 0.027644230769230768
0 0.8725961538461539 0.171875 0.021634615384615384 0.020432692307692308
0 0.7860576923076923 0.17427884615384615 0.016826923076923076 0.016826923076923076
0 0.8389423076923077 0.16947115384615385 0.010817307692307692 0.027644230769230768
0 0.6502403846153846 0.15144230769230768 0.009615384615384616 0.014423076923076924
0 0.546875 0.10697115384615384 0.007211538461538462 0.013221153846153846
0 0.5949519230769231 0.12259615384615384 0.007211538461538462 0.014423076923076924
0 0.6105769230769231 0.11899038461538461 0.007211538461538462 0.013221153846153846
0 0.6742788461538461 0.1310096153846154 0.007211538461538462 0.014423076923076924
0 0.5793269230769231 0.12740384615384615 0.007211538461538462 0.01201923076923077
0 0.6177884615384616 0.13822115384615385 0.010817307692307692 0.01201923076923077
0 0.7824519230769231 0.21995192307692307 0.006009615384615385 0.026442307692307692
0 0.828125 0.18269230769230768 0.015625 0.021634615384615384
0 0.020432692307692308 0.6826923076923077 0.039663461538461536 0.23197115384615385
0 0.03125 0.5805288461538461 0.06129807692307692 0.171875
0 0.03365384615384615 0.33052884615384615 0.0673076923076923 0.10697115384615384
0 0.12740384615384615 0.3088942307692308 0.052884615384615384 0.06129807692307692
0 0.11778846153846154 0.04447115384615385 0.009615384615384616 0.01201923076923077
0 0.037259615384615384 0.027644230769230768 0.008413461538461538 0.015625
0 0.013221153846153846 0.019230769230769232 0.01201923076923077 0.018028846153846152
0 0.875 0.7199519230769231 0.09615384615384616 0.1310096153846154
0 0.26802884615384615 0.4579326923076923 0.078125 0.14302884615384615