0 0.9170673076923077 0.8137019230769231 0.03485576923076923 0.06971153846153846
0 0.9663461538461539 0.6514423076923077 0.02403846153846154 0.036057692307692304
0 0.8677884615384616 0.6814903846153846 0.019230769230769232 0.03245192307692308
0 0.7680288461538461 0.6514423076923077 0.018028846153846152 0.03125
0 0.53125 0.6887019230769231 0.020432692307692308 0.03365384615384615
0 0.3161057692307692 0.6670673076923077 0.028846153846153848 0.038461538461538464
0 0.2920673076923077 0.671875 0.02283653846153846 0.036057692307692304
0 0.14302884615384615 0.7451923076923077 0.046875 0.06370192307692307
0 0.21514423076923078 0.6875 0.021634615384615384 0.04326923076923077
0 0.1875 0.6490384615384616 0.014423076923076924 0.025240384615384616
0 0.13221153846153846 0.6490384615384616 0.019230769230769232 0.028846153846153848
0 0.08413461538461539 0.6766826923076923 0.021634615384615384 0.03365384615384615
0 0.10216346153846154 0.6766826923076923 0.020432692307692308 0.036057692307692304
0 0.04807692307692308 0.7091346153846154 0.027644230769230768 0.04326923076923077
0 0.15504807692307693 0.5889423076923077 0.008413461538461538 0.014423076923076924
0 0.1622596153846154 0.6141826923076923 0.007211538461538462 0.018028846153846152
0 0.25961538461538464 0.5769230769230769 0.016826923076923076 0.027644230769230768
0 0.19591346153846154 0.6045673076923077 0.008413461538461538 0.01201923076923077
0 0.22235576923076922 0.640625 0.016826923076923076 0.030048076923076924
0 0.6622596153846154 0.3389423076923077 0.015625 0.026442307692307692
0 0.625 0.27884615384615385 0.015625 0.027644230769230768
0 0.5180288461538461 0.24519230769230768 0.013221153846153846 0.03365384615384615
0 0.4879807692307692 0.2644230769230769 0.018028846153846152 0.028846153846153848
0 0.4423076923076923 0.25600961538461536 0.013221153846153846 0.027644230769230768
0 0.5949519230769231 0.2932692307692308 0.01201923076923077 0.021634615384615384
0 0.8317307692307693 0.640625 0.008413461538461538 0.016826923076923076
0 0.8149038461538461 0.6177884615384616 0.007211538461538462 0.013221153846153846
0 0.20673076923076922 0.5637019230769231 0.009615384615384616 0.019230769230769232
0 0.28725961538461536 0.5588942307692307 0.01201923076923077 0.025240384615384616
0 0.22716346153846154 0.5612980769230769 0.010817307692307692 0.019230769230769232
0 0.015625 0.6971153846153846 0.013221153846153846 0.030048076923076924
0 0.21995192307692307 0.6129807692307693 0.01201923076923077 0.018028846153846152
0 0.22596153846153846 0.5901442307692307 0.01201923076923077 0.016826923076923076
0 0.22596153846153846 0.5769230769230769 0.009615384615384616 0.015625