0 0.4326923076923077 0.36899038461538464 0.07572115384615384 0.11298076923076923
0 0.3125 0.2932692307692308 0.051682692307692304 0.08173076923076923
0 0.22716346153846154 0.31971153846153844 0.04807692307692308 0.06490384615384616
0 0.5372596153846154 0.2800480769230769 0.03485576923076923 0.05889423076923077
0 0.3762019230769231 0.3016826923076923 0.04447115384615385 0.0733173076923077
0 0.4110576923076923 0.3449519230769231 0.056490384615384616 0.09375
0 0.3016826923076923 0.3233173076923077 0.038461538461538464 0.0673076923076923
0 0.2247596153846154 0.4495192307692308 0.039663461538461536 0.06610576923076923
0 0.1875 0.3485576923076923 0.039663461538461536 0.0733173076923077
0 0.16105769230769232 0.3269230769230769 0.04447115384615385 0.09375
0 0.054086538461538464 0.3173076923076923 0.03365384615384615 0.07211538461538461
0 0.06009615384615385 0.38100961538461536 0.027644230769230768 0.051682692307692304
0 0.9507211538461539 0.8569711538461539 0.09735576923076923 0.2824519230769231
0 0.7548076923076923 0.6466346153846154 0.1141826923076923 0.17307692307692307
0 0.8990384615384616 0.5360576923076923 0.05889423076923077 0.09495192307692307
0 0.7163461538461539 0.4375 0.07211538461538461 0.13581730769230768
0 0.5516826923076923 0.4963942307692308 0.06490384615384616 0.14302884615384615
0 0.6514423076923077 0.3329326923076923 0.03365384615384615 0.0625
0 0.9555288461538461 0.4362980769230769 0.04326923076923077 0.06971153846153846
0 0.984375 0.3762019230769231 0.030048076923076924 0.05889423076923077
0 0.875 0.39783653846153844 0.02403846153846154 0.04447115384615385
0 0.7151442307692307 0.3173076923076923 0.02403846153846154 0.042067307692307696
0 0.8762019230769231 0.3605769230769231 0.02283653846153846 0.036057692307692304
0 0.9447115384615384 0.33413461538461536 0.014423076923076924 0.028846153846153848
0 0.8846153846153846 0.29927884615384615 0.007211538461538462 0.014423076923076924
0 0.9711538461538461 0.31009615384615385 0.013221153846153846 0.015625
0 0.6310096153846154 0.30288461538461536 0.019230769230769232 0.03485576923076923
0 0.5769230769230769 0.25 0.008413461538461538 0.015625
0 0.7019230769230769 0.28365384615384615 0.010817307692307692 0.019230769230769232
0 0.9110576923076923 0.29447115384615385 0.006009615384615385 0.010817307692307692
0 0.6274038461538461 0.24278846153846154 0.006009615384615385 0.010817307692307692
0 0.6165865384615384 0.25721153846153844 0.007211538461538462 0.013221153846153846
0 0.8100961538461539 0.38100961538461536 0.038461538461538464 0.08653846153846154