0 0.375 0.3629807692307692 0.01201923076923077 0.02403846153846154
0 0.2920673076923077 0.3137019230769231 0.014423076923076924 0.025240384615384616
0 0.31009615384615385 0.31971153846153844 0.01201923076923077 0.02283653846153846
0 0.33052884615384615 0.3161057692307692 0.009615384615384616 0.020432692307692308
0 0.39783653846153844 0.27884615384615385 0.01201923076923077 0.021634615384615384
0 0.23197115384615385 0.59375 0.040865384615384616 0.05048076923076923
0 0.203125 0.4266826923076923 0.015625 0.030048076923076924
0 0.27283653846153844 0.46634615384615385 0.02283653846153846 0.05048076923076923
0 0.30408653846153844 0.4266826923076923 0.016826923076923076 0.037259615384615384
0 0.36778846153846156 0.46875 0.016826923076923076 0.05048076923076923
0 0.49399038461538464 0.4543269230769231 0.014423076923076924 0.036057692307692304
0 0.6778846153846154 0.3233173076923077 0.013221153846153846 0.030048076923076924
0 0.6153846153846154 0.3233173076923077 0.013221153846153846 0.027644230769230768
0 0.8389423076923077 0.21514423076923078 0.01201923076923077 0.021634615384615384
0 0.59375 0.29447115384615385 0.013221153846153846 0.025240384615384616
0 0.9483173076923077 0.2956730769230769 0.027644230769230768 0.054086538461538464
0 0.9483173076923077 0.34134615384615385 0.026442307692307692 0.04447115384615385
0 0.1935096153846154 0.28966346153846156 0.016826923076923076 0.03125
0 0.3713942307692308 0.3173076923076923 0.01201923076923077 0.021634615384615384
0 0.36538461538461536 0.6454326923076923 0.037259615384615384 0.08774038461538461