0 0.020432692307692308 0.2644230769230769 0.018028846153846152 0.03125
0 0.1141826923076923 0.2860576923076923 0.016826923076923076 0.026442307692307692
0 0.057692307692307696 0.34975961538461536 0.020432692307692308 0.03485576923076923
0 0.19110576923076922 0.2776442307692308 0.016826923076923076 0.03365384615384615
0 0.24879807692307693 0.25961538461538464 0.014423076923076924 0.027644230769230768
0 0.20793269230769232 0.265625 0.013221153846153846 0.02403846153846154
0 0.29927884615384615 0.27283653846153844 0.013221153846153846 0.028846153846153848
0 0.3317307692307692 0.27403846153846156 0.010817307692307692 0.021634615384615384
0 0.35096153846153844 0.25961538461538464 0.013221153846153846 0.025240384615384616
0 0.3701923076923077 0.27163461538461536 0.013221153846153846 0.025240384615384616
0 0.40384615384615385 0.2536057692307692 0.015625 0.03245192307692308
0 0.4206730769230769 0.25721153846153844 0.014423076923076924 0.03365384615384615
0 0.46153846153846156 0.2776442307692308 0.018028846153846152 0.03365384615384615
0 0.4579326923076923 0.24519230769230768 0.016826923076923076 0.03245192307692308
0 0.3701923076923077 0.3629807692307692 0.018028846153846152 0.03245192307692308
0 0.265625 0.3401442307692308 0.018028846153846152 0.038461538461538464
0 0.234375 0.3762019230769231 0.038461538461538464 0.08413461538461539
0 0.32091346153846156 0.3641826923076923 0.025240384615384616 0.1045673076923077
0 0.7115384615384616 0.2644230769230769 0.03125 0.052884615384615384
0 0.7451923076923077 0.19831730769230768 0.02403846153846154 0.055288461538461536
0 0.6610576923076923 0.2824519230769231 0.02403846153846154 0.052884615384615384
0 0.6862980769230769 0.25600961538461536 0.019230769230769232 0.04567307692307692
0 0.5901442307692307 0.2127403846153846 0.025240384615384616 0.052884615384615384
0 0.5264423076923077 0.265625 0.020432692307692308 0.039663461538461536
0 0.5072115384615384 0.26322115384615385 0.013221153846153846 0.03365384615384615
0 0.9735576923076923 0.2824519230769231 0.051682692307692304 0.0733173076923077
0 0.8942307692307693 0.2824519230769231 0.03365384615384615 0.06370192307692307
0 0.11899038461538461 0.27403846153846156 0.01201923076923077 0.02403846153846154
0 0.328125 0.33653846153846156 0.010817307692307692 0.02403846153846154