0 0.09615384615384616 0.14182692307692307 0.11298076923076923 0.21153846153846154
0 0.09975961538461539 0.4735576923076923 0.11057692307692307 0.1875
0 0.09615384615384616 0.8137019230769231 0.1045673076923077 0.2091346153846154
0 0.296875 0.140625 0.11298076923076923 0.1935096153846154
0 0.29927884615384615 0.484375 0.125 0.2247596153846154
0 0.296875 0.8052884615384616 0.11538461538461539 0.1935096153846154
0 0.5 0.14543269230769232 0.11538461538461539 0.20072115384615385
0 0.5012019230769231 0.4699519230769231 0.11778846153846154 0.2091346153846154
0 0.5012019230769231 0.8125 0.11298076923076923 0.203125
0 0.6995192307692307 0.15625 0.1045673076923077 0.21153846153846154
0 0.7043269230769231 0.46875 0.11538461538461539 0.20673076923076922
0 0.7007211538461539 0.8149038461538461 0.109375 0.21153846153846154
0 0.9038461538461539 0.15144230769230768 0.11778846153846154 0.2091346153846154
0 0.9098557692307693 0.48197115384615385 0.11057692307692307 0.20673076923076922
0 0.9002403846153846 0.8233173076923077 0.13822115384615385 0.26322115384615385