0 0.375 0.28966346153846156 0.16947115384615385 0.33413461538461536
0 0.1622596153846154 0.4495192307692308 0.0625 0.10096153846153846
0 0.9591346153846154 0.5877403846153846 0.0673076923076923 0.11658653846153846
0 0.7199519230769231 0.5649038461538461 0.06009615384615385 0.10817307692307693
0 0.6658653846153846 0.5216346153846154 0.06490384615384616 0.10576923076923077
0 0.6574519230769231 0.4519230769230769 0.052884615384615384 0.08533653846153846
0 0.8822115384615384 0.4855769230769231 0.06009615384615385 0.09014423076923077
0 0.7560096153846154 0.5036057692307693 0.057692307692307696 0.09495192307692307
0 0.5 0.3473557692307692 0.026442307692307692 0.042067307692307696
0 0.5612980769230769 0.39302884615384615 0.04927884615384615 0.07211538461538461
0 0.07451923076923077 0.6418269230769231 0.078125 0.125
0 0.9519230769230769 0.46033653846153844 0.052884615384615384 0.08533653846153846
0 0.6153846153846154 0.4519230769230769 0.046875 0.07211538461538461
0 0.6526442307692307 0.3918269230769231 0.03125 0.04567307692307692
0 0.8100961538461539 0.46274038461538464 0.055288461538461536 0.08533653846153846
0 0.9134615384615384 0.5288461538461539 0.055288461538461536 0.08533653846153846
0 0.8329326923076923 0.5180288461538461 0.06490384615384616 0.09254807692307693
0 0.002403846153846154 0.001201923076923077 0 0
0 0.8954326923076923 0.4230769230769231 0.04447115384615385 0.06370192307692307
0 0.9086538461538461 0.3798076923076923 0.036057692307692304 0.05048076923076923
0 0.7271634615384616 0.39783653846153844 0.026442307692307692 0.039663461538461536
0 0.9110576923076923 0.5925480769230769 0.055288461538461536 0.09254807692307693