0 0.09014423076923077 0.2127403846153846 0.17908653846153846 0.21153846153846154
0 0.25841346153846156 0.46875 0.20072115384615385 0.21153846153846154
0 0.5504807692307693 0.453125 0.21995192307692307 0.2439903846153846
0 0.75 0.609375 0.18269230769230768 0.18870192307692307
0 0.8665865384615384 0.38461538461538464 0.18269230769230768 0.20192307692307693
0 0.7608173076923077 0.33533653846153844 0.17668269230769232 0.19951923076923078
0 0.3870192307692308 0.2283653846153846 0.14783653846153846 0.15745192307692307
0 0.2548076923076923 0.18389423076923078 0.14182692307692307 0.14182692307692307
0 0.5552884615384616 0.21514423076923078 0.14783653846153846 0.15504807692307693
0 0.13581730769230768 0.04326923076923077 0.08774038461538461 0.08653846153846154
0 0.8004807692307693 0.054086538461538464 0.09375 0.09375
0 0.046875 0.49278846153846156 0.09375 0.20192307692307693
0 0.4387019230769231 0.1502403846153846 0.11658653846153846 0.11778846153846154