0 0.5108173076923077 0.18509615384615385 0.3088942307692308 0.27283653846153844
0 0.29927884615384615 0.6430288461538461 0.06490384615384616 0.06850961538461539
0 0.40384615384615385 0.6225961538461539 0.06129807692307692 0.06850961538461539
0 0.5060096153846154 0.6117788461538461 0.054086538461538464 0.06490384615384616
0 0.6057692307692307 0.6201923076923077 0.06490384615384616 0.06850961538461539
0 0.3858173076923077 0.7367788461538461 0.051682692307692304 0.06490384615384616
0 0.4795673076923077 0.7283653846153846 0.06129807692307692 0.07091346153846154
0 0.5625 0.7319711538461539 0.06129807692307692 0.07572115384615384
0 0.6418269230769231 0.7512019230769231 0.06129807692307692 0.06850961538461539
0 0.6959134615384616 0.7980769230769231 0.06490384615384616 0.07091346153846154
0 0.6995192307692307 0.640625 0.054086538461538464 0.055288461538461536