0 0.34375 0.19230769230769232 0.17067307692307693 0.2824519230769231
0 0.8173076923076923 0.2764423076923077 0.17307692307692307 0.30649038461538464
0 0.025240384615384616 0.17067307692307693 0.042067307692307696 0.08052884615384616
0 0.06610576923076923 0.04567307692307692 0.037259615384615384 0.06129807692307692
0 0.125 0.1622596153846154 0.028846153846153848 0.056490384615384616
0 0.15144230769230768 0.17548076923076922 0.028846153846153848 0.056490384615384616
0 0.10336538461538461 0.33774038461538464 0.04447115384615385 0.07692307692307693
0 0.04807692307692308 0.5144230769230769 0.04927884615384615 0.08052884615384616
0 0.026442307692307692 0.4182692307692308 0.052884615384615384 0.1201923076923077
0 0.5961538461538461 0.3557692307692308 0.039663461538461536 0.07211538461538461
0 0.6935096153846154 0.4987980769230769 0.0625 0.1045673076923077
0 0.6682692307692307 0.052884615384615384 0.042067307692307696 0.06971153846153846
0 0.7427884615384616 0.3737980769230769 0.042067307692307696 0.05889423076923077
0 0.9711538461538461 0.23197115384615385 0.04927884615384615 0.07451923076923077
0 0.515625 0.07451923076923077 0.039663461538461536 0.06370192307692307