0 0.23317307692307693 0.27884615384615385 0.16466346153846154 0.3858173076923077
0 0.47596153846153844 0.36899038461538464 0.11778846153846154 0.26322115384615385
0 0 0.002403846153846154 0 0.001201923076923077
0 0.6189903846153846 0.4387019230769231 0.1310096153846154 0.30649038461538464
0 0.7247596153846154 0.19591346153846154 0.1045673076923077 0.25961538461538464
0 0.6610576923076923 0.15144230769230768 0.0889423076923077 0.1935096153846154
0 0.027644230769230768 0.12620192307692307 0.046875 0.0985576923076923
0 0.09615384615384616 0.09134615384615384 0.046875 0.09134615384615384
0 0.12620192307692307 0.12860576923076922 0.04447115384615385 0.08173076923076923
0 0.14182692307692307 0.24158653846153846 0.06490384615384616 0.13581730769230768
0 0.3425480769230769 0.21995192307692307 0.057692307692307696 0.12379807692307693
0 0.08052884615384616 0.4254807692307692 0.14423076923076922 0.31971153846153844
0 0.5600961538461539 0.14903846153846154 0.052884615384615384 0.09495192307692307
0 0.5600961538461539 0.21514423076923078 0.051682692307692304 0.09134615384615384
0 0.9182692307692307 0.16105769230769232 0.06610576923076923 0.14903846153846154