0 0.09735576923076923 0.43149038461538464 0.19471153846153846 0.38221153846153844
0 0.23798076923076922 0.1935096153846154 0.09735576923076923 0.1814903846153846
0 0.3870192307692308 0.23197115384615385 0.11298076923076923 0.2283653846153846
0 0.7283653846153846 0.5024038461538461 0.24639423076923078 0.49278846153846156
0 0.5540865384615384 0.2127403846153846 0.07091346153846154 0.1346153846153846
0 0.6646634615384616 0.21875 0.07572115384615384 0.13221153846153846
0 0.6418269230769231 0.11177884615384616 0.06009615384615385 0.10216346153846154
0 0.7139423076923077 0.10697115384615384 0.046875 0.09134615384615384
0 0.7596153846153846 0.10817307692307693 0.0733173076923077 0.12620192307692307
0 0.9026442307692307 0.3245192307692308 0.15384615384615385 0.2932692307692308
0 0.8353365384615384 0.06129807692307692 0.04927884615384615 0.08774038461538461
0 0.8966346153846154 0.11778846153846154 0.057692307692307696 0.09975961538461539
0 0.765625 0.04447115384615385 0.046875 0.07572115384615384