0 0.2283653846153846 0.484375 0.15985576923076922 0.32091346153846156
0 0.36177884615384615 0.45552884615384615 0.052884615384615384 0.09975961538461539
0 0.515625 0.41346153846153844 0.03365384615384615 0.0829326923076923
0 0.02283653846153846 0.3894230769230769 0.02403846153846154 0.04807692307692308
0 0.07451923076923077 0.4807692307692308 0.03125 0.057692307692307696
0 0.09495192307692307 0.4855769230769231 0.036057692307692304 0.054086538461538464
0 0.4375 0.47475961538461536 0.03365384615384615 0.0673076923076923
0 0.390625 0.421875 0.046875 0.0733173076923077
0 0.453125 0.4266826923076923 0.028846153846153848 0.04807692307692308
0 0.6526442307692307 0.4387019230769231 0.03365384615384615 0.07091346153846154
0 0.7800480769230769 0.4074519230769231 0.055288461538461536 0.11899038461538461
0 0.8425480769230769 0.3401442307692308 0.08413461538461539 0.18269230769230768